# unix_time, cycles_done, cur_path, paths_total, pending_total, pending_favs, map_size, unique_crashes, unique_hangs, max_depth, execs_per_sec
1700952439, 0, 0, 1, 1, 1, 1.17%, 0, 0, 1, 13.45
1700952445, 0, 0, 24, 24, 1, 3.85%, 0, 0, 2, 23.85
1700952450, 0, 0, 33, 33, 1, 3.85%, 0, 0, 2, 21.70
1700952455, 0, 0, 37, 37, 1, 5.08%, 0, 0, 2, 14.30
1700952460, 0, 0, 42, 42, 1, 5.34%, 0, 0, 2, 12.66
1700952465, 0, 0, 45, 45, 1, 5.34%, 0, 0, 2, 12.78
1700952470, 0, 0, 47, 47, 1, 5.34%, 0, 0, 2, 10.99
1700952475, 0, 0, 51, 51, 1, 5.37%, 0, 0, 2, 10.51
1700952480, 0, 0, 54, 54, 1, 5.58%, 0, 0, 2, 10.93
1700952485, 0, 0, 55, 55, 1, 5.58%, 0, 0, 2, 10.59
1700952491, 0, 0, 58, 58, 1, 5.60%, 0, 0, 2, 10.03
1700952496, 0, 0, 63, 63, 1, 5.72%, 0, 0, 2, 11.94
1700952501, 0, 0, 64, 64, 1, 5.72%, 0, 0, 2, 9.66
1700952506, 0, 0, 67, 67, 1, 5.73%, 0, 0, 2, 10.27
1700952516, 0, 0, 69, 69, 1, 5.77%, 0, 0, 2, 9.76
1700952521, 0, 0, 72, 72, 1, 5.78%, 0, 0, 2, 10.02
1700952526, 0, 0, 73, 73, 1, 5.78%, 0, 0, 2, 9.29
1700952532, 0, 0, 74, 74, 1, 5.78%, 0, 0, 2, 9.65
1700952537, 0, 0, 78, 78, 1, 5.79%, 0, 0, 2, 12.44
1700952542, 0, 0, 82, 82, 1, 5.83%, 0, 0, 2, 12.06
1700952547, 0, 0, 85, 85, 1, 5.85%, 0, 0, 2, 11.19
1700952552, 0, 0, 87, 87, 1, 5.86%, 0, 0, 2, 26.40
1700952567, 0, 5, 87, 86, 30, 5.86%, 0, 0, 2, 39.45
1700952589, 0, 23, 87, 85, 28, 5.86%, 0, 0, 2, 2.40
1700952599, 0, 34, 92, 89, 27, 5.91%, 0, 0, 3, 9.36
1700952604, 0, 34, 97, 94, 27, 6.02%, 0, 0, 3, 11.60
1700952614, 0, 34, 100, 97, 27, 6.06%, 0, 0, 3, 9.61
1700952619, 0, 34, 102, 99, 27, 6.06%, 0, 0, 3, 9.80
1700952625, 0, 34, 104, 101, 27, 6.07%, 0, 0, 3, 11.28
1700952630, 0, 34, 106, 103, 27, 6.08%, 0, 0, 3, 10.59
1700952635, 0, 34, 112, 109, 27, 6.13%, 0, 0, 3, 11.27
1700952640, 0, 34, 116, 113, 27, 6.14%, 0, 0, 3, 11.91
1700952645, 0, 34, 121, 118, 27, 6.17%, 0, 0, 3, 13.36
1700952650, 0, 34, 124, 121, 27, 6.18%, 0, 0, 3, 12.47
1700952661, 0, 34, 129, 126, 27, 6.20%, 0, 0, 3, 12.07
1700952666, 0, 34, 134, 131, 27, 6.21%, 0, 0, 3, 11.47
1700952671, 0, 34, 136, 133, 27, 6.23%, 0, 0, 3, 9.56
1700952676, 0, 34, 141, 138, 27, 6.24%, 0, 0, 3, 11.76
1700952681, 0, 34, 145, 142, 27, 6.27%, 0, 0, 3, 12.26
1700952686, 0, 34, 149, 146, 27, 6.29%, 0, 0, 3, 10.80
1700952692, 0, 34, 151, 148, 27, 6.29%, 0, 0, 3, 9.90
1700952697, 0, 34, 153, 150, 27, 6.30%, 0, 0, 3, 10.90
1700952702, 0, 34, 156, 153, 27, 6.32%, 0, 0, 3, 11.23
1700952707, 0, 34, 160, 157, 27, 6.34%, 0, 0, 3, 11.16
1700952712, 0, 34, 163, 160, 27, 6.34%, 0, 0, 3, 11.38
1700952717, 0, 34, 165, 162, 27, 6.35%, 0, 0, 3, 11.60
1700952722, 0, 34, 169, 166, 27, 6.36%, 0, 0, 3, 11.12
1700952727, 0, 34, 170, 167, 27, 6.37%, 0, 0, 3, 11.26
1700952733, 0, 34, 172, 169, 27, 6.37%, 0, 0, 3, 11.15
1700952738, 0, 34, 173, 170, 27, 6.37%, 0, 0, 3, 9.89
1700952743, 0, 34, 175, 172, 27, 6.37%, 0, 0, 3, 10.28
1700952758, 0, 34, 176, 173, 27, 6.37%, 0, 0, 3, 10.34
1700952774, 0, 34, 178, 175, 27, 6.37%, 0, 0, 3, 11.38
1700952779, 0, 34, 181, 178, 27, 6.38%, 0, 0, 3, 11.05
1700952784, 0, 34, 183, 180, 27, 6.40%, 0, 0, 3, 11.56
1700952789, 0, 34, 184, 181, 27, 6.40%, 0, 0, 3, 11.27
1700952799, 0, 34, 185, 182, 27, 6.40%, 0, 0, 3, 9.93
1700952804, 0, 34, 187, 184, 27, 6.40%, 0, 0, 3, 9.43
1700952810, 0, 34, 188, 185, 27, 6.40%, 0, 0, 3, 10.92
1700952815, 0, 34, 190, 187, 27, 6.40%, 0, 0, 3, 11.81
1700952820, 0, 34, 192, 189, 27, 6.43%, 0, 0, 3, 11.04
1700952836, 0, 34, 194, 191, 27, 6.43%, 0, 0, 3, 9.84
1700952841, 0, 34, 196, 193, 27, 6.43%, 0, 0, 3, 9.62
1700952846, 0, 34, 199, 196, 27, 6.43%, 0, 0, 3, 10.95
1700952851, 0, 34, 200, 197, 27, 6.43%, 0, 0, 3, 11.46
1700952861, 0, 34, 201, 198, 27, 6.46%, 0, 0, 3, 11.43
1700952866, 0, 34, 203, 200, 27, 6.46%, 0, 0, 3, 12.56
1700952871, 0, 34, 204, 201, 27, 6.46%, 0, 0, 3, 12.10
1700952876, 0, 34, 205, 202, 27, 6.46%, 0, 0, 3, 10.40
1700952882, 0, 34, 208, 205, 27, 6.47%, 0, 0, 3, 10.73
1700952887, 0, 34, 209, 206, 27, 6.47%, 0, 0, 3, 10.22
1700952897, 0, 34, 211, 208, 27, 6.47%, 0, 0, 3, 11.66
1700952907, 0, 34, 212, 209, 27, 6.47%, 0, 0, 3, 11.08
1700952912, 0, 34, 213, 210, 27, 6.47%, 0, 0, 3, 11.09
1700952917, 0, 34, 214, 211, 27, 6.47%, 0, 0, 3, 10.42
1700952923, 0, 34, 216, 213, 27, 6.54%, 0, 0, 3, 12.04
1700952928, 0, 34, 218, 215, 27, 6.54%, 0, 0, 3, 11.46
1700952938, 0, 34, 219, 216, 27, 6.54%, 0, 0, 3, 9.97
1700952948, 0, 34, 220, 217, 27, 6.54%, 0, 0, 3, 10.24
1700952953, 0, 34, 221, 218, 27, 6.54%, 0, 0, 3, 10.95
1700952959, 0, 34, 222, 219, 27, 6.54%, 0, 0, 3, 10.81
1700952969, 0, 34, 225, 222, 27, 6.55%, 0, 0, 3, 11.89
1700952979, 0, 34, 226, 223, 27, 6.55%, 0, 0, 3, 11.90
1700952984, 0, 34, 227, 224, 27, 6.55%, 0, 0, 3, 11.28
1700952999, 0, 34, 230, 227, 27, 6.55%, 0, 0, 3, 11.70
1700953015, 0, 34, 231, 228, 27, 6.55%, 0, 0, 3, 11.39
1700953025, 0, 34, 232, 229, 27, 6.56%, 0, 0, 3, 12.32
1700953030, 0, 34, 233, 230, 27, 6.56%, 0, 0, 3, 12.06
1700953035, 0, 34, 234, 231, 27, 6.56%, 0, 0, 3, 10.34
1700953051, 0, 34, 235, 232, 27, 6.56%, 0, 0, 3, 11.68
1700953061, 0, 34, 236, 233, 27, 6.56%, 0, 0, 3, 11.91
1700953066, 0, 34, 239, 236, 27, 6.56%, 0, 0, 3, 11.69
1700953071, 0, 34, 241, 238, 27, 6.58%, 0, 0, 3, 12.02
1700953102, 0, 34, 244, 241, 27, 6.58%, 0, 0, 3, 8.79
1700953107, 0, 34, 246, 243, 27, 6.64%, 0, 0, 3, 10.68
1700953118, 0, 34, 247, 244, 27, 6.64%, 0, 0, 3, 11.85
1700953123, 0, 34, 248, 245, 27, 6.89%, 0, 0, 3, 11.50
1700953128, 0, 34, 249, 246, 27, 6.89%, 0, 0, 3, 11.41
1700953133, 0, 34, 250, 247, 27, 6.89%, 0, 0, 3, 11.44
1700953153, 0, 34, 252, 249, 27, 6.89%, 0, 0, 3, 11.21
1700953174, 0, 34, 253, 250, 27, 6.89%, 0, 0, 3, 10.03
1700953190, 0, 34, 254, 251, 27, 6.89%, 0, 0, 3, 9.23
1700953195, 0, 34, 255, 252, 27, 6.89%, 0, 0, 3, 9.69
1700953200, 0, 34, 256, 253, 27, 6.90%, 0, 0, 3, 10.63
1700953246, 0, 34, 257, 254, 27, 6.90%, 0, 0, 3, 10.36
1700953251, 0, 34, 258, 255, 27, 6.90%, 0, 0, 3, 10.65
1700953256, 0, 34, 259, 256, 27, 6.90%, 0, 0, 3, 10.54
1700953267, 0, 34, 261, 258, 27, 6.91%, 0, 0, 3, 10.86
1700953282, 0, 34, 262, 259, 27, 6.94%, 0, 0, 3, 8.95
1700953287, 0, 34, 263, 260, 27, 6.94%, 0, 0, 3, 10.38
1700953302, 0, 34, 264, 261, 27, 6.95%, 0, 0, 3, 10.53
1700953307, 0, 34, 265, 262, 27, 6.95%, 0, 0, 3, 10.43
1700953353, 0, 34, 266, 263, 27, 6.95%, 0, 0, 3, 10.19
1700953364, 0, 34, 267, 264, 27, 6.95%, 0, 0, 3, 10.37
1700953370, 0, 36, 267, 263, 98, 6.95%, 0, 0, 3, 9.90
1700953380, 0, 36, 268, 264, 98, 6.96%, 0, 0, 3, 13.53
1700953426, 0, 36, 269, 265, 98, 7.08%, 0, 0, 3, 14.17
1700953498, 0, 36, 270, 266, 98, 7.10%, 0, 0, 3, 13.32
1700953575, 0, 36, 271, 267, 98, 7.10%, 0, 0, 3, 13.18
1700953964, 0, 36, 272, 268, 98, 7.10%, 0, 0, 3, 14.15
1700953975, 0, 36, 273, 269, 98, 7.10%, 0, 0, 3, 14.76
1700953985, 0, 36, 274, 270, 98, 7.10%, 0, 0, 3, 11.82
1700953990, 0, 36, 275, 271, 98, 7.10%, 0, 0, 3, 13.00
1700954323, 0, 36, 277, 273, 98, 7.12%, 0, 0, 3, 15.87
1700954379, 0, 36, 282, 278, 98, 7.18%, 0, 0, 3, 15.72
1700954507, 0, 36, 283, 279, 98, 7.18%, 0, 0, 3, 15.95
1700954533, 0, 36, 284, 280, 98, 7.18%, 0, 0, 3, 15.69
1700954738, 0, 36, 285, 281, 98, 7.18%, 0, 0, 3, 16.10
1700954743, 0, 36, 286, 282, 98, 7.18%, 0, 0, 3, 14.83
1700954748, 0, 36, 289, 285, 98, 7.18%, 0, 0, 3, 13.86
1700954754, 0, 36, 292, 288, 98, 7.18%, 0, 0, 3, 13.59
1700954759, 0, 36, 295, 291, 98, 7.18%, 0, 0, 3, 13.16
1700954764, 0, 36, 297, 293, 98, 7.18%, 0, 0, 3, 12.78
1700954769, 0, 36, 299, 295, 98, 7.19%, 0, 0, 3, 13.34
1700954774, 0, 36, 301, 297, 98, 7.19%, 0, 0, 3, 13.92
1700954779, 0, 36, 303, 299, 98, 7.19%, 0, 0, 3, 13.85
1700954800, 0, 36, 305, 301, 98, 7.19%, 0, 0, 3, 13.91
1700954805, 0, 36, 308, 304, 98, 7.26%, 0, 0, 3, 15.31
1700954810, 0, 36, 310, 306, 98, 7.26%, 0, 0, 3, 13.46
1700954815, 0, 36, 311, 307, 98, 7.26%, 0, 0, 3, 11.45
1700954820, 0, 36, 313, 309, 98, 7.26%, 0, 0, 3, 13.00
1700954825, 0, 36, 314, 310, 98, 7.26%, 0, 0, 3, 12.63
1700954831, 0, 36, 316, 312, 98, 7.26%, 0, 0, 3, 13.78
1700954836, 0, 36, 317, 313, 98, 7.26%, 0, 0, 3, 13.88
1700954841, 0, 36, 318, 314, 98, 7.27%, 0, 0, 3, 13.33
1700954876, 0, 36, 321, 317, 98, 7.27%, 0, 0, 3, 13.34
1700954881, 0, 36, 322, 318, 98, 7.27%, 0, 0, 3, 13.37
1700954892, 0, 36, 323, 319, 98, 7.28%, 0, 0, 3, 13.84
1700954897, 0, 36, 325, 321, 98, 7.28%, 0, 0, 3, 13.97
1700954902, 0, 36, 326, 322, 98, 7.28%, 0, 0, 3, 13.30
1700954907, 0, 36, 327, 323, 98, 7.28%, 0, 0, 3, 13.41
1700954912, 0, 36, 328, 324, 98, 7.28%, 0, 0, 3, 13.69
1700954927, 0, 36, 329, 325, 98, 7.28%, 0, 0, 3, 13.30
1700954933, 0, 36, 330, 326, 98, 7.28%, 0, 0, 3, 11.56
1700954953, 0, 36, 331, 327, 98, 7.28%, 0, 0, 3, 12.92
1700954968, 0, 36, 333, 329, 98, 7.28%, 0, 0, 3, 11.73
1700954973, 0, 36, 335, 331, 98, 7.28%, 0, 0, 3, 12.62
1700954984, 0, 36, 336, 332, 98, 7.28%, 0, 0, 3, 13.72
1700954989, 0, 36, 337, 333, 98, 7.28%, 0, 0, 3, 14.04
1700954999, 0, 36, 338, 334, 98, 7.28%, 0, 0, 3, 15.02
1700955004, 0, 36, 340, 336, 98, 7.29%, 0, 0, 3, 14.66
1700955009, 0, 36, 341, 337, 98, 7.29%, 0, 0, 3, 13.95
1700955014, 0, 36, 342, 338, 98, 7.29%, 0, 0, 3, 13.96
1700955029, 0, 36, 343, 339, 98, 7.29%, 0, 0, 3, 14.64
1700955040, 0, 36, 344, 340, 98, 7.29%, 0, 0, 3, 13.90
1700955050, 0, 36, 345, 341, 98, 7.29%, 0, 0, 3, 14.54
1700955065, 0, 36, 346, 342, 98, 7.29%, 0, 0, 3, 14.18
1700955101, 0, 36, 347, 343, 98, 7.29%, 0, 0, 3, 13.90
1700955111, 0, 36, 348, 344, 98, 7.29%, 0, 0, 3, 12.36
1700955122, 0, 36, 349, 345, 98, 7.29%, 0, 0, 3, 12.39
1700955137, 0, 36, 350, 346, 98, 7.29%, 0, 0, 3, 13.58
1700955163, 0, 36, 351, 347, 98, 7.36%, 0, 0, 3, 12.69
1700955188, 0, 36, 352, 348, 98, 7.36%, 0, 0, 3, 13.37
1700955193, 0, 36, 353, 349, 98, 7.36%, 0, 0, 3, 13.14
1700955209, 0, 36, 354, 350, 98, 7.37%, 0, 0, 3, 13.47
1700955214, 0, 36, 356, 352, 98, 7.37%, 0, 0, 3, 14.33
1700955229, 0, 36, 357, 353, 98, 7.37%, 0, 0, 3, 13.39
1700955234, 0, 36, 358, 354, 98, 7.38%, 0, 0, 3, 13.70
1700955255, 0, 36, 359, 355, 98, 7.38%, 0, 0, 3, 11.93
1700955265, 0, 36, 360, 356, 98, 7.38%, 0, 0, 3, 12.31
1700955270, 0, 36, 361, 357, 98, 7.38%, 0, 0, 3, 12.05
1700955275, 0, 37, 361, 356, 111, 7.38%, 0, 0, 3, 11.07
1700955285, 0, 37, 363, 358, 111, 7.39%, 0, 0, 3, 10.23
1700955301, 0, 37, 366, 361, 111, 7.39%, 0, 0, 3, 12.15
1700955311, 0, 37, 368, 363, 111, 7.53%, 0, 0, 3, 9.55
1700955316, 0, 37, 369, 364, 111, 7.53%, 0, 0, 3, 9.51
1700955331, 0, 37, 370, 365, 111, 7.54%, 0, 0, 3, 10.26
1700955347, 0, 37, 371, 366, 111, 7.54%, 0, 0, 3, 12.01
1700955388, 0, 37, 372, 367, 111, 7.54%, 0, 0, 3, 12.96
1700955419, 0, 37, 373, 368, 111, 7.55%, 0, 0, 3, 9.29
1700955546, 0, 37, 377, 372, 111, 7.56%, 0, 0, 3, 11.60
1700956151, 0, 37, 378, 373, 111, 7.57%, 0, 0, 3, 10.93
1700956156, 0, 37, 379, 374, 111, 7.57%, 0, 0, 3, 9.56
1700956212, 0, 37, 382, 377, 111, 7.60%, 0, 0, 3, 9.46
1700956217, 0, 37, 384, 379, 111, 7.60%, 0, 0, 3, 9.22
1700956248, 0, 37, 386, 381, 111, 7.61%, 0, 0, 3, 9.47
1700956391, 0, 37, 389, 384, 111, 7.62%, 0, 0, 3, 12.66
1700956397, 0, 37, 390, 385, 111, 7.62%, 0, 1, 3, 10.43
1700956402, 0, 37, 391, 386, 111, 7.63%, 0, 1, 3, 9.97
1700956407, 0, 37, 393, 388, 111, 7.63%, 0, 1, 3, 10.14
1700956417, 0, 37, 394, 389, 111, 7.63%, 0, 1, 3, 11.01
1700956427, 0, 37, 395, 390, 111, 7.67%, 0, 1, 3, 11.00
1700956453, 0, 37, 396, 391, 111, 7.67%, 0, 1, 3, 10.84
1700956473, 0, 37, 397, 392, 111, 7.67%, 0, 1, 3, 11.05
1700956478, 0, 37, 398, 393, 111, 7.67%, 0, 1, 3, 10.95
1700956483, 0, 37, 399, 394, 111, 7.69%, 0, 1, 3, 9.73
1700956504, 0, 37, 400, 395, 111, 7.70%, 0, 1, 3, 11.19
1700956519, 0, 37, 403, 398, 111, 7.70%, 0, 1, 3, 10.67
1700956524, 0, 37, 404, 399, 111, 7.70%, 0, 1, 3, 11.15
1700956529, 0, 37, 405, 400, 111, 7.70%, 0, 1, 3, 9.91
1700956591, 0, 37, 406, 401, 111, 7.70%, 0, 1, 3, 11.04
1700956617, 0, 37, 407, 402, 111, 7.70%, 0, 1, 3, 11.41
1700956627, 0, 37, 408, 403, 111, 7.70%, 0, 1, 3, 11.36
1700956642, 0, 37, 409, 404, 111, 7.75%, 0, 1, 3, 11.67
1700956719, 0, 37, 410, 405, 111, 7.75%, 0, 1, 3, 10.26
1700956735, 0, 37, 411, 406, 111, 7.75%, 0, 1, 3, 11.16
1700956740, 0, 51, 411, 405, 129, 7.75%, 0, 1, 3, 1.12
1700956745, 0, 51, 412, 406, 129, 7.75%, 0, 1, 3, 12.32
1700956771, 0, 51, 413, 407, 129, 7.75%, 0, 1, 3, 14.87
1700956776, 0, 51, 414, 408, 129, 7.75%, 0, 1, 3, 18.17
1700956822, 0, 51, 415, 409, 129, 7.76%, 0, 1, 3, 9.77
1700956950, 0, 51, 416, 410, 129, 7.76%, 0, 1, 3, 14.73
1700957201, 0, 51, 417, 411, 129, 7.76%, 0, 1, 3, 16.44
1700957303, 0, 52, 417, 410, 133, 7.76%, 0, 1, 3, 17.34
1700957308, 0, 52, 418, 411, 133, 7.76%, 0, 1, 3, 15.46
1700957604, 0, 52, 419, 412, 133, 7.76%, 0, 1, 3, 24.09
1700957921, 0, 52, 420, 413, 133, 7.76%, 0, 1, 3, 22.28
1700957992, 0, 52, 421, 414, 133, 7.77%, 0, 1, 3, 18.58
1700958109, 0, 57, 421, 413, 134, 7.77%, 0, 1, 3, 11.99
1700958144, 0, 58, 421, 412, 133, 7.77%, 0, 1, 3, 12.92
1700958231, 0, 58, 422, 413, 133, 7.77%, 0, 1, 3, 21.88
1700958507, 0, 58, 423, 414, 133, 7.77%, 0, 1, 3, 19.57
1700958522, 0, 58, 424, 415, 133, 7.77%, 0, 1, 3, 15.75
1700958604, 0, 58, 425, 416, 133, 7.77%, 0, 1, 3, 13.57
1700958614, 0, 58, 426, 417, 133, 7.77%, 0, 1, 3, 13.57
1700958666, 0, 58, 427, 418, 133, 7.77%, 0, 1, 3, 14.86
1700958691, 0, 58, 428, 419, 133, 7.77%, 0, 1, 3, 13.91
1700958784, 0, 58, 429, 420, 133, 7.77%, 0, 1, 3, 13.62
1700958799, 0, 58, 430, 421, 133, 7.77%, 0, 1, 3, 12.86
1700958804, 0, 58, 431, 422, 133, 7.78%, 0, 1, 3, 13.50
1700958891, 0, 58, 432, 423, 133, 7.78%, 0, 1, 3, 14.08
1700958963, 0, 58, 433, 424, 133, 7.78%, 0, 1, 3, 10.95
1700958968, 0, 60, 433, 423, 131, 7.78%, 0, 1, 3, 11.71
1700958999, 0, 60, 434, 424, 131, 7.78%, 0, 1, 3, 26.08
1700959055, 0, 60, 435, 425, 131, 7.78%, 0, 1, 3, 23.64
1700959351, 0, 60, 436, 426, 131, 7.79%, 0, 1, 3, 23.30
1700959423, 0, 61, 436, 425, 132, 7.79%, 0, 1, 3, 16.74
1700959433, 0, 61, 437, 426, 132, 7.80%, 0, 1, 3, 20.76
1700959658, 0, 65, 437, 425, 132, 7.80%, 0, 1, 3, 12.08
1700959674, 0, 65, 438, 426, 132, 7.80%, 0, 1, 3, 12.00
1700959694, 0, 65, 439, 427, 132, 7.80%, 0, 1, 3, 10.22
1700959720, 0, 65, 440, 428, 132, 7.80%, 0, 1, 3, 10.96
1700959735, 0, 65, 441, 429, 132, 7.80%, 0, 1, 3, 11.74
1700959787, 0, 65, 442, 430, 132, 7.80%, 0, 1, 3, 11.87
1700959863, 0, 65, 443, 431, 132, 7.80%, 0, 1, 3, 10.13
1700959950, 0, 65, 444, 432, 132, 7.80%, 0, 1, 3, 8.97
1700960114, 0, 67, 444, 431, 134, 7.80%, 0, 1, 3, 16.98
1700960764, 0, 69, 444, 430, 133, 7.80%, 0, 1, 3, 12.37
1700960805, 0, 76, 444, 429, 132, 7.80%, 0, 1, 3, 15.20
1700960810, 0, 76, 445, 430, 132, 7.80%, 0, 1, 3, 23.37
1700960851, 0, 76, 446, 431, 132, 7.80%, 0, 1, 3, 27.97
1700960948, 0, 76, 447, 432, 132, 7.80%, 0, 1, 3, 26.81
1700960974, 0, 76, 448, 433, 132, 7.80%, 0, 1, 3, 27.17
1700960979, 0, 76, 449, 434, 132, 7.80%, 0, 1, 3, 27.85
1700961428, 0, 76, 451, 436, 132, 7.81%, 0, 1, 3, 25.47
1700961536, 0, 76, 453, 438, 132, 7.81%, 0, 1, 3, 19.13
1700961705, 0, 76, 454, 439, 132, 7.81%, 0, 1, 3, 15.55
1700961710, 0, 76, 455, 440, 132, 7.81%, 0, 1, 3, 15.27
1700961720, 0, 76, 456, 441, 132, 7.81%, 0, 1, 3, 14.46
1700961740, 0, 76, 457, 442, 132, 7.83%, 0, 1, 3, 16.14
1700961746, 0, 76, 458, 443, 132, 7.84%, 0, 1, 3, 16.06
1700961761, 0, 76, 459, 444, 132, 7.84%, 0, 1, 3, 18.24
1700961766, 0, 76, 460, 445, 132, 7.84%, 0, 1, 3, 16.78
1700961771, 0, 76, 462, 447, 132, 7.88%, 0, 1, 3, 16.26
1700961781, 0, 76, 464, 449, 132, 7.88%, 0, 1, 3, 14.70
1700961796, 0, 76, 465, 450, 132, 7.88%, 0, 1, 3, 13.86
1700961802, 0, 76, 466, 451, 132, 7.88%, 0, 1, 3, 12.04
1700961899, 0, 76, 467, 452, 132, 7.89%, 0, 1, 3, 17.45
1700961904, 0, 76, 468, 453, 132, 7.89%, 0, 1, 3, 16.93
1700961909, 0, 76, 469, 454, 132, 7.89%, 0, 1, 3, 16.98
1700961919, 0, 76, 470, 455, 132, 7.90%, 0, 1, 3, 15.98
1700961924, 0, 76, 471, 456, 132, 7.90%, 0, 1, 3, 16.57
1700961940, 0, 76, 472, 457, 132, 7.90%, 0, 1, 3, 16.67
1700961945, 0, 77, 472, 456, 140, 7.90%, 0, 1, 3, 16.03
1700962022, 0, 77, 473, 457, 140, 7.90%, 0, 1, 3, 25.91
1700962053, 0, 77, 475, 459, 140, 7.90%, 0, 1, 3, 27.09
1700962366, 0, 77, 476, 460, 140, 7.90%, 0, 1, 3, 18.89
1700962397, 0, 77, 477, 461, 140, 7.90%, 0, 1, 3, 13.51
1700962407, 0, 77, 478, 462, 140, 7.91%, 0, 1, 3, 15.03
1700962458, 0, 77, 479, 463, 140, 7.91%, 0, 1, 3, 15.23
1700962483, 0, 77, 481, 465, 140, 7.91%, 0, 1, 3, 14.02
1700962488, 0, 77, 482, 466, 140, 7.91%, 0, 1, 3, 13.99
1700962509, 0, 77, 484, 468, 140, 7.91%, 0, 1, 3, 16.01
1700962529, 0, 77, 485, 469, 140, 7.91%, 0, 1, 3, 16.06
1700962549, 0, 77, 486, 470, 140, 7.91%, 0, 1, 3, 13.51
1700962570, 0, 77, 487, 471, 140, 7.91%, 0, 1, 3, 16.34
1700962621, 0, 81, 487, 470, 143, 7.91%, 0, 1, 3, 12.73
1700962662, 0, 89, 487, 469, 142, 7.91%, 0, 1, 3, 10.27
1700962698, 0, 98, 487, 468, 141, 7.91%, 0, 1, 3, 4.86
1700962723, 0, 98, 489, 470, 141, 7.91%, 0, 1, 4, 11.13
1700962729, 0, 98, 490, 471, 141, 7.91%, 0, 1, 4, 10.90
1700962785, 0, 98, 491, 472, 141, 7.91%, 0, 1, 4, 11.91
1700962795, 0, 98, 492, 473, 141, 7.92%, 0, 1, 4, 12.45
1700962805, 0, 98, 493, 474, 141, 7.92%, 0, 1, 4, 11.53
1700962836, 0, 98, 494, 475, 141, 7.92%, 0, 1, 4, 11.12
1700962877, 0, 98, 495, 476, 141, 7.92%, 0, 1, 4, 11.33
1700962913, 0, 98, 496, 477, 141, 7.92%, 0, 1, 4, 11.91
1700962928, 0, 98, 497, 478, 141, 7.92%, 0, 1, 4, 12.17
1700962944, 0, 98, 498, 479, 141, 7.92%, 0, 1, 4, 12.51
1700962969, 0, 98, 499, 480, 141, 7.92%, 0, 1, 4, 9.86
1700963030, 0, 98, 501, 482, 141, 7.92%, 0, 1, 4, 11.70
1700963046, 0, 98, 502, 483, 141, 7.92%, 0, 1, 4, 11.20
1700963051, 0, 98, 503, 484, 141, 7.92%, 0, 1, 4, 11.65
1700963112, 0, 98, 505, 486, 141, 7.93%, 0, 1, 4, 10.88
1700963133, 0, 98, 506, 487, 141, 7.93%, 0, 1, 4, 11.88
1700963179, 0, 108, 506, 486, 145, 7.93%, 0, 1, 4, 10.08
1700963204, 0, 112, 506, 485, 144, 7.93%, 0, 1, 4, 10.11
1700963256, 0, 114, 506, 484, 143, 7.93%, 0, 1, 4, 11.13
1700963435, 0, 116, 506, 483, 142, 7.93%, 0, 1, 4, 11.72
1700963625, 0, 116, 507, 484, 142, 7.94%, 0, 1, 4, 11.52
1700963706, 0, 117, 508, 484, 142, 7.94%, 0, 1, 4, 13.56
1700963727, 0, 117, 509, 485, 142, 7.94%, 0, 1, 4, 15.19
1700963788, 0, 117, 510, 486, 142, 7.94%, 0, 1, 4, 13.90
1700963798, 0, 117, 511, 487, 142, 7.94%, 0, 1, 4, 14.26
1700964105, 0, 117, 512, 488, 142, 7.96%, 0, 1, 4, 16.44
1700964315, 0, 118, 512, 487, 145, 7.96%, 0, 1, 4, 12.19
1700964336, 0, 123, 512, 486, 144, 7.96%, 0, 1, 4, 12.15
1700964361, 0, 123, 513, 487, 144, 7.96%, 0, 1, 4, 13.00
1700964387, 0, 123, 514, 488, 144, 7.96%, 0, 1, 4, 11.60
1700964428, 0, 124, 514, 487, 143, 7.96%, 0, 1, 4, 11.79
1700964434, 0, 124, 515, 488, 143, 7.96%, 0, 1, 4, 11.16
1700964444, 0, 124, 516, 489, 143, 7.96%, 0, 1, 4, 12.75
1700964459, 0, 124, 517, 490, 143, 7.96%, 0, 1, 4, 11.07
1700964464, 0, 124, 518, 491, 143, 7.96%, 0, 1, 4, 12.22
1700964506, 0, 124, 519, 492, 143, 7.96%, 0, 1, 4, 12.90
1700964858, 0, 124, 520, 493, 143, 7.96%, 0, 1, 4, 12.67
1700964986, 0, 125, 520, 492, 142, 7.96%, 0, 1, 4, 12.49
1700965277, 0, 128, 520, 491, 141, 7.96%, 0, 1, 4, 12.73
1700965338, 0, 129, 520, 490, 140, 7.96%, 0, 1, 4, 12.55
1700965358, 0, 130, 520, 489, 139, 7.96%, 0, 1, 4, 13.88
1700965645, 0, 130, 521, 490, 139, 7.97%, 0, 1, 4, 12.14
1700965676, 0, 137, 521, 489, 139, 7.97%, 0, 1, 4, 11.58
1700965686, 0, 137, 522, 490, 139, 7.97%, 0, 1, 4, 11.18
1700965716, 0, 139, 522, 489, 138, 7.97%, 0, 1, 4, 10.61
1700965859, 0, 139, 523, 490, 138, 7.97%, 0, 1, 4, 12.62
1700966561, 0, 141, 523, 489, 137, 7.97%, 0, 1, 4, 14.77
1700966648, 0, 141, 524, 490, 137, 7.97%, 0, 1, 4, 16.30
1700967088, 0, 141, 525, 491, 137, 7.97%, 0, 1, 4, 15.58
1700967134, 0, 141, 526, 492, 137, 7.97%, 0, 1, 4, 16.62
1700967241, 0, 142, 526, 491, 138, 7.97%, 0, 1, 4, 13.27
1700967267, 0, 142, 527, 492, 138, 7.97%, 0, 1, 4, 12.83
1700967308, 0, 145, 527, 491, 137, 7.97%, 0, 1, 4, 12.22
1700967670, 0, 148, 527, 490, 136, 7.97%, 0, 1, 4, 10.74
1700967691, 0, 148, 528, 491, 136, 8.00%, 0, 1, 4, 10.65
1700967757, 0, 148, 529, 492, 136, 8.01%, 0, 1, 4, 12.14
1700968080, 0, 149, 529, 491, 137, 8.01%, 0, 1, 4, 12.83
1700968479, 0, 149, 530, 492, 137, 8.01%, 0, 1, 4, 12.40
1700968499, 0, 155, 530, 491, 136, 8.01%, 0, 1, 4, 13.14
1700968530, 0, 158, 530, 490, 135, 8.01%, 0, 1, 4, 12.78
1700968612, 0, 165, 530, 489, 134, 8.01%, 0, 1, 4, 11.50
1700968960, 0, 166, 530, 488, 133, 8.01%, 0, 1, 4, 12.97
1700968976, 0, 166, 531, 489, 133, 8.01%, 0, 1, 4, 12.57
1700969006, 0, 167, 531, 488, 132, 8.01%, 0, 1, 4, 10.29
1700969017, 0, 167, 532, 489, 132, 8.01%, 0, 1, 4, 11.08
1700969042, 0, 168, 532, 488, 132, 8.01%, 0, 1, 4, 10.57
1700969094, 0, 169, 532, 487, 131, 8.01%, 0, 1, 4, 10.93
1700969125, 0, 169, 533, 488, 131, 8.05%, 0, 1, 4, 11.58
1700969171, 0, 169, 534, 489, 131, 8.06%, 0, 1, 4, 11.39
1700969366, 0, 169, 535, 490, 131, 8.06%, 0, 1, 4, 11.15
1700969402, 0, 169, 536, 491, 131, 8.06%, 0, 1, 4, 11.34
1700969474, 0, 169, 537, 492, 131, 8.06%, 0, 1, 4, 13.39
1700969479, 0, 169, 539, 494, 131, 8.07%, 0, 1, 4, 13.53
1700969494, 0, 169, 541, 496, 131, 8.07%, 0, 1, 4, 12.74
1700969504, 0, 169, 542, 497, 131, 8.08%, 0, 1, 4, 13.03
1700969520, 0, 169, 543, 498, 131, 8.08%, 0, 1, 4, 10.21
1700969525, 0, 169, 544, 499, 131, 8.08%, 0, 1, 4, 10.19
1700969628, 0, 169, 545, 500, 131, 8.08%, 0, 1, 4, 12.64
1700969649, 0, 169, 546, 501, 131, 8.08%, 0, 1, 4, 11.86
1700969680, 0, 169, 547, 502, 131, 8.08%, 0, 1, 4, 12.68
1700969710, 0, 169, 548, 503, 131, 8.08%, 0, 1, 4, 11.89
1700969721, 0, 169, 549, 504, 131, 8.08%, 0, 1, 4, 11.10
1700969736, 0, 169, 550, 505, 131, 8.09%, 0, 1, 4, 11.29
1700969747, 0, 169, 551, 506, 131, 8.09%, 0, 1, 4, 11.24
1700969787, 0, 169, 552, 507, 131, 8.09%, 0, 1, 4, 12.15
1700969792, 0, 169, 553, 508, 131, 8.09%, 0, 1, 4, 11.53
1700969854, 0, 169, 554, 509, 131, 8.09%, 0, 1, 4, 12.87
1700969951, 0, 169, 555, 510, 131, 8.11%, 0, 1, 4, 11.21
1700970044, 0, 170, 555, 509, 139, 8.11%, 0, 1, 4, 12.68
1700970207, 0, 180, 555, 508, 138, 8.11%, 0, 1, 4, 11.81
1700970454, 0, 181, 555, 507, 137, 8.11%, 0, 1, 4, 11.77
1700970587, 0, 181, 556, 508, 137, 8.11%, 0, 1, 4, 11.84
1700970608, 0, 182, 556, 507, 136, 8.11%, 0, 1, 4, 14.12
1700970823, 0, 182, 557, 508, 136, 8.11%, 0, 1, 4, 15.90
1700970879, 0, 182, 559, 510, 136, 8.12%, 0, 1, 4, 12.65
1700970884, 0, 182, 560, 511, 136, 8.13%, 0, 1, 4, 14.08
1700970905, 0, 183, 560, 510, 137, 8.13%, 0, 1, 4, 11.68
1700970941, 0, 183, 562, 512, 137, 8.13%, 0, 1, 4, 10.97
1700970951, 0, 183, 563, 513, 137, 8.13%, 0, 1, 4, 10.38
1700971018, 0, 183, 564, 514, 137, 8.13%, 0, 1, 4, 12.43
1700971059, 0, 183, 565, 515, 137, 8.13%, 0, 1, 4, 12.46
1700971289, 0, 183, 566, 516, 137, 8.13%, 0, 1, 4, 8.77
1700971570, 0, 188, 566, 515, 137, 8.13%, 0, 1, 4, 3.27
1700971688, 0, 188, 567, 516, 137, 8.13%, 0, 1, 4, 11.93
1700971990, 0, 190, 567, 515, 137, 8.13%, 0, 1, 4, 10.34
1700972308, 0, 192, 567, 514, 136, 8.13%, 0, 1, 4, 9.91
1700972329, 0, 192, 568, 515, 136, 8.14%, 0, 1, 4, 10.35
1700972415, 0, 194, 568, 514, 136, 8.14%, 0, 1, 4, 10.57
1700972482, 0, 201, 568, 513, 135, 8.14%, 0, 1, 4, 10.53
1700972626, 0, 201, 569, 514, 135, 8.14%, 0, 1, 4, 11.29
1700972873, 0, 201, 570, 515, 135, 8.16%, 0, 1, 4, 10.61
1700973330, 0, 201, 571, 516, 135, 8.16%, 0, 1, 4, 12.52
1700973361, 0, 203, 571, 515, 135, 8.16%, 0, 1, 4, 10.89
1700973366, 0, 203, 572, 516, 135, 8.17%, 0, 1, 4, 10.38
1700973397, 0, 203, 573, 517, 135, 8.17%, 0, 1, 4, 11.11
1700973423, 0, 205, 573, 516, 135, 8.17%, 0, 1, 4, 11.78
1700973617, 0, 206, 573, 515, 134, 8.17%, 0, 1, 4, 11.74
1700974871, 0, 210, 573, 514, 133, 8.17%, 0, 1, 4, 9.10
1700975190, 0, 210, 574, 515, 133, 8.17%, 0, 1, 4, 10.11
1700975210, 0, 212, 574, 514, 133, 8.17%, 0, 1, 4, 9.91
1700975292, 0, 219, 574, 513, 132, 8.17%, 0, 1, 4, 14.12
1700975425, 0, 220, 574, 512, 131, 8.17%, 0, 1, 4, 12.48
1700975445, 0, 220, 575, 513, 131, 8.17%, 0, 1, 4, 12.06
1700975481, 0, 231, 575, 512, 130, 8.17%, 0, 1, 4, 12.49
1700975487, 0, 231, 576, 513, 130, 8.18%, 0, 1, 4, 13.50
1700975538, 0, 231, 577, 514, 130, 8.18%, 0, 1, 4, 17.09
1700975917, 0, 231, 578, 515, 130, 8.23%, 0, 1, 4, 16.71
1700975927, 0, 231, 579, 516, 130, 8.24%, 0, 1, 4, 11.88
1700975952, 0, 231, 580, 517, 130, 8.25%, 0, 1, 4, 12.61
1700975978, 0, 232, 580, 516, 131, 8.25%, 0, 1, 4, 8.80
1700976312, 0, 236, 580, 515, 130, 8.25%, 0, 1, 4, 10.54
1700976342, 0, 236, 581, 516, 130, 8.25%, 0, 1, 4, 10.43
1700976481, 0, 237, 581, 515, 129, 8.25%, 0, 1, 4, 10.93
1700976512, 0, 237, 582, 516, 129, 8.25%, 0, 1, 4, 9.95
1700976656, 0, 239, 582, 515, 128, 8.25%, 0, 1, 4, 9.63
1700976830, 0, 239, 583, 516, 128, 8.25%, 0, 1, 4, 14.33
1700977762, 0, 239, 584, 517, 128, 8.25%, 0, 1, 4, 16.67
1700977952, 0, 249, 584, 516, 128, 8.25%, 0, 1, 4, 1.56
1700978282, 0, 251, 585, 516, 127, 8.25%, 0, 1, 4, 10.85
1700978313, 0, 251, 586, 517, 127, 8.25%, 0, 1, 4, 10.55
1700978333, 0, 251, 587, 518, 127, 8.25%, 0, 1, 4, 11.09
1700978374, 0, 255, 587, 517, 127, 8.25%, 0, 1, 4, 10.47
1700978528, 0, 255, 588, 518, 127, 8.25%, 0, 1, 4, 13.92
1700978621, 0, 258, 588, 517, 126, 8.25%, 0, 1, 4, 12.92
1700978626, 0, 258, 589, 518, 126, 8.25%, 0, 1, 4, 13.19
1700979659, 0, 258, 591, 520, 126, 8.25%, 0, 1, 4, 11.97
1700979669, 0, 258, 592, 521, 126, 8.25%, 0, 1, 4, 11.58
1700979674, 0, 258, 593, 522, 126, 8.25%, 0, 1, 4, 11.01
1700979679, 0, 258, 594, 523, 126, 8.25%, 0, 1, 4, 11.83
1700979685, 0, 258, 595, 524, 126, 8.26%, 0, 1, 4, 12.20
1700979715, 0, 258, 596, 525, 126, 8.26%, 0, 1, 4, 12.52
1700979720, 0, 258, 597, 526, 126, 8.26%, 0, 1, 4, 12.82
1700979730, 0, 258, 598, 527, 126, 8.27%, 0, 1, 4, 12.04
1700979736, 0, 258, 599, 528, 126, 8.27%, 0, 1, 4, 12.63
1700979762, 0, 258, 600, 529, 126, 8.27%, 0, 1, 4, 11.96
1700979797, 0, 258, 601, 530, 126, 8.29%, 0, 1, 4, 12.51
1700979802, 0, 258, 602, 531, 126, 8.29%, 0, 1, 4, 13.28
1700979838, 0, 258, 603, 532, 126, 8.29%, 0, 1, 4, 11.86
1700979844, 0, 258, 604, 533, 126, 8.29%, 0, 1, 4, 10.50
1700979885, 0, 258, 605, 534, 126, 8.29%, 0, 1, 4, 13.00
1700979906, 0, 258, 606, 535, 126, 8.29%, 0, 1, 4, 11.33
1700979921, 0, 258, 607, 536, 126, 8.29%, 0, 1, 4, 11.19
1700979931, 0, 258, 608, 537, 126, 8.29%, 0, 1, 4, 12.15
1700979957, 0, 258, 609, 538, 126, 8.29%, 0, 1, 4, 12.31
1700979993, 0, 258, 610, 539, 126, 8.29%, 0, 1, 4, 10.79
1700980019, 0, 258, 611, 540, 126, 8.29%, 0, 1, 4, 12.30
1700980055, 0, 258, 612, 541, 126, 8.29%, 0, 1, 4, 12.00
1700980101, 0, 258, 613, 542, 126, 8.29%, 0, 1, 4, 11.58
1700980126, 0, 258, 614, 543, 126, 8.29%, 0, 1, 4, 12.95
1700980203, 0, 258, 615, 544, 126, 8.29%, 0, 1, 4, 12.41
1700980219, 0, 260, 615, 543, 129, 8.29%, 0, 1, 4, 11.11
1700980296, 0, 261, 615, 542, 128, 8.29%, 0, 1, 4, 11.81
1700980306, 0, 261, 616, 543, 128, 8.30%, 0, 1, 4, 13.13
1700980624, 0, 261, 617, 544, 128, 8.31%, 0, 1, 4, 12.32
1700980664, 0, 261, 618, 545, 128, 8.31%, 0, 1, 4, 13.98
1700980757, 0, 264, 618, 544, 128, 8.31%, 0, 1, 4, 9.74
1700980875, 0, 269, 618, 543, 127, 8.31%, 0, 1, 4, 11.19
1700982084, 0, 269, 620, 545, 127, 8.32%, 0, 1, 4, 14.52
1700982288, 0, 276, 620, 544, 128, 8.32%, 0, 1, 4, 18.98
1700983004, 0, 278, 620, 543, 127, 8.32%, 0, 1, 4, 14.81
1700983254, 0, 278, 621, 544, 127, 8.32%, 0, 1, 4, 15.39
1700984210, 0, 278, 622, 545, 127, 8.32%, 0, 1, 4, 17.27
1700984466, 0, 278, 623, 546, 127, 8.32%, 0, 1, 4, 13.89
1700984482, 0, 280, 623, 545, 127, 8.32%, 0, 1, 4, 13.53
1700984487, 0, 280, 624, 546, 127, 8.38%, 0, 1, 4, 18.59
1700984492, 0, 280, 626, 548, 127, 8.38%, 0, 1, 4, 21.17
1700984497, 0, 280, 627, 549, 127, 8.38%, 0, 1, 4, 19.81
1700984528, 0, 280, 628, 550, 127, 8.38%, 0, 1, 4, 20.44
1700984538, 0, 280, 629, 551, 127, 8.38%, 0, 1, 4, 18.78
1700984569, 0, 280, 630, 552, 127, 8.39%, 0, 1, 4, 19.69
1700984708, 0, 280, 632, 554, 127, 8.42%, 0, 1, 4, 16.43
1700985148, 0, 280, 633, 555, 127, 8.42%, 0, 1, 4, 20.00
1700985188, 0, 280, 634, 556, 127, 8.43%, 0, 1, 4, 17.50
1700985276, 0, 280, 635, 557, 127, 8.43%, 0, 1, 4, 19.39
1700985470, 0, 285, 635, 556, 134, 8.43%, 0, 1, 4, 11.76
1700985486, 0, 285, 636, 557, 134, 8.43%, 0, 1, 4, 10.89
1700985563, 0, 311, 636, 556, 134, 8.43%, 0, 1, 4, 12.55
1700987166, 0, 311, 637, 557, 134, 8.43%, 0, 1, 4, 13.05
1700987575, 0, 311, 638, 558, 134, 8.43%, 0, 1, 4, 11.80
1700987595, 0, 312, 638, 557, 134, 8.43%, 0, 1, 4, 12.01
1700987780, 0, 312, 639, 558, 134, 8.43%, 0, 1, 4, 12.88
1700989739, 0, 312, 640, 559, 134, 8.43%, 0, 1, 4, 14.54
1700989749, 0, 312, 641, 560, 134, 8.43%, 0, 1, 4, 13.66
1700989770, 0, 312, 642, 561, 134, 8.43%, 0, 1, 4, 13.98
1700989780, 0, 312, 643, 562, 134, 8.43%, 0, 1, 4, 14.57
1700989785, 0, 312, 644, 563, 134, 8.43%, 0, 1, 4, 12.96
1700989836, 0, 312, 645, 564, 134, 8.43%, 0, 1, 4, 13.44
1700989872, 0, 312, 646, 565, 134, 8.43%, 0, 1, 4, 13.14
1700989908, 0, 312, 647, 566, 134, 8.43%, 0, 1, 4, 13.05
1700989970, 0, 312, 648, 567, 134, 8.43%, 0, 1, 4, 12.76
1700990026, 0, 312, 649, 568, 134, 8.43%, 0, 1, 4, 13.82
1700990052, 0, 312, 650, 569, 134, 8.43%, 0, 1, 4, 13.00
1700990072, 0, 312, 651, 570, 134, 8.43%, 0, 1, 4, 13.67
1700990108, 0, 312, 652, 571, 134, 8.43%, 0, 1, 4, 12.67
1700990113, 0, 312, 653, 572, 134, 8.43%, 0, 1, 4, 13.41
1700990144, 0, 312, 654, 573, 134, 8.43%, 0, 1, 4, 13.22
1700990149, 0, 312, 655, 574, 134, 8.43%, 0, 1, 4, 12.71
1700990175, 0, 312, 656, 575, 134, 8.43%, 0, 1, 4, 13.34
1700990231, 0, 316, 656, 574, 135, 8.43%, 0, 1, 4, 11.24
1700990906, 0, 316, 657, 575, 135, 8.43%, 0, 1, 4, 12.43
1700991081, 0, 317, 657, 574, 132, 8.43%, 0, 1, 4, 10.84
1700991286, 0, 317, 658, 575, 132, 8.44%, 0, 1, 4, 25.35
1700991337, 0, 322, 658, 574, 132, 8.44%, 0, 1, 4, 2.36
1700992745, 0, 327, 658, 573, 131, 8.44%, 0, 1, 4, 10.65
1700992878, 0, 327, 659, 574, 131, 8.44%, 0, 1, 4, 11.57
1700994237, 0, 327, 660, 575, 131, 8.44%, 0, 1, 4, 11.02
1700994273, 0, 328, 660, 574, 130, 8.44%, 0, 1, 4, 11.22
1700995001, 0, 328, 661, 575, 130, 8.44%, 0, 1, 4, 10.63
1700995129, 0, 333, 661, 574, 129, 8.44%, 0, 1, 4, 11.59
1700996552, 0, 337, 661, 573, 128, 8.44%, 0, 1, 4, 14.38
1700996598, 0, 337, 662, 574, 128, 8.44%, 0, 1, 4, 13.58
1700996609, 0, 337, 663, 575, 128, 8.44%, 0, 1, 4, 13.82
1700997064, 0, 337, 664, 576, 128, 8.44%, 0, 1, 4, 13.56
1700997135, 0, 337, 665, 577, 128, 8.44%, 0, 1, 4, 14.72
1700997929, 0, 337, 666, 578, 128, 8.44%, 0, 1, 4, 13.01
1700997975, 0, 339, 666, 577, 128, 8.44%, 0, 1, 4, 11.47
1700998036, 0, 339, 667, 578, 128, 8.44%, 0, 1, 4, 11.79
1700998657, 0, 340, 667, 577, 128, 8.44%, 0, 1, 4, 11.10
1700999200, 0, 340, 668, 578, 128, 8.44%, 0, 1, 4, 10.95
1700999211, 0, 340, 669, 579, 128, 8.44%, 0, 1, 4, 10.11
1700999843, 0, 340, 670, 580, 128, 8.44%, 0, 1, 4, 15.29
1701000110, 0, 340, 671, 581, 128, 8.44%, 0, 1, 4, 13.26
1701000115, 0, 340, 672, 582, 128, 8.44%, 0, 1, 4, 14.11
1701000130, 0, 340, 673, 583, 128, 8.44%, 0, 1, 4, 12.46
1701000140, 0, 340, 674, 584, 128, 8.44%, 0, 1, 4, 13.76
1701000155, 0, 340, 675, 585, 128, 8.44%, 0, 1, 4, 13.34
1701000171, 0, 340, 676, 586, 128, 8.44%, 0, 1, 4, 12.48
1701000217, 0, 340, 678, 588, 128, 8.44%, 0, 1, 4, 13.03
1701000237, 0, 340, 679, 589, 128, 8.44%, 0, 1, 4, 12.67
1701000401, 0, 340, 680, 590, 128, 8.44%, 0, 1, 4, 12.19
1701000446, 0, 340, 681, 591, 128, 8.44%, 0, 1, 4, 11.37
1701000559, 0, 340, 682, 592, 128, 8.44%, 0, 1, 4, 13.00
1701000630, 0, 344, 682, 591, 127, 8.44%, 0, 1, 4, 2.37
1701000882, 0, 344, 683, 592, 127, 8.44%, 0, 1, 4, 14.72
1701001303, 0, 344, 684, 593, 127, 8.44%, 0, 1, 4, 14.29
1701001472, 0, 347, 684, 592, 125, 8.44%, 0, 1, 4, 12.21
1701003192, 0, 349, 684, 591, 124, 8.44%, 0, 1, 4, 12.45
1701003238, 0, 349, 685, 592, 124, 8.44%, 0, 1, 4, 14.47
1701005113, 0, 350, 685, 591, 123, 8.44%, 0, 1, 4, 14.24
1701005195, 0, 350, 686, 592, 123, 8.44%, 0, 1, 4, 14.56
1701005215, 0, 350, 687, 593, 123, 8.45%, 0, 1, 4, 14.67
1701005307, 0, 350, 688, 594, 123, 8.45%, 0, 1, 4, 13.64
1701005711, 0, 350, 690, 596, 123, 8.45%, 0, 1, 4, 10.99
1701005808, 0, 350, 691, 597, 123, 8.45%, 0, 1, 4, 12.03
1701006002, 0, 350, 692, 598, 123, 8.45%, 0, 1, 4, 11.76
1701006028, 0, 351, 692, 597, 128, 8.45%, 0, 1, 4, 11.00
1701007592, 0, 354, 692, 596, 127, 8.45%, 0, 1, 4, 13.22
1701007597, 0, 354, 694, 598, 127, 8.46%, 0, 1, 4, 13.35
1701007710, 0, 354, 695, 599, 127, 8.46%, 0, 1, 4, 12.53
1701008031, 0, 354, 696, 600, 127, 8.46%, 0, 1, 4, 11.51
1701008323, 0, 354, 697, 601, 127, 8.46%, 0, 1, 4, 11.53
1701008354, 0, 357, 697, 600, 129, 8.46%, 0, 1, 4, 13.20
1701008410, 0, 357, 698, 601, 129, 8.49%, 0, 1, 4, 17.61
1701009690, 0, 361, 698, 600, 129, 8.49%, 0, 1, 4, 14.78
1701009952, 0, 366, 698, 599, 128, 8.49%, 0, 1, 4, 12.59
1701009978, 0, 366, 699, 600, 128, 8.50%, 0, 1, 4, 10.41
1701010019, 0, 366, 700, 601, 128, 8.50%, 0, 1, 4, 9.72
1701010198, 0, 366, 702, 603, 128, 8.50%, 0, 1, 4, 12.03
1701010249, 0, 366, 703, 604, 128, 8.50%, 0, 1, 4, 9.32
1701011042, 0, 367, 703, 603, 128, 8.50%, 0, 1, 4, 11.47
1701012083, 0, 369, 703, 602, 127, 8.50%, 0, 1, 4, 11.52
1701012099, 0, 369, 704, 603, 127, 8.52%, 0, 1, 4, 11.13
1701012334, 0, 369, 705, 604, 127, 8.53%, 0, 1, 4, 9.30
1701012339, 0, 369, 707, 606, 127, 8.53%, 0, 1, 4, 13.08
1701013173, 0, 372, 707, 605, 130, 8.53%, 0, 1, 4, 10.92
1701013699, 0, 372, 708, 606, 130, 8.54%, 0, 1, 4, 16.29
1701014012, 0, 372, 709, 607, 130, 8.55%, 0, 1, 4, 10.21
1701014233, 0, 375, 709, 606, 131, 8.55%, 0, 1, 4, 12.13
1701014290, 0, 375, 710, 607, 131, 8.57%, 0, 1, 4, 10.07
1701014336, 0, 375, 711, 608, 131, 8.58%, 0, 1, 4, 11.51
1701015073, 0, 375, 712, 609, 131, 8.59%, 0, 1, 4, 9.28
1701015309, 0, 381, 712, 608, 133, 8.59%, 0, 1, 4, 10.53
1701016317, 0, 381, 713, 609, 133, 8.59%, 0, 1, 4, 12.87
1701016414, 0, 381, 714, 610, 133, 8.59%, 0, 1, 4, 11.03
1701016429, 0, 386, 714, 609, 134, 8.59%, 0, 1, 4, 8.53
1701016460, 0, 394, 714, 608, 133, 8.59%, 0, 1, 4, 8.42
1701016501, 0, 394, 715, 609, 133, 8.59%, 0, 1, 4, 9.41
1701017358, 0, 408, 715, 608, 133, 8.59%, 0, 1, 4, 1.21
1701017383, 0, 408, 716, 609, 133, 8.60%, 0, 1, 4, 10.08
1701017485, 0, 408, 717, 610, 133, 8.60%, 0, 1, 4, 9.44
1701017490, 0, 408, 718, 611, 133, 8.60%, 0, 1, 4, 9.15
1701018450, 0, 408, 722, 615, 133, 8.61%, 0, 1, 4, 10.31
1701018455, 0, 408, 723, 616, 133, 8.61%, 0, 1, 4, 8.91
1701018507, 0, 408, 724, 617, 133, 8.61%, 0, 1, 4, 9.55
1701018553, 0, 412, 724, 616, 134, 8.61%, 0, 1, 4, 10.95
1701018620, 0, 412, 725, 617, 134, 8.61%, 0, 1, 4, 10.54
1701018795, 0, 412, 726, 618, 134, 8.61%, 0, 1, 4, 10.90
1701019303, 0, 413, 726, 617, 134, 8.61%, 0, 1, 4, 18.27
1701019707, 0, 414, 726, 616, 133, 8.61%, 0, 1, 4, 13.15
1701020330, 0, 414, 727, 617, 133, 8.61%, 0, 1, 4, 13.39
1701020341, 0, 414, 728, 618, 133, 8.61%, 0, 1, 4, 12.19
1701020346, 0, 414, 729, 619, 133, 8.63%, 0, 1, 4, 12.72
1701020356, 0, 414, 730, 620, 133, 8.63%, 0, 1, 4, 11.49
1701020561, 0, 414, 731, 621, 133, 8.63%, 0, 1, 4, 11.04
1701020864, 0, 414, 732, 622, 133, 8.66%, 0, 1, 4, 13.61
1701020879, 0, 421, 732, 621, 131, 8.66%, 0, 1, 4, 1.60
1701020895, 0, 421, 734, 623, 131, 8.66%, 0, 1, 4, 26.17
1701021222, 0, 421, 735, 624, 131, 8.66%, 0, 1, 4, 27.99
1701021304, 0, 422, 735, 623, 131, 8.66%, 0, 1, 4, 20.92
1701021743, 0, 428, 735, 622, 131, 8.66%, 0, 1, 4, 13.61
1701021826, 0, 430, 735, 621, 130, 8.66%, 0, 1, 4, 9.63
1701021836, 0, 430, 736, 622, 130, 8.66%, 0, 1, 4, 11.18
1701022601, 0, 430, 737, 623, 130, 8.66%, 0, 1, 4, 12.64
1701022621, 0, 433, 737, 622, 129, 8.66%, 0, 1, 4, 12.20
1701023076, 0, 433, 738, 623, 129, 8.66%, 0, 1, 4, 19.00
1701023096, 0, 434, 738, 622, 129, 8.66%, 0, 1, 4, 14.93
1701023581, 0, 435, 738, 621, 128, 8.66%, 0, 1, 4, 12.31
1701023601, 0, 435, 740, 623, 128, 8.66%, 0, 1, 4, 16.29
1701023611, 0, 435, 741, 624, 128, 8.66%, 0, 1, 4, 14.86
1701024301, 0, 435, 742, 625, 128, 8.66%, 0, 1, 4, 12.35
1701024327, 0, 436, 742, 624, 128, 8.66%, 0, 1, 4, 11.78
1701024347, 0, 436, 743, 625, 128, 8.69%, 0, 1, 4, 20.81
1701024593, 0, 443, 743, 624, 128, 8.69%, 0, 1, 4, 11.07
1701024799, 0, 447, 743, 623, 127, 8.69%, 0, 1, 4, 11.58
1701024814, 0, 447, 744, 624, 127, 8.69%, 0, 1, 4, 26.84
1701025227, 0, 447, 745, 625, 127, 8.69%, 0, 1, 4, 26.15
1701025732, 0, 449, 745, 624, 127, 8.69%, 0, 1, 4, 15.52
1701026657, 0, 452, 745, 623, 126, 8.69%, 0, 1, 4, 8.81
1701028300, 0, 452, 746, 624, 126, 8.69%, 0, 1, 4, 14.10
1701028326, 0, 454, 746, 623, 126, 8.69%, 0, 1, 4, 14.21
1701028392, 0, 454, 747, 624, 126, 8.69%, 0, 1, 4, 14.40
1701029904, 0, 457, 747, 623, 125, 8.69%, 0, 1, 4, 20.21
1701030155, 0, 468, 747, 622, 124, 8.69%, 0, 1, 4, 1.28
1701031633, 0, 469, 747, 621, 123, 8.69%, 0, 1, 4, 15.06
1701031653, 0, 469, 748, 622, 123, 8.69%, 0, 1, 4, 16.18
1701031704, 0, 469, 749, 623, 123, 8.70%, 0, 1, 4, 13.22
1701031935, 0, 469, 750, 624, 123, 8.70%, 0, 1, 4, 15.36
1701033203, 0, 473, 750, 623, 125, 8.70%, 0, 1, 4, 14.21
1701033403, 0, 473, 751, 624, 125, 8.71%, 0, 1, 4, 31.47
1701033607, 0, 474, 751, 623, 124, 8.71%, 0, 1, 4, 16.68
1701033990, 0, 474, 752, 624, 124, 8.71%, 0, 1, 4, 23.37
1701034010, 0, 475, 752, 623, 124, 8.71%, 0, 1, 4, 21.68
1701034395, 0, 476, 752, 622, 123, 8.71%, 0, 1, 4, 14.63
1701034841, 0, 477, 752, 621, 122, 8.71%, 0, 1, 4, 12.31
1701035041, 0, 481, 752, 620, 121, 8.71%, 0, 1, 4, 11.89
1701035241, 0, 483, 752, 619, 120, 8.71%, 0, 1, 4, 13.00
1701035441, 0, 483, 753, 620, 120, 8.71%, 0, 1, 4, 15.60
1701035451, 0, 483, 754, 621, 120, 8.71%, 0, 1, 4, 14.55
1701035477, 0, 485, 754, 620, 120, 8.71%, 0, 1, 4, 14.45
1701035671, 0, 487, 754, 619, 119, 8.71%, 0, 1, 4, 12.30
1701035681, 0, 487, 755, 620, 119, 8.71%, 0, 1, 5, 11.33
1701035732, 0, 487, 756, 621, 119, 8.71%, 0, 1, 5, 12.83
1701035784, 0, 491, 756, 620, 120, 8.71%, 0, 1, 5, 15.71
1701036162, 0, 492, 756, 619, 119, 8.71%, 0, 1, 5, 16.61
1701036326, 0, 494, 756, 618, 118, 8.71%, 0, 1, 5, 13.29
1701036542, 0, 499, 756, 617, 117, 8.71%, 0, 1, 5, 11.06
1701036773, 0, 506, 756, 616, 116, 8.71%, 0, 1, 5, 10.33
1701036783, 0, 506, 757, 617, 116, 8.71%, 0, 1, 5, 12.91
1701037013, 0, 507, 758, 617, 115, 8.76%, 0, 1, 5, 13.90
1701037443, 0, 507, 759, 618, 115, 8.76%, 0, 1, 5, 11.95
1701037632, 0, 510, 759, 617, 115, 8.76%, 0, 1, 5, 13.51
1701037637, 0, 510, 760, 618, 115, 8.76%, 0, 1, 5, 14.51
1701038211, 0, 514, 760, 617, 115, 8.76%, 0, 1, 5, 13.14
1701038257, 0, 515, 760, 616, 114, 8.76%, 0, 1, 5, 17.03
1701038436, 0, 518, 760, 615, 113, 8.76%, 0, 1, 5, 14.08
1701038738, 0, 518, 761, 616, 113, 8.78%, 0, 1, 5, 20.72
1701038784, 0, 518, 762, 617, 113, 8.78%, 0, 1, 5, 17.71
1701038804, 0, 518, 763, 618, 113, 8.78%, 0, 1, 5, 14.76
1701038814, 0, 518, 764, 619, 113, 8.78%, 0, 1, 5, 15.88
1701038835, 0, 518, 765, 620, 113, 8.78%, 0, 1, 5, 13.69
1701038850, 0, 518, 766, 621, 113, 8.78%, 0, 1, 5, 16.30
1701038901, 0, 518, 767, 622, 113, 8.78%, 0, 1, 5, 17.40
1701038912, 0, 518, 768, 623, 113, 8.78%, 0, 1, 5, 16.91
1701039030, 0, 518, 769, 624, 113, 8.78%, 0, 1, 5, 17.11
1701039086, 0, 520, 769, 623, 114, 8.78%, 0, 1, 5, 15.71
1701039117, 0, 520, 770, 624, 114, 8.78%, 0, 1, 5, 12.49
1701039193, 0, 520, 771, 625, 114, 8.78%, 0, 1, 5, 12.87
1701039260, 0, 522, 771, 624, 114, 8.78%, 0, 1, 5, 12.70
1701039275, 0, 522, 772, 625, 114, 8.78%, 0, 1, 5, 12.38
1701039306, 0, 522, 773, 626, 114, 8.78%, 0, 1, 5, 10.69
1701039347, 0, 522, 774, 627, 114, 8.78%, 0, 1, 5, 13.96
1701040140, 0, 523, 774, 626, 114, 8.78%, 0, 1, 5, 10.36
1701040908, 0, 524, 774, 625, 113, 8.78%, 0, 1, 5, 12.76
1701040919, 0, 524, 775, 626, 113, 8.78%, 0, 1, 5, 11.36
1701041237, 0, 524, 776, 627, 113, 8.78%, 0, 1, 5, 10.70
1701041263, 0, 524, 777, 628, 113, 8.78%, 0, 1, 5, 12.53
1701041790, 0, 524, 778, 629, 113, 8.78%, 0, 1, 5, 13.29
1701041846, 0, 525, 778, 628, 114, 8.78%, 0, 1, 5, 15.67
1701042331, 0, 527, 778, 627, 113, 8.78%, 0, 1, 5, 13.17
1701042526, 0, 527, 779, 628, 113, 8.78%, 0, 1, 5, 12.88
1701042588, 0, 528, 779, 627, 113, 8.78%, 0, 1, 5, 11.61
1701042593, 0, 528, 780, 628, 113, 8.78%, 0, 1, 5, 11.06
1701042659, 0, 528, 781, 629, 113, 8.78%, 0, 1, 5, 11.57
1701042695, 0, 528, 782, 630, 113, 8.78%, 0, 1, 5, 9.82
1701042705, 0, 528, 783, 631, 113, 8.78%, 0, 1, 5, 11.28
1701043028, 0, 531, 783, 630, 114, 8.78%, 0, 1, 5, 11.64
1701043033, 0, 531, 784, 631, 114, 8.79%, 0, 1, 5, 10.40
1701043085, 0, 533, 784, 630, 114, 8.79%, 0, 1, 5, 15.73
1701043090, 0, 533, 785, 631, 114, 8.79%, 0, 1, 5, 19.41
1701043356, 0, 534, 785, 630, 114, 8.79%, 0, 1, 5, 14.57
1701043361, 0, 534, 786, 631, 114, 8.79%, 0, 1, 5, 19.19
1701043407, 0, 534, 787, 632, 114, 8.79%, 0, 1, 5, 20.32
1701043566, 0, 534, 788, 633, 114, 8.79%, 0, 1, 5, 15.09
1701043612, 0, 534, 789, 634, 114, 8.79%, 0, 1, 5, 14.10
1701043658, 0, 535, 789, 633, 114, 8.79%, 0, 1, 5, 11.23
1701043663, 0, 535, 790, 634, 114, 8.80%, 0, 1, 5, 11.90
1701043689, 0, 535, 791, 635, 114, 8.80%, 0, 1, 5, 12.11
1701044028, 0, 535, 792, 636, 114, 8.80%, 0, 1, 5, 11.03
1701044090, 0, 538, 792, 635, 115, 8.80%, 0, 1, 5, 12.45
1701044264, 0, 538, 793, 636, 115, 8.80%, 0, 1, 5, 15.59
1701044310, 0, 538, 794, 637, 115, 8.80%, 0, 1, 5, 13.52
1701044397, 0, 539, 794, 636, 114, 8.80%, 0, 1, 5, 12.43
1701044565, 0, 539, 795, 637, 114, 8.80%, 0, 1, 5, 18.26
1701044647, 0, 540, 795, 636, 113, 8.80%, 0, 1, 5, 12.59
1701044683, 0, 540, 796, 637, 113, 8.81%, 0, 1, 5, 11.57
1701044739, 0, 540, 797, 638, 113, 8.81%, 0, 1, 5, 11.87
1701045210, 0, 545, 797, 637, 114, 8.81%, 0, 1, 5, 15.33
1701045476, 0, 545, 799, 639, 114, 8.81%, 0, 1, 5, 13.76
1701045507, 0, 545, 800, 640, 114, 8.84%, 0, 1, 5, 13.91
1701045625, 0, 545, 801, 641, 114, 8.84%, 0, 1, 5, 11.42
1701045635, 0, 545, 802, 642, 114, 8.84%, 0, 1, 5, 12.07
1701045656, 0, 545, 803, 643, 114, 8.84%, 0, 1, 5, 13.78
1701045846, 0, 545, 804, 644, 114, 8.84%, 0, 1, 5, 14.68
1701045902, 0, 545, 805, 645, 114, 8.84%, 0, 1, 5, 14.72
1701045979, 0, 549, 805, 644, 116, 8.84%, 0, 1, 5, 13.35
1701046066, 0, 550, 805, 643, 115, 8.84%, 0, 1, 5, 12.25
1701046071, 0, 550, 806, 644, 115, 8.85%, 0, 1, 5, 11.56
1701046511, 0, 550, 807, 645, 115, 8.85%, 0, 1, 5, 11.19
1701046562, 0, 551, 807, 644, 116, 8.85%, 0, 1, 5, 15.76
1701046695, 0, 552, 807, 643, 115, 8.85%, 0, 1, 5, 15.70
1701047027, 0, 552, 808, 644, 115, 8.86%, 0, 1, 5, 18.94
1701047150, 0, 558, 808, 643, 115, 8.86%, 0, 1, 5, 12.99
1701047370, 0, 558, 809, 644, 115, 8.86%, 0, 1, 5, 15.25
1701047436, 0, 558, 810, 645, 115, 8.86%, 0, 1, 5, 12.01
1701047472, 0, 558, 811, 646, 115, 8.87%, 0, 1, 5, 13.83
1701047482, 0, 558, 812, 647, 115, 8.87%, 0, 1, 5, 13.61
1701047549, 0, 558, 813, 648, 115, 8.91%, 0, 1, 5, 12.47
1701047605, 0, 558, 814, 649, 115, 8.91%, 0, 1, 5, 14.24
1701047749, 0, 558, 815, 650, 115, 8.91%, 0, 1, 5, 13.59
1701047764, 0, 558, 816, 651, 115, 8.91%, 0, 1, 5, 13.80
1701047815, 0, 558, 817, 652, 115, 8.92%, 0, 1, 5, 13.30
1701047877, 0, 558, 818, 653, 115, 8.92%, 0, 1, 5, 13.89
1701047933, 0, 559, 818, 652, 122, 8.92%, 0, 1, 5, 14.13
1701048215, 0, 562, 818, 651, 121, 8.92%, 0, 1, 5, 12.52
1701048250, 0, 562, 819, 652, 121, 8.92%, 0, 1, 5, 9.15
1701048281, 0, 562, 820, 653, 121, 8.92%, 0, 1, 5, 11.64
1701048327, 0, 562, 821, 654, 121, 8.92%, 0, 1, 5, 11.86
1701048859, 0, 564, 821, 653, 120, 8.92%, 0, 1, 5, 12.41
1701049506, 0, 565, 821, 652, 119, 8.92%, 0, 1, 5, 11.68
1701049536, 0, 565, 823, 654, 119, 8.92%, 0, 1, 5, 11.79
1701050151, 0, 566, 823, 653, 119, 8.92%, 0, 1, 5, 12.64
1701050156, 0, 566, 824, 654, 119, 8.93%, 0, 1, 5, 13.64
1701050192, 0, 566, 825, 655, 119, 8.93%, 0, 1, 5, 15.93
1701050223, 0, 566, 826, 656, 119, 8.93%, 0, 1, 5, 15.21
1701050473, 0, 567, 827, 656, 121, 8.94%, 0, 1, 5, 12.33
1701050586, 0, 571, 827, 655, 121, 8.94%, 0, 1, 5, 12.18
1701050601, 0, 571, 828, 656, 121, 8.94%, 0, 1, 5, 12.21
1701050637, 0, 571, 829, 657, 121, 8.94%, 0, 1, 5, 11.91
1701050745, 0, 575, 829, 656, 120, 8.94%, 0, 1, 5, 11.56
1701050827, 0, 575, 830, 657, 120, 8.94%, 0, 1, 5, 11.86
1701051420, 0, 576, 830, 656, 120, 8.94%, 0, 1, 5, 14.76
1701051912, 0, 577, 830, 655, 119, 8.94%, 0, 1, 5, 15.17
1701051917, 0, 577, 832, 657, 119, 8.94%, 0, 1, 5, 17.45
1701052383, 0, 578, 832, 656, 120, 8.94%, 0, 1, 5, 17.29
1701052393, 0, 578, 834, 658, 120, 8.94%, 0, 1, 5, 19.43
1701052490, 0, 578, 835, 659, 120, 8.94%, 0, 1, 5, 17.70
1701052767, 0, 578, 836, 660, 120, 8.94%, 0, 1, 5, 15.68
1701052818, 0, 578, 837, 661, 120, 8.94%, 0, 1, 5, 13.19
1701052828, 0, 578, 838, 662, 120, 8.94%, 0, 1, 5, 13.86
1701052880, 0, 578, 839, 663, 120, 8.94%, 0, 1, 5, 11.15
1701052895, 0, 578, 840, 664, 120, 8.94%, 0, 1, 5, 12.76
1701052993, 0, 578, 841, 665, 120, 8.94%, 0, 1, 5, 13.77
1701053345, 0, 579, 841, 664, 119, 8.94%, 0, 1, 5, 13.59
1701053478, 0, 579, 842, 665, 119, 8.99%, 0, 1, 5, 15.44
1701054411, 0, 579, 843, 666, 119, 9.01%, 0, 1, 5, 12.92
1701054478, 0, 579, 844, 667, 119, 9.01%, 0, 1, 5, 12.23
1701054483, 0, 579, 845, 668, 119, 9.02%, 0, 1, 5, 13.84
1701054540, 0, 579, 846, 669, 119, 9.02%, 0, 1, 5, 13.97
1701054581, 0, 579, 847, 670, 119, 9.02%, 0, 1, 5, 12.20
1701054612, 0, 579, 848, 671, 119, 9.03%, 0, 1, 5, 9.33
1701054622, 0, 579, 849, 672, 119, 9.03%, 0, 1, 5, 10.78
1701054647, 0, 579, 850, 673, 119, 9.03%, 0, 1, 5, 10.18
1701054938, 0, 579, 851, 674, 119, 9.03%, 0, 1, 5, 13.42
1701055030, 0, 584, 851, 673, 125, 9.03%, 0, 1, 5, 11.66
1701055092, 0, 587, 851, 672, 124, 9.03%, 0, 1, 5, 11.30
1701055097, 0, 587, 852, 673, 124, 9.03%, 0, 1, 5, 16.58
1701055102, 0, 587, 853, 674, 124, 9.03%, 0, 1, 5, 15.53
1701055118, 0, 587, 854, 675, 124, 9.03%, 0, 1, 5, 17.79
1701055154, 0, 587, 855, 676, 124, 9.04%, 0, 1, 5, 18.07
1701055271, 0, 587, 856, 677, 124, 9.04%, 0, 1, 5, 16.09
1701055292, 0, 587, 857, 678, 124, 9.04%, 0, 1, 5, 15.51
1701055297, 0, 587, 859, 680, 124, 9.04%, 0, 1, 5, 16.99
1701055343, 0, 594, 859, 679, 126, 9.04%, 0, 1, 5, 11.93
1701055472, 0, 594, 860, 680, 126, 9.04%, 0, 1, 5, 11.84
1701055902, 0, 600, 860, 679, 125, 9.04%, 0, 1, 5, 2.33
1701057438, 0, 600, 862, 681, 125, 9.04%, 0, 1, 5, 13.88
1701057443, 0, 600, 864, 683, 125, 9.05%, 0, 1, 5, 14.00
1701057453, 0, 600, 865, 684, 125, 9.05%, 0, 1, 5, 13.13
1701057479, 0, 600, 866, 685, 125, 9.05%, 0, 1, 5, 12.32
1701057639, 0, 600, 867, 686, 125, 9.05%, 0, 1, 5, 11.09
1701057777, 0, 600, 868, 687, 125, 9.05%, 0, 1, 5, 13.85
1701057833, 0, 601, 868, 686, 126, 9.05%, 0, 1, 5, 12.14
1701059357, 0, 602, 868, 685, 125, 9.05%, 0, 1, 5, 12.41
1701059372, 0, 602, 869, 686, 125, 9.05%, 0, 1, 5, 10.71
1701059378, 0, 602, 870, 687, 125, 9.05%, 0, 1, 5, 12.70
1701059812, 0, 602, 871, 688, 125, 9.05%, 0, 1, 5, 13.69
1701059904, 0, 610, 871, 687, 125, 9.05%, 0, 1, 5, 13.27
1701060251, 0, 610, 872, 688, 125, 9.05%, 0, 1, 5, 13.80
1701060339, 0, 613, 872, 687, 124, 9.05%, 0, 1, 5, 14.55
1701060354, 0, 613, 873, 688, 124, 9.09%, 0, 1, 5, 15.80
1701060620, 0, 613, 875, 690, 124, 9.09%, 0, 1, 5, 16.26
1701061551, 0, 613, 876, 691, 124, 9.09%, 0, 1, 5, 15.16
1701061557, 0, 613, 877, 692, 124, 9.09%, 0, 1, 5, 15.34
1701061659, 0, 613, 878, 693, 124, 9.09%, 0, 1, 5, 14.50
1701061756, 0, 613, 879, 694, 124, 9.09%, 0, 1, 5, 14.73
1701062007, 0, 615, 879, 693, 126, 9.09%, 0, 1, 5, 14.30
1701062381, 0, 615, 880, 694, 126, 9.10%, 0, 1, 5, 13.64
1701062396, 0, 615, 881, 695, 126, 9.11%, 0, 1, 5, 13.92
1701062406, 0, 615, 882, 696, 126, 9.11%, 0, 1, 5, 13.50
1701062422, 0, 615, 883, 697, 126, 9.12%, 0, 1, 5, 12.72
1701062468, 0, 615, 884, 698, 126, 9.12%, 0, 1, 5, 12.72
1701062504, 0, 615, 885, 699, 126, 9.13%, 0, 1, 5, 12.19
1701062642, 0, 615, 886, 700, 126, 9.13%, 0, 1, 5, 13.81
1701062719, 0, 615, 887, 701, 126, 9.13%, 0, 1, 5, 13.29
1701062852, 0, 615, 888, 702, 126, 9.13%, 0, 1, 5, 13.68
1701062898, 0, 617, 888, 701, 133, 9.13%, 0, 1, 5, 13.22
1701063164, 0, 618, 888, 700, 132, 9.13%, 0, 1, 5, 13.88
1701064321, 0, 618, 890, 702, 132, 9.16%, 0, 1, 5, 16.88
1701064521, 0, 619, 890, 701, 133, 9.16%, 0, 1, 5, 15.37
1701065682, 0, 619, 891, 702, 133, 9.20%, 0, 1, 5, 14.13
1701065892, 0, 623, 891, 701, 133, 9.20%, 0, 1, 5, 13.62
1701065897, 0, 623, 892, 702, 133, 9.20%, 0, 1, 5, 20.17
1701065902, 0, 623, 893, 703, 133, 9.20%, 0, 1, 5, 22.63
1701065907, 0, 623, 895, 705, 133, 9.20%, 0, 1, 5, 22.41
1701065912, 0, 623, 898, 708, 133, 9.20%, 0, 1, 5, 20.33
1701065948, 0, 623, 899, 709, 133, 9.21%, 0, 1, 5, 16.95
1701065959, 0, 623, 900, 710, 133, 9.21%, 0, 1, 5, 20.56
1701066014, 0, 623, 903, 713, 133, 9.27%, 0, 1, 5, 22.28
1701066019, 0, 623, 904, 714, 133, 9.27%, 0, 1, 5, 22.02
1701066116, 0, 623, 905, 715, 133, 9.28%, 0, 1, 5, 23.31
1701066689, 0, 623, 906, 716, 133, 9.28%, 0, 1, 5, 24.44
1701066791, 0, 623, 907, 717, 133, 9.28%, 0, 1, 5, 18.16
1701066847, 0, 629, 907, 716, 139, 9.28%, 0, 1, 5, 19.26
1701067767, 0, 630, 907, 715, 138, 9.28%, 0, 1, 5, 17.20
1701067782, 0, 630, 908, 716, 138, 9.28%, 0, 1, 5, 22.02
1701068743, 0, 631, 908, 715, 138, 9.28%, 0, 1, 5, 13.74
1701069693, 0, 632, 908, 714, 137, 9.28%, 0, 1, 5, 12.75
1701070628, 0, 634, 908, 713, 136, 9.28%, 0, 1, 5, 14.12
1701070633, 0, 634, 909, 714, 136, 9.28%, 0, 1, 5, 18.27
1701071553, 0, 644, 909, 713, 135, 9.28%, 0, 1, 5, 14.84
1701072991, 0, 644, 910, 714, 135, 9.28%, 0, 1, 5, 13.52
1701073068, 0, 656, 910, 713, 134, 9.28%, 0, 1, 5, 18.12
1701073073, 0, 656, 911, 714, 134, 9.28%, 0, 1, 5, 21.09
1701073088, 0, 656, 912, 715, 134, 9.28%, 0, 1, 5, 22.39
1701073370, 0, 656, 914, 717, 134, 9.28%, 0, 1, 5, 18.59
1701073375, 0, 656, 915, 718, 134, 9.28%, 0, 1, 5, 18.03
1701073431, 0, 656, 916, 719, 134, 9.28%, 0, 1, 5, 16.31
1701073442, 0, 656, 917, 720, 134, 9.28%, 0, 1, 5, 16.43
1701073462, 0, 656, 918, 721, 134, 9.28%, 0, 1, 5, 14.25
1701073503, 0, 656, 919, 722, 134, 9.28%, 0, 1, 5, 13.75
1701073508, 0, 656, 920, 723, 134, 9.28%, 0, 1, 5, 14.36
1701073529, 0, 656, 921, 724, 134, 9.28%, 0, 1, 5, 12.91
1701073565, 0, 656, 922, 725, 134, 9.28%, 0, 1, 5, 15.06
1701073713, 0, 656, 923, 726, 134, 9.28%, 0, 1, 5, 13.87
1701073831, 0, 656, 924, 727, 134, 9.28%, 0, 1, 5, 14.76
1701073867, 0, 656, 925, 728, 134, 9.29%, 0, 1, 5, 13.87
1701073914, 0, 657, 925, 727, 134, 9.29%, 0, 1, 5, 18.71
1701074148, 0, 663, 925, 726, 133, 9.29%, 0, 1, 5, 14.36
1701074199, 0, 663, 926, 727, 133, 9.29%, 0, 1, 5, 16.11
1701074204, 0, 663, 927, 728, 133, 9.29%, 0, 1, 5, 15.55
1701075428, 0, 663, 928, 729, 133, 9.29%, 0, 1, 5, 14.47
1701075443, 0, 663, 929, 730, 133, 9.29%, 0, 1, 5, 13.76
1701075581, 0, 663, 930, 731, 133, 9.29%, 0, 1, 5, 13.25
1701075781, 0, 664, 930, 730, 133, 9.29%, 0, 1, 5, 14.06
1701077096, 0, 664, 931, 731, 133, 9.29%, 0, 1, 5, 13.10
1701077162, 0, 666, 931, 730, 132, 9.29%, 0, 1, 5, 12.26
1701077814, 0, 686, 931, 729, 131, 9.29%, 0, 1, 5, 11.47
1701078627, 0, 687, 931, 728, 130, 9.29%, 0, 1, 5, 14.07
1701079476, 0, 689, 931, 727, 129, 9.29%, 0, 1, 5, 12.86
1701080295, 0, 689, 932, 728, 129, 9.32%, 0, 1, 5, 12.94
1701080356, 0, 691, 932, 727, 129, 9.32%, 0, 1, 5, 13.87
1701080531, 0, 691, 933, 728, 129, 9.33%, 0, 1, 5, 14.57
1701080618, 0, 692, 933, 727, 128, 9.33%, 0, 1, 5, 18.71
1701080919, 0, 693, 933, 726, 127, 9.33%, 0, 1, 5, 14.35
1701080924, 0, 693, 934, 727, 127, 9.33%, 0, 1, 5, 15.23
1701081589, 0, 694, 934, 726, 127, 9.33%, 0, 1, 5, 11.22
1701081728, 0, 694, 935, 727, 127, 9.33%, 0, 1, 5, 12.93
1701082142, 0, 694, 936, 728, 127, 9.33%, 0, 1, 5, 13.30
1701082331, 0, 694, 937, 729, 127, 9.33%, 0, 1, 5, 12.10
1701082393, 0, 697, 938, 729, 127, 9.33%, 0, 1, 5, 20.53
1701082434, 0, 697, 939, 730, 127, 9.34%, 0, 1, 5, 26.55
1701082562, 0, 697, 941, 732, 127, 9.36%, 0, 1, 5, 25.29
1701082862, 0, 697, 942, 733, 127, 9.36%, 0, 1, 5, 24.46
1701083081, 0, 697, 943, 734, 127, 9.37%, 0, 1, 5, 22.28
1701083147, 0, 698, 943, 733, 132, 9.37%, 0, 1, 5, 16.26
1701083204, 0, 698, 944, 734, 132, 9.40%, 0, 1, 5, 12.19
1701084233, 0, 699, 944, 733, 132, 9.40%, 0, 1, 5, 11.78
1701085205, 0, 699, 945, 734, 132, 9.40%, 0, 1, 5, 10.77
1701085323, 0, 700, 945, 733, 132, 9.40%, 0, 1, 5, 11.74
1701085380, 0, 700, 946, 734, 132, 9.41%, 0, 1, 5, 11.80
1701085421, 0, 700, 947, 735, 132, 9.42%, 0, 1, 5, 12.70
1701085574, 0, 700, 948, 736, 132, 9.43%, 0, 1, 5, 10.83
1701085579, 0, 700, 949, 737, 132, 9.44%, 0, 1, 5, 20.75
1701086419, 0, 701, 949, 736, 135, 9.44%, 0, 1, 5, 12.09
1701087500, 0, 703, 949, 735, 134, 9.44%, 0, 1, 5, 12.58
1701088409, 0, 704, 949, 734, 133, 9.44%, 0, 1, 5, 10.91
1701089084, 0, 704, 950, 735, 133, 9.44%, 0, 1, 5, 10.51
1701089289, 0, 704, 951, 736, 133, 9.44%, 0, 1, 5, 10.82
1701089320, 0, 705, 951, 735, 133, 9.44%, 0, 1, 5, 12.65
1701090144, 0, 706, 951, 734, 132, 9.44%, 0, 1, 5, 11.02
1701090948, 0, 708, 951, 733, 131, 9.44%, 0, 1, 5, 12.26
1701091473, 0, 708, 952, 734, 131, 9.44%, 0, 1, 5, 24.52
1701092001, 0, 708, 953, 735, 131, 9.45%, 0, 1, 5, 10.72
1701092042, 0, 709, 953, 734, 132, 9.45%, 0, 1, 5, 12.06
1701092058, 0, 709, 954, 735, 132, 9.45%, 0, 1, 5, 12.60
1701092068, 0, 709, 955, 736, 132, 9.46%, 0, 1, 5, 9.93
1701092289, 0, 709, 957, 738, 132, 9.47%, 0, 1, 5, 11.69
1701093095, 0, 709, 959, 740, 132, 9.51%, 0, 1, 5, 11.09
1701093140, 0, 709, 960, 741, 132, 9.52%, 0, 1, 5, 12.90
1701093151, 0, 709, 961, 742, 132, 9.52%, 0, 1, 5, 11.72
1701093290, 0, 709, 962, 743, 132, 9.53%, 0, 1, 5, 11.52
1701093361, 0, 709, 963, 744, 132, 9.54%, 0, 1, 5, 11.52
1701093396, 0, 710, 963, 743, 139, 9.54%, 0, 1, 5, 11.69
1701094232, 0, 710, 964, 744, 139, 9.54%, 0, 1, 5, 9.63
1701094467, 0, 710, 965, 745, 139, 9.55%, 0, 1, 5, 10.78
1701094502, 0, 711, 965, 744, 140, 9.55%, 0, 1, 5, 11.71
1701094523, 0, 711, 966, 745, 140, 9.55%, 0, 1, 5, 11.61
1701095589, 0, 712, 966, 744, 140, 9.55%, 0, 1, 5, 11.80
1701095615, 0, 712, 967, 745, 140, 9.55%, 0, 1, 5, 9.84
1701095892, 0, 712, 968, 746, 140, 9.55%, 0, 1, 5, 9.51
1701096726, 0, 714, 968, 745, 140, 9.55%, 0, 1, 5, 10.22
1701097652, 0, 715, 968, 744, 139, 9.55%, 0, 1, 5, 11.15
1701098739, 0, 715, 969, 745, 139, 9.55%, 0, 1, 5, 9.33
1701098775, 0, 715, 970, 746, 139, 9.55%, 0, 1, 5, 10.26
1701098806, 0, 723, 970, 745, 139, 9.55%, 0, 1, 5, 12.03
1701099969, 0, 728, 970, 744, 138, 9.55%, 0, 1, 5, 13.58
1701099979, 0, 728, 971, 745, 138, 9.55%, 0, 1, 5, 16.97
1701100323, 0, 728, 972, 746, 138, 9.55%, 0, 1, 5, 17.57
1701100451, 0, 731, 972, 745, 138, 9.55%, 0, 1, 5, 14.36
1701100461, 0, 731, 973, 746, 138, 9.56%, 0, 1, 5, 17.17
1701100477, 0, 731, 974, 747, 138, 9.56%, 0, 1, 5, 14.64
1701100651, 0, 731, 975, 748, 138, 9.57%, 0, 1, 5, 14.86
1701100754, 0, 734, 975, 747, 139, 9.57%, 0, 1, 5, 14.55
1701101203, 0, 734, 976, 748, 139, 9.57%, 0, 1, 5, 14.47
1701101239, 0, 735, 976, 747, 139, 9.57%, 0, 1, 5, 12.83
1701101935, 0, 737, 976, 746, 138, 9.57%, 0, 1, 5, 14.46
1701102104, 0, 739, 976, 745, 137, 9.57%, 0, 1, 5, 11.56
1701102816, 0, 740, 976, 744, 136, 9.57%, 0, 1, 5, 12.41
1701103753, 0, 742, 976, 743, 135, 9.57%, 0, 1, 5, 11.31
1701104009, 0, 745, 976, 742, 134, 9.57%, 0, 1, 5, 15.73
1701105355, 0, 747, 976, 741, 133, 9.57%, 0, 1, 5, 15.10
1701106933, 0, 749, 976, 740, 132, 9.57%, 0, 1, 5, 13.64
1701106959, 0, 749, 977, 741, 132, 9.58%, 0, 1, 5, 14.67
1701107389, 0, 749, 978, 742, 132, 9.59%, 0, 1, 5, 15.30
1701108521, 0, 750, 978, 741, 133, 9.59%, 0, 1, 5, 15.86
1701108940, 0, 750, 979, 742, 133, 9.59%, 0, 1, 5, 15.09
1701108976, 0, 751, 979, 741, 132, 9.59%, 0, 1, 5, 12.88
1701109427, 0, 753, 979, 740, 131, 9.59%, 0, 1, 5, 12.51
1701111394, 0, 753, 980, 741, 131, 9.59%, 0, 1, 5, 14.29
1701111404, 0, 753, 981, 742, 131, 9.59%, 0, 1, 5, 15.61
1701111502, 0, 754, 981, 741, 130, 9.59%, 0, 1, 5, 14.97
1701111594, 0, 755, 981, 740, 129, 9.59%, 0, 1, 5, 15.17
1701111722, 0, 756, 982, 740, 128, 9.59%, 0, 1, 6, 15.72
1701111912, 0, 756, 983, 741, 128, 9.59%, 0, 1, 6, 13.41
1701111978, 0, 757, 983, 740, 128, 9.59%, 0, 1, 6, 17.65
1701112556, 0, 758, 983, 739, 127, 9.59%, 0, 1, 6, 11.80
1701113162, 0, 759, 983, 738, 126, 9.59%, 0, 1, 6, 14.58
1701113747, 0, 759, 984, 739, 126, 9.59%, 0, 1, 6, 14.72
1701113757, 0, 759, 985, 740, 126, 9.59%, 0, 1, 6, 14.59
1701113870, 0, 760, 985, 739, 125, 9.59%, 0, 1, 6, 15.49
1701114264, 0, 760, 986, 740, 125, 9.59%, 0, 1, 6, 14.20
1701114279, 0, 760, 987, 741, 125, 9.59%, 0, 1, 6, 13.90
1701114284, 0, 760, 988, 742, 125, 9.59%, 0, 1, 6, 13.53
1701114305, 0, 760, 989, 743, 125, 9.59%, 0, 1, 6, 16.40
1701114662, 0, 763, 989, 742, 125, 9.59%, 0, 1, 6, 19.82
1701115359, 0, 773, 989, 741, 124, 9.59%, 0, 1, 6, 9.63
1701115447, 0, 773, 990, 742, 124, 9.59%, 0, 1, 6, 13.45
1701116256, 0, 774, 990, 741, 124, 9.59%, 0, 1, 6, 12.76
1701117153, 0, 774, 991, 742, 124, 9.62%, 0, 1, 6, 13.94
1701117209, 0, 775, 991, 741, 124, 9.62%, 0, 1, 6, 16.03
1701117875, 0, 778, 991, 740, 123, 9.62%, 0, 1, 6, 14.82
1701118249, 0, 779, 991, 739, 122, 9.62%, 0, 1, 6, 12.84
1701118679, 0, 780, 991, 738, 121, 9.62%, 0, 1, 6, 10.97
1701119089, 0, 783, 991, 737, 120, 9.62%, 0, 1, 6, 14.43
1701119130, 0, 784, 991, 736, 119, 9.62%, 0, 1, 6, 14.43
1701119135, 0, 784, 992, 737, 119, 9.62%, 0, 1, 6, 21.58
1701119401, 0, 785, 992, 736, 119, 9.62%, 0, 1, 6, 14.75
1701119673, 0, 786, 992, 735, 118, 9.62%, 0, 1, 6, 13.86
1701119960, 0, 789, 992, 734, 117, 9.62%, 0, 1, 6, 12.69
1701120227, 0, 789, 993, 735, 117, 9.62%, 0, 1, 6, 13.46
1701120283, 0, 790, 993, 734, 116, 9.62%, 0, 1, 6, 12.82
1701120564, 0, 791, 993, 733, 115, 9.62%, 0, 1, 6, 13.23
1701120892, 0, 791, 994, 734, 115, 9.62%, 0, 1, 6, 13.14
1701120918, 0, 791, 995, 735, 115, 9.62%, 0, 1, 6, 11.01
1701121010, 0, 795, 995, 734, 114, 9.62%, 0, 1, 6, 14.47
1701121517, 0, 795, 996, 735, 114, 9.62%, 0, 1, 6, 12.55
1701121583, 0, 796, 996, 734, 114, 9.62%, 0, 1, 6, 13.25
1701121589, 0, 796, 997, 735, 114, 9.63%, 0, 1, 6, 10.89
1701121614, 0, 796, 998, 736, 114, 9.63%, 0, 1, 6, 12.54
1701122172, 0, 796, 999, 737, 114, 9.65%, 0, 1, 6, 11.99
1701122239, 0, 799, 999, 736, 115, 9.65%, 0, 1, 6, 12.05
1701122254, 0, 799, 1000, 737, 115, 9.65%, 0, 1, 6, 14.90
1701122270, 0, 799, 1001, 738, 115, 9.66%, 0, 1, 6, 17.43
1701122300, 0, 799, 1002, 739, 115, 9.66%, 0, 1, 6, 17.49
1701122423, 0, 799, 1003, 740, 115, 9.66%, 0, 1, 6, 17.82
1701122495, 0, 799, 1004, 741, 115, 9.66%, 0, 1, 6, 13.97
1701122510, 0, 799, 1005, 742, 115, 9.66%, 0, 1, 6, 12.11
1701122582, 0, 799, 1006, 743, 115, 9.66%, 0, 1, 6, 13.67
1701122587, 0, 799, 1007, 744, 115, 9.66%, 0, 1, 6, 13.77
1701122735, 0, 799, 1008, 745, 115, 9.66%, 0, 1, 6, 12.15
1701123037, 0, 801, 1008, 744, 118, 9.66%, 0, 1, 6, 16.21
1701123308, 0, 806, 1008, 743, 117, 9.66%, 0, 1, 6, 9.35
1701124450, 0, 808, 1008, 742, 116, 9.66%, 0, 1, 6, 13.89
1701124747, 0, 809, 1008, 741, 115, 9.66%, 0, 1, 6, 14.36
1701125060, 0, 810, 1008, 740, 114, 9.66%, 0, 1, 6, 15.85
