# unix_time, cycles_done, cur_path, paths_total, pending_total, pending_favs, map_size, unique_crashes, unique_hangs, max_depth, execs_per_sec
1700597293, 0, 0, 1, 1, 1, 0.43%, 0, 0, 1, 5.61
1700597298, 0, 0, 7, 7, 1, 0.49%, 0, 0, 2, 8.39
1700597303, 0, 0, 11, 11, 1, 0.50%, 0, 0, 2, 8.28
1700597308, 0, 0, 14, 14, 1, 0.51%, 0, 1, 2, 7.72
1700597313, 0, 0, 18, 18, 1, 0.51%, 0, 1, 2, 9.82
1700597349, 0, 0, 19, 19, 1, 0.51%, 0, 1, 2, 6.04
1700597375, 0, 0, 20, 20, 1, 0.52%, 0, 1, 2, 6.32
1700597422, 0, 0, 21, 21, 1, 0.52%, 0, 1, 2, 5.99
1700597489, 0, 0, 22, 22, 1, 0.52%, 0, 1, 2, 5.95
1700597530, 0, 0, 25, 25, 1, 0.54%, 0, 1, 2, 8.97
1700597535, 0, 0, 28, 28, 1, 0.55%, 0, 1, 2, 8.97
1700597561, 0, 0, 29, 29, 1, 0.55%, 0, 1, 2, 7.53
1700597720, 0, 0, 30, 30, 1, 0.55%, 0, 1, 2, 10.54
1700597725, 0, 0, 34, 34, 1, 0.55%, 0, 1, 2, 12.06
1700597730, 0, 0, 35, 35, 1, 0.56%, 0, 1, 2, 11.41
1700597736, 0, 0, 36, 36, 1, 0.56%, 0, 1, 2, 10.92
1700597756, 0, 0, 37, 37, 1, 0.56%, 0, 1, 2, 12.85
1700597776, 0, 0, 38, 38, 1, 0.56%, 0, 1, 2, 8.74
1700597781, 0, 0, 39, 39, 1, 0.58%, 0, 1, 2, 8.09
1700597822, 0, 0, 40, 40, 1, 0.58%, 0, 1, 2, 13.16
1700597919, 0, 0, 44, 44, 1, 0.59%, 0, 1, 2, 10.58
1700597924, 0, 0, 46, 46, 1, 0.59%, 0, 1, 2, 12.22
1700598105, 0, 0, 47, 47, 1, 0.59%, 0, 1, 2, 10.22
1700598110, 0, 0, 48, 48, 1, 0.59%, 0, 1, 2, 12.15
1700598115, 0, 0, 48, 48, 1, 0.59%, 1, 1, 2, 12.25
1700598296, 0, 0, 49, 49, 1, 0.60%, 1, 1, 2, 9.85
1700598754, 0, 0, 50, 50, 1, 0.60%, 1, 1, 2, 11.78
1700598770, 0, 0, 51, 51, 1, 0.60%, 1, 1, 2, 11.51
1700598780, 0, 0, 52, 52, 1, 0.61%, 1, 1, 2, 11.65
1700598898, 0, 0, 54, 54, 1, 0.61%, 1, 1, 2, 11.22
1700598903, 0, 0, 55, 55, 1, 0.61%, 1, 1, 2, 12.98
1700599103, 0, 0, 59, 59, 1, 0.61%, 1, 1, 2, 10.02
1700599108, 0, 0, 63, 63, 1, 0.61%, 1, 1, 2, 9.84
1700599175, 0, 0, 64, 64, 1, 0.61%, 1, 1, 2, 10.66
1700599467, 0, 0, 65, 65, 1, 0.61%, 1, 1, 2, 12.70
1700600292, 0, 0, 65, 65, 1, 0.61%, 2, 1, 2, 10.24
1700600297, 0, 0, 66, 66, 1, 0.61%, 2, 1, 2, 11.71
1700600517, 0, 0, 67, 67, 1, 0.61%, 2, 1, 2, 9.67
1700601847, 0, 0, 68, 68, 1, 0.61%, 2, 1, 2, 13.12
1700601852, 0, 0, 69, 69, 1, 0.61%, 2, 1, 2, 11.68
1700603338, 0, 0, 70, 70, 1, 0.61%, 2, 1, 2, 10.26
1700603708, 0, 6, 70, 69, 24, 0.61%, 2, 1, 2, 11.65
1700603718, 0, 6, 71, 70, 24, 0.61%, 2, 1, 3, 12.81
1700603728, 0, 6, 72, 71, 24, 0.61%, 2, 1, 3, 12.87
1700603748, 0, 6, 72, 71, 24, 0.61%, 3, 1, 3, 14.00
1700603789, 0, 6, 73, 72, 24, 0.61%, 3, 1, 3, 12.85
1700603876, 0, 6, 73, 72, 24, 0.61%, 4, 1, 3, 12.16
1700604086, 0, 7, 73, 71, 24, 0.61%, 4, 1, 3, 13.02
1700604122, 0, 7, 73, 71, 24, 0.61%, 5, 1, 3, 13.93
1700604521, 0, 8, 73, 70, 23, 0.61%, 5, 1, 3, 13.02
1700604603, 0, 8, 73, 70, 23, 0.61%, 6, 1, 3, 12.87
1700605973, 0, 12, 73, 69, 21, 0.61%, 6, 1, 3, 13.14
1700606009, 0, 12, 73, 69, 21, 0.61%, 7, 1, 3, 13.81
1700606341, 0, 15, 73, 68, 20, 0.61%, 7, 1, 3, 17.60
1700606372, 0, 20, 73, 67, 19, 0.61%, 7, 1, 3, 17.75
1700606407, 0, 22, 73, 66, 18, 0.61%, 7, 1, 3, 10.67
1700606902, 0, 22, 74, 67, 18, 0.61%, 7, 1, 3, 12.55
1700606908, 0, 22, 76, 69, 18, 0.61%, 7, 1, 3, 12.67
1700607612, 0, 22, 76, 69, 18, 0.61%, 7, 2, 3, 14.20
1700607843, 0, 38, 76, 68, 18, 0.61%, 7, 2, 3, 12.76
1700612766, 0, 39, 76, 67, 17, 0.61%, 7, 2, 3, 13.42
1700615519, 0, 39, 76, 67, 17, 0.61%, 7, 3, 3, 12.85
1700616123, 0, 40, 76, 66, 16, 0.61%, 7, 3, 3, 13.68
1700616139, 0, 40, 78, 68, 16, 0.61%, 7, 3, 3, 11.98
1700616671, 0, 40, 79, 69, 16, 0.61%, 7, 3, 3, 11.44
1700621228, 0, 41, 79, 68, 16, 0.61%, 7, 3, 3, 13.24
1700625899, 0, 49, 79, 67, 15, 0.61%, 7, 3, 3, 0.91
1700629214, 0, 50, 79, 66, 14, 0.61%, 7, 3, 3, 11.14
1700629414, 0, 50, 80, 67, 14, 0.61%, 7, 3, 3, 12.36
