# unix_time, cycles_done, cur_path, paths_total, pending_total, pending_favs, map_size, unique_crashes, unique_hangs, max_depth, execs_per_sec
1700952446, 0, 0, 1, 1, 1, 1.06%, 0, 0, 1, 2.80
1700952456, 0, 0, 4, 4, 1, 1.25%, 0, 0, 2, 36.74
1700952461, 0, 0, 20, 20, 1, 1.25%, 0, 0, 2, 34.78
1700952466, 0, 0, 39, 39, 1, 1.25%, 0, 0, 2, 35.33
1700952471, 0, 0, 57, 57, 1, 1.25%, 0, 0, 2, 35.81
1700952476, 0, 0, 73, 73, 1, 1.25%, 0, 0, 2, 33.00
1700952481, 0, 0, 84, 84, 1, 1.25%, 0, 0, 2, 32.93
1700952487, 0, 0, 87, 87, 1, 1.25%, 0, 0, 2, 37.12
1700952492, 0, 0, 88, 88, 1, 1.25%, 0, 0, 2, 37.12
1700952497, 0, 0, 99, 99, 1, 1.25%, 0, 0, 2, 34.59
1700952512, 0, 0, 101, 101, 1, 1.25%, 0, 0, 2, 35.91
1700952517, 0, 0, 103, 103, 1, 1.25%, 0, 0, 2, 38.23
1700952522, 0, 0, 106, 106, 1, 1.25%, 0, 0, 2, 37.66
1700952527, 0, 0, 113, 113, 1, 1.25%, 0, 0, 2, 35.24
1700952533, 0, 0, 125, 125, 1, 1.25%, 0, 0, 2, 35.55
1700952538, 0, 0, 126, 126, 1, 1.25%, 0, 0, 2, 38.15
1700952543, 0, 0, 129, 129, 1, 1.25%, 0, 0, 2, 38.16
1700952548, 0, 0, 135, 135, 1, 1.25%, 0, 0, 2, 37.34
1700952553, 0, 0, 143, 143, 1, 1.25%, 0, 0, 2, 36.95
1700952558, 0, 0, 152, 152, 1, 1.25%, 0, 0, 2, 36.77
1700952563, 0, 0, 157, 157, 1, 1.25%, 0, 0, 2, 38.58
1700952568, 0, 0, 158, 158, 1, 1.25%, 0, 0, 2, 37.60
1700952573, 0, 0, 162, 162, 1, 1.25%, 0, 0, 2, 39.37
1700952583, 0, 0, 163, 163, 1, 1.25%, 0, 0, 2, 33.96
1700952589, 0, 0, 166, 166, 1, 1.25%, 0, 0, 2, 34.47
1700952604, 0, 0, 167, 167, 1, 1.25%, 0, 0, 2, 40.20
1700952619, 0, 0, 169, 169, 1, 1.25%, 0, 0, 2, 30.50
1700952630, 0, 0, 171, 171, 1, 1.25%, 0, 0, 2, 38.00
1700952635, 0, 0, 173, 173, 1, 1.25%, 0, 0, 2, 37.49
1700952645, 0, 0, 175, 175, 1, 1.25%, 0, 0, 2, 40.18
1700952650, 0, 0, 177, 177, 1, 1.25%, 0, 0, 2, 40.04
1700952655, 0, 0, 182, 182, 1, 1.25%, 0, 0, 2, 32.38
1700952660, 0, 0, 185, 185, 1, 1.25%, 0, 0, 2, 38.30
1700952665, 0, 0, 188, 188, 1, 1.25%, 0, 0, 2, 37.99
1700952696, 0, 0, 189, 189, 1, 1.25%, 0, 0, 2, 34.71
1700952712, 0, 0, 190, 190, 1, 1.28%, 0, 0, 2, 37.20
1700952717, 0, 0, 191, 191, 1, 1.28%, 0, 0, 2, 38.67
1700952748, 0, 0, 193, 193, 1, 1.28%, 0, 0, 2, 36.01
1700952753, 0, 0, 194, 194, 1, 1.28%, 0, 0, 2, 29.55
1700952758, 0, 0, 195, 195, 1, 1.28%, 0, 0, 2, 34.33
1700952763, 0, 0, 197, 197, 1, 1.28%, 0, 0, 2, 37.43
1700952768, 0, 0, 198, 198, 1, 1.28%, 0, 0, 2, 39.97
1700952778, 0, 0, 199, 199, 1, 1.28%, 0, 0, 2, 37.61
1700952789, 0, 0, 201, 201, 1, 1.28%, 0, 0, 2, 37.60
1700952799, 0, 0, 202, 202, 1, 1.28%, 0, 0, 2, 32.80
1700952804, 0, 0, 203, 203, 1, 1.28%, 0, 0, 2, 31.24
1700952845, 0, 0, 204, 204, 1, 1.28%, 0, 0, 2, 36.07
1700952947, 0, 0, 210, 210, 1, 1.28%, 0, 0, 2, 29.97
1700952952, 0, 0, 223, 223, 1, 1.28%, 0, 0, 2, 34.20
1700952957, 0, 0, 229, 229, 1, 1.28%, 0, 0, 2, 36.90
1700953049, 0, 0, 231, 231, 1, 1.28%, 0, 0, 2, 39.22
1700953054, 0, 0, 232, 232, 1, 1.28%, 0, 0, 2, 37.55
1700953059, 0, 0, 233, 233, 1, 1.28%, 0, 0, 2, 38.60
1700953167, 0, 0, 234, 234, 1, 1.28%, 0, 0, 2, 30.11
1700953172, 0, 0, 235, 235, 1, 1.28%, 0, 0, 2, 31.23
1700953187, 0, 0, 238, 238, 1, 1.28%, 0, 0, 2, 28.45
1700953213, 0, 0, 239, 239, 1, 1.28%, 0, 0, 2, 24.83
1700953223, 0, 0, 241, 241, 1, 1.28%, 0, 0, 2, 27.85
1700953311, 0, 0, 242, 242, 1, 1.28%, 0, 0, 2, 34.52
1700953674, 0, 0, 243, 243, 1, 1.28%, 0, 0, 2, 38.66
1700953853, 0, 0, 246, 246, 1, 1.29%, 0, 0, 2, 34.00
1700953884, 0, 0, 247, 247, 1, 1.29%, 0, 0, 2, 37.58
1700953899, 0, 0, 249, 249, 1, 1.31%, 0, 0, 2, 36.26
1700954099, 0, 0, 250, 250, 1, 1.31%, 0, 0, 2, 33.17
1700954435, 0, 0, 252, 252, 1, 1.31%, 0, 0, 2, 37.97
1700954487, 0, 0, 253, 253, 1, 1.32%, 0, 0, 2, 31.55
1700954605, 0, 1, 253, 252, 11, 1.32%, 0, 0, 2, 5.57
1700954615, 0, 1, 255, 254, 11, 1.34%, 0, 0, 3, 32.49
1700954635, 0, 1, 256, 255, 11, 1.34%, 0, 0, 3, 39.07
1700954646, 0, 1, 261, 260, 11, 1.37%, 0, 0, 3, 39.59
1700954651, 0, 1, 264, 263, 11, 1.38%, 0, 0, 3, 39.99
1700954656, 0, 1, 265, 264, 11, 1.38%, 0, 0, 3, 40.49
1700954661, 0, 1, 266, 265, 11, 1.38%, 0, 0, 3, 39.80
1700954671, 0, 1, 267, 266, 11, 1.38%, 0, 0, 3, 37.12
1700954676, 0, 1, 269, 268, 11, 1.39%, 0, 0, 3, 38.32
1700954717, 0, 1, 270, 269, 11, 1.39%, 0, 0, 3, 43.03
1700954727, 0, 3, 270, 268, 20, 1.39%, 0, 0, 3, 41.14
1700954905, 0, 3, 271, 269, 20, 1.39%, 0, 0, 3, 36.79
1700955196, 0, 119, 271, 268, 20, 1.39%, 0, 0, 3, 34.46
1700955349, 0, 119, 272, 269, 20, 1.39%, 0, 0, 3, 42.85
1700955614, 0, 119, 273, 270, 20, 1.39%, 0, 0, 3, 35.49
1700956733, 0, 119, 274, 271, 20, 1.39%, 0, 0, 3, 36.76
1700956923, 0, 119, 275, 272, 20, 1.39%, 0, 0, 3, 36.27
1700957226, 0, 153, 275, 271, 20, 1.39%, 0, 0, 3, 32.03
1700957691, 0, 153, 276, 272, 20, 1.39%, 0, 0, 3, 35.50
1700957696, 0, 153, 277, 273, 20, 1.39%, 0, 0, 3, 37.26
1700958893, 0, 153, 278, 274, 20, 1.39%, 0, 0, 3, 33.68
1700959343, 0, 170, 278, 273, 20, 1.39%, 0, 0, 3, 38.72
1700959776, 0, 170, 280, 275, 20, 1.39%, 0, 0, 3, 36.34
1700959782, 0, 170, 283, 278, 20, 1.39%, 0, 0, 3, 37.92
1700961412, 0, 202, 283, 277, 18, 1.39%, 0, 0, 3, 38.57
1700961447, 0, 245, 283, 276, 17, 1.39%, 0, 0, 3, 41.08
1700961488, 0, 248, 283, 275, 16, 1.39%, 0, 0, 3, 41.06
1700961550, 0, 248, 284, 276, 16, 1.48%, 0, 0, 3, 31.32
1700961555, 0, 248, 284, 276, 16, 1.48%, 0, 1, 3, 31.37
1700961565, 0, 248, 285, 277, 16, 1.54%, 0, 2, 3, 35.98
1700961596, 0, 248, 285, 277, 16, 1.54%, 0, 3, 3, 33.18
1700961601, 0, 252, 285, 276, 16, 1.54%, 0, 3, 3, 31.91
1700962183, 0, 253, 285, 275, 15, 1.54%, 0, 3, 3, 35.90
1700962224, 0, 254, 290, 279, 14, 1.55%, 0, 3, 4, 35.55
1700962234, 0, 254, 293, 282, 14, 1.55%, 0, 3, 4, 37.59
1700962259, 0, 254, 294, 283, 14, 1.55%, 0, 3, 4, 37.07
1700962265, 0, 259, 294, 281, 16, 1.55%, 0, 3, 4, 36.86
1700962270, 0, 260, 294, 280, 15, 1.55%, 0, 3, 4, 38.18
1700962362, 0, 261, 294, 279, 14, 1.55%, 0, 3, 4, 38.66
1700962367, 0, 262, 294, 278, 13, 1.55%, 0, 3, 4, 38.98
1700962372, 0, 264, 294, 277, 12, 1.55%, 0, 3, 4, 37.98
1700962387, 0, 265, 295, 277, 11, 1.55%, 0, 3, 4, 38.75
1700962423, 0, 268, 295, 276, 11, 1.55%, 0, 3, 4, 39.44
1700962464, 0, 269, 301, 281, 10, 1.61%, 0, 3, 4, 40.78
1700962469, 0, 270, 301, 280, 15, 1.61%, 0, 3, 4, 37.21
1700962969, 0, 278, 301, 279, 14, 1.61%, 0, 3, 4, 30.97
1700962979, 0, 278, 304, 282, 14, 1.61%, 0, 3, 4, 36.07
1700963102, 0, 278, 305, 283, 14, 1.61%, 0, 3, 4, 36.73
1700963425, 0, 278, 308, 286, 14, 1.61%, 0, 3, 4, 32.90
1700963430, 0, 278, 309, 287, 14, 1.61%, 0, 3, 4, 37.08
1700964936, 0, 278, 310, 288, 14, 1.61%, 0, 3, 4, 40.55
1700964988, 0, 283, 311, 288, 13, 1.62%, 0, 4, 4, 4.63
1700964993, 0, 283, 313, 290, 13, 1.63%, 0, 4, 4, 36.70
1700965003, 0, 283, 315, 292, 13, 1.65%, 0, 4, 4, 40.49
1700965008, 0, 283, 316, 293, 13, 1.65%, 0, 4, 4, 40.81
1700965023, 0, 283, 317, 294, 13, 1.65%, 0, 4, 4, 43.20
1700965064, 0, 283, 317, 294, 13, 1.65%, 0, 5, 4, 33.79
1700965095, 0, 284, 317, 293, 18, 1.65%, 0, 5, 4, 26.28
1700965105, 0, 284, 319, 295, 18, 1.66%, 0, 5, 4, 9.46
1700965111, 0, 284, 321, 297, 18, 1.66%, 0, 5, 4, 10.07
1700965131, 0, 284, 322, 298, 18, 1.66%, 0, 5, 4, 9.90
1700965146, 0, 284, 323, 299, 18, 1.66%, 0, 5, 4, 11.55
1700965224, 0, 284, 324, 300, 18, 1.66%, 0, 5, 4, 8.25
1700965229, 0, 284, 325, 301, 18, 1.66%, 0, 5, 4, 8.16
1700965234, 0, 284, 328, 304, 18, 1.66%, 0, 5, 4, 8.26
1700965255, 0, 284, 330, 306, 18, 1.67%, 0, 5, 4, 17.81
1700965347, 0, 284, 332, 308, 18, 1.67%, 0, 5, 4, 12.17
1700965373, 0, 284, 336, 312, 18, 1.69%, 0, 5, 4, 16.75
1700965378, 0, 284, 337, 313, 18, 1.69%, 0, 5, 4, 16.00
1700965449, 0, 284, 338, 314, 18, 1.69%, 0, 5, 4, 12.85
1700965454, 0, 285, 339, 314, 22, 1.69%, 0, 5, 4, 26.43
1700965470, 0, 285, 340, 315, 22, 1.95%, 0, 5, 5, 40.16
1700965490, 0, 285, 342, 317, 22, 1.95%, 0, 5, 5, 40.25
1700965500, 0, 285, 344, 319, 22, 1.95%, 0, 5, 5, 39.99
1700965505, 0, 285, 346, 321, 22, 1.95%, 0, 5, 5, 38.02
1700965521, 0, 285, 347, 322, 22, 1.95%, 0, 5, 5, 40.71
1700965536, 0, 285, 348, 323, 22, 2.01%, 0, 5, 5, 41.13
1700965551, 0, 285, 349, 324, 22, 2.01%, 0, 5, 5, 41.76
1700965556, 0, 285, 350, 325, 22, 2.01%, 0, 5, 5, 41.03
1700965572, 0, 290, 350, 324, 23, 2.01%, 0, 5, 5, 37.78
1700965613, 0, 291, 350, 323, 22, 2.01%, 0, 5, 5, 28.73
1700965648, 0, 292, 350, 322, 21, 2.01%, 0, 5, 5, 40.19
1700965684, 0, 294, 350, 321, 20, 2.01%, 0, 5, 5, 38.14
1700965720, 0, 295, 350, 320, 19, 2.01%, 0, 5, 5, 37.51
1700965725, 0, 296, 350, 319, 18, 2.01%, 0, 5, 5, 36.71
1700965730, 0, 296, 351, 320, 18, 2.01%, 0, 5, 5, 38.35
1700965735, 0, 297, 351, 319, 17, 2.01%, 0, 5, 5, 39.29
1700965740, 0, 298, 351, 318, 16, 2.01%, 0, 5, 5, 38.96
1700965745, 0, 299, 351, 317, 15, 2.01%, 0, 5, 5, 38.64
1700965755, 0, 300, 351, 316, 14, 2.01%, 0, 5, 5, 39.82
1700965760, 0, 310, 351, 315, 13, 2.01%, 0, 5, 5, 40.44
1700965771, 0, 310, 352, 316, 13, 2.01%, 0, 5, 5, 34.02
1700965863, 0, 311, 352, 315, 13, 2.01%, 0, 5, 5, 39.69
1700965873, 0, 311, 353, 316, 13, 2.02%, 0, 5, 5, 40.23
1700965965, 0, 312, 353, 315, 13, 2.02%, 0, 5, 5, 40.20
1700966067, 0, 313, 353, 314, 12, 2.02%, 0, 5, 5, 39.76
1700966082, 0, 313, 354, 315, 12, 2.03%, 0, 5, 5, 38.90
1700966169, 0, 313, 356, 317, 12, 2.03%, 0, 5, 5, 30.64
1700966174, 0, 313, 358, 319, 12, 2.03%, 0, 5, 5, 36.00
1700966179, 0, 313, 359, 320, 12, 2.03%, 0, 5, 5, 36.96
1700966189, 0, 313, 360, 321, 12, 2.06%, 0, 5, 5, 42.47
1700966230, 0, 316, 360, 320, 11, 2.06%, 0, 5, 5, 40.64
1700966332, 0, 320, 360, 319, 10, 2.06%, 0, 5, 5, 34.83
1700966347, 0, 320, 361, 320, 10, 2.06%, 0, 5, 5, 10.79
1700966362, 0, 320, 362, 321, 10, 2.06%, 0, 5, 5, 9.23
1700966383, 0, 320, 363, 322, 10, 2.06%, 0, 5, 5, 10.86
1700966582, 0, 320, 364, 323, 10, 2.06%, 0, 5, 5, 16.54
1700966608, 0, 320, 367, 326, 10, 2.06%, 0, 5, 5, 20.90
1700966689, 0, 328, 367, 325, 9, 2.06%, 0, 5, 5, 19.40
1700967017, 0, 329, 367, 324, 8, 2.06%, 0, 5, 5, 19.99
1700967027, 0, 329, 369, 326, 8, 2.06%, 0, 5, 5, 9.93
1700967032, 0, 329, 370, 327, 8, 2.06%, 0, 5, 5, 10.48
1700967048, 0, 329, 371, 328, 8, 2.06%, 0, 5, 5, 10.76
1700967063, 0, 329, 372, 329, 8, 2.06%, 0, 5, 5, 11.60
1700967134, 0, 329, 374, 331, 8, 2.06%, 0, 5, 5, 9.35
1700967139, 0, 329, 375, 332, 8, 2.06%, 0, 5, 5, 9.38
1700967221, 0, 329, 376, 333, 8, 2.06%, 0, 5, 5, 9.36
1700967242, 0, 329, 377, 334, 8, 2.06%, 0, 5, 5, 13.12
1700967267, 0, 329, 380, 337, 8, 2.06%, 0, 5, 5, 21.65
1700967344, 0, 337, 380, 336, 9, 2.06%, 0, 5, 5, 29.79
1700967350, 0, 337, 381, 337, 9, 2.06%, 0, 5, 5, 34.47
1700967355, 0, 337, 382, 338, 9, 2.06%, 0, 5, 5, 38.84
1700967360, 0, 337, 383, 339, 9, 2.06%, 0, 5, 5, 39.35
1700967380, 0, 337, 384, 340, 9, 2.06%, 0, 5, 5, 38.06
1700967441, 0, 337, 385, 341, 9, 2.06%, 0, 5, 5, 32.37
1700967487, 0, 339, 395, 350, 9, 2.07%, 0, 5, 6, 38.72
1700967493, 0, 339, 398, 353, 9, 2.07%, 0, 5, 6, 39.31
1700967498, 0, 339, 399, 354, 9, 2.08%, 0, 5, 6, 41.57
1700967503, 0, 339, 406, 361, 9, 2.14%, 0, 5, 6, 40.26
1700967513, 0, 339, 408, 363, 9, 2.14%, 0, 5, 6, 39.13
1700967523, 0, 339, 412, 367, 9, 2.14%, 0, 5, 6, 39.99
1700967528, 0, 339, 416, 371, 9, 2.14%, 0, 5, 6, 39.87
1700967533, 0, 339, 420, 375, 9, 2.16%, 0, 5, 6, 39.90
1700967538, 0, 339, 421, 376, 9, 2.16%, 0, 5, 6, 40.78
1700967543, 0, 339, 424, 379, 9, 2.16%, 0, 5, 6, 39.64
1700967549, 0, 339, 426, 381, 9, 2.16%, 0, 5, 6, 38.17
1700967559, 0, 339, 427, 382, 9, 2.16%, 0, 5, 6, 32.64
1700967574, 0, 339, 428, 383, 9, 2.17%, 0, 5, 6, 34.84
1700967584, 0, 339, 429, 384, 9, 2.17%, 0, 5, 6, 38.45
1700967594, 0, 339, 430, 385, 9, 2.17%, 0, 5, 6, 38.96
1700967605, 0, 339, 432, 387, 9, 2.17%, 0, 5, 6, 38.59
1700967615, 0, 347, 436, 390, 20, 2.19%, 0, 5, 6, 37.78
1700967620, 0, 347, 439, 393, 20, 2.22%, 0, 5, 6, 38.65
1700967625, 0, 347, 441, 395, 20, 2.25%, 0, 5, 6, 40.15
1700967630, 0, 347, 443, 397, 20, 2.27%, 0, 5, 6, 40.48
1700967650, 0, 352, 443, 396, 28, 2.27%, 0, 5, 6, 30.82
1700967768, 0, 353, 443, 395, 27, 2.27%, 0, 5, 6, 36.49
1700967773, 0, 353, 445, 397, 27, 2.27%, 0, 5, 6, 37.83
1700967778, 0, 353, 448, 400, 27, 2.27%, 0, 5, 6, 40.02
1700967829, 0, 353, 449, 401, 27, 2.27%, 0, 5, 6, 40.88
1700967870, 0, 353, 451, 403, 27, 2.27%, 0, 5, 6, 41.30
1700967875, 0, 353, 453, 405, 27, 2.27%, 0, 5, 6, 40.57
1700967880, 0, 353, 454, 406, 27, 2.27%, 0, 5, 6, 38.20
1700967900, 0, 353, 455, 407, 27, 2.27%, 0, 5, 6, 38.71
1700967905, 0, 353, 456, 408, 27, 2.27%, 0, 5, 6, 40.36
1700967910, 0, 353, 457, 409, 27, 2.27%, 0, 5, 6, 38.82
1700967921, 0, 353, 458, 410, 27, 2.27%, 0, 5, 6, 34.11
1700967926, 0, 353, 459, 411, 27, 2.27%, 0, 5, 6, 38.82
1700967931, 0, 359, 459, 410, 28, 2.27%, 0, 5, 6, 39.33
1700967936, 0, 359, 464, 415, 28, 2.29%, 0, 5, 6, 39.46
1700967941, 0, 359, 468, 419, 28, 2.29%, 0, 5, 6, 38.95
1700967946, 0, 359, 470, 421, 28, 2.29%, 0, 5, 6, 42.69
1700967967, 0, 359, 471, 422, 28, 2.29%, 0, 5, 6, 41.15
1700967972, 0, 359, 472, 423, 28, 2.29%, 0, 5, 6, 41.57
1700967977, 0, 359, 474, 425, 28, 2.29%, 0, 5, 6, 40.62
1700967982, 0, 359, 476, 427, 28, 2.29%, 0, 5, 6, 42.13
1700967987, 0, 359, 477, 428, 28, 2.29%, 0, 5, 6, 42.65
1700967997, 0, 359, 478, 429, 28, 2.29%, 0, 5, 6, 43.58
1700968002, 0, 359, 479, 430, 28, 2.29%, 0, 5, 6, 41.76
1700968023, 0, 359, 480, 431, 28, 2.29%, 0, 5, 6, 35.37
1700968028, 0, 359, 481, 432, 28, 2.29%, 0, 5, 6, 38.78
1700968053, 0, 359, 482, 433, 28, 2.29%, 0, 5, 6, 34.80
1700968058, 0, 360, 482, 432, 34, 2.29%, 0, 5, 6, 30.50
1700968135, 0, 360, 483, 433, 34, 2.29%, 0, 5, 6, 15.22
1700968278, 0, 366, 483, 432, 34, 2.29%, 0, 5, 6, 29.08
1700968411, 0, 367, 483, 431, 33, 2.29%, 0, 5, 6, 31.29
1700968529, 0, 367, 485, 433, 33, 2.29%, 0, 5, 6, 9.35
1700968734, 0, 379, 485, 432, 32, 2.29%, 0, 5, 6, 26.47
1700968888, 0, 381, 486, 432, 31, 2.30%, 0, 5, 6, 33.64
1700968893, 0, 381, 487, 433, 31, 2.30%, 0, 5, 6, 31.06
1700968899, 0, 381, 488, 434, 31, 2.30%, 0, 5, 6, 30.07
1700969031, 0, 398, 489, 434, 31, 2.31%, 0, 5, 7, 30.72
1700969036, 0, 398, 490, 435, 31, 2.31%, 0, 5, 7, 35.66
1700969042, 0, 398, 493, 438, 31, 2.32%, 0, 5, 7, 36.08
1700969047, 0, 398, 494, 439, 31, 2.32%, 0, 5, 7, 36.95
1700969052, 0, 398, 495, 440, 31, 2.32%, 0, 5, 7, 37.90
1700969067, 0, 398, 496, 441, 31, 2.32%, 0, 5, 7, 35.84
1700969072, 0, 398, 497, 442, 31, 2.32%, 0, 6, 7, 41.02
1700969077, 0, 398, 498, 443, 31, 2.32%, 0, 6, 7, 35.92
1700969082, 0, 398, 499, 444, 31, 2.32%, 0, 6, 7, 39.25
1700969128, 0, 398, 501, 446, 31, 2.32%, 0, 6, 7, 37.79
1700969133, 0, 398, 502, 447, 31, 2.32%, 0, 6, 7, 40.61
1700969149, 0, 398, 503, 448, 31, 2.32%, 0, 6, 7, 40.73
1700969154, 0, 399, 503, 447, 37, 2.32%, 0, 6, 7, 37.82
1700969174, 0, 399, 504, 448, 37, 2.32%, 0, 6, 7, 37.86
1700969194, 0, 400, 504, 447, 36, 2.32%, 0, 6, 7, 38.01
1700969200, 0, 400, 505, 448, 36, 2.36%, 0, 6, 7, 35.56
1700969236, 0, 401, 505, 447, 35, 2.36%, 0, 6, 7, 35.32
1700969241, 0, 401, 506, 448, 35, 2.37%, 0, 6, 7, 33.13
1700969256, 0, 401, 507, 449, 35, 2.38%, 0, 6, 7, 40.38
1700969277, 0, 401, 508, 450, 35, 2.38%, 0, 6, 7, 34.01
1700969287, 0, 402, 508, 449, 36, 2.38%, 0, 6, 7, 32.99
1700969292, 0, 402, 509, 450, 36, 2.38%, 0, 6, 7, 37.24
1700969302, 0, 402, 513, 454, 36, 2.39%, 0, 6, 7, 40.81
1700969328, 0, 403, 513, 453, 37, 2.39%, 0, 6, 7, 37.84
1700969343, 0, 403, 514, 454, 37, 2.39%, 0, 6, 7, 37.87
1700969363, 0, 403, 515, 455, 37, 2.39%, 0, 6, 7, 36.72
1700969374, 0, 405, 515, 454, 37, 2.39%, 0, 6, 7, 38.82
1700969409, 0, 410, 515, 453, 36, 2.39%, 0, 6, 7, 40.74
1700969470, 0, 419, 515, 452, 35, 2.39%, 0, 6, 7, 39.28
1700969506, 0, 419, 516, 453, 35, 2.39%, 0, 6, 7, 39.80
1700969516, 0, 429, 516, 452, 35, 2.39%, 0, 6, 7, 27.98
1700969531, 0, 429, 517, 453, 35, 2.39%, 0, 6, 7, 38.14
1700969557, 0, 430, 517, 452, 34, 2.39%, 0, 6, 7, 40.53
1700969654, 0, 430, 518, 453, 34, 2.39%, 0, 6, 7, 39.42
1700969664, 0, 432, 518, 452, 33, 2.39%, 0, 6, 7, 38.68
1700969669, 0, 432, 520, 454, 33, 2.39%, 0, 6, 7, 39.35
1700969695, 0, 432, 521, 455, 33, 2.39%, 0, 6, 7, 37.93
1700969741, 0, 432, 522, 456, 33, 2.40%, 0, 6, 7, 36.41
1700969950, 0, 432, 523, 457, 33, 2.40%, 0, 6, 7, 37.46
1700969955, 0, 432, 524, 458, 33, 2.40%, 0, 6, 7, 35.40
1700969966, 0, 432, 526, 460, 33, 2.40%, 0, 6, 7, 29.37
1700969971, 0, 432, 528, 462, 33, 2.40%, 0, 6, 7, 27.10
1700969981, 0, 432, 529, 463, 33, 2.40%, 0, 6, 7, 37.88
1700969986, 0, 432, 530, 464, 33, 2.40%, 0, 6, 7, 35.53
1700969991, 0, 432, 531, 465, 33, 2.40%, 0, 6, 7, 39.65
1700970011, 0, 432, 532, 466, 33, 2.40%, 0, 6, 7, 39.15
1700970022, 0, 432, 534, 468, 33, 2.40%, 0, 6, 7, 38.69
1700970027, 0, 432, 535, 469, 33, 2.40%, 0, 6, 7, 38.83
1700970042, 0, 434, 535, 468, 35, 2.40%, 0, 6, 7, 37.91
1700970073, 0, 435, 535, 467, 34, 2.40%, 0, 6, 7, 36.38
1700970083, 0, 435, 536, 468, 34, 2.42%, 0, 6, 7, 38.43
1700970103, 0, 436, 536, 467, 34, 2.42%, 0, 6, 7, 38.31
1700970119, 0, 436, 537, 468, 34, 2.42%, 0, 6, 7, 37.73
1700970134, 0, 437, 537, 467, 34, 2.42%, 0, 6, 7, 36.25
1700970165, 0, 437, 538, 468, 34, 2.43%, 0, 6, 7, 39.79
1700970170, 0, 438, 538, 467, 34, 2.43%, 0, 6, 7, 40.54
1700970200, 0, 439, 538, 466, 33, 2.43%, 0, 6, 7, 42.75
1700970226, 0, 440, 538, 465, 32, 2.43%, 0, 6, 7, 39.41
1700970231, 0, 440, 539, 466, 32, 2.43%, 0, 6, 7, 38.92
1700970241, 0, 440, 540, 467, 32, 2.48%, 0, 6, 7, 37.78
1700970256, 0, 441, 540, 466, 32, 2.48%, 0, 6, 7, 38.04
1700970287, 0, 446, 540, 465, 31, 2.48%, 0, 6, 7, 37.83
1700970394, 0, 448, 540, 464, 30, 2.48%, 0, 6, 7, 38.81
1700970404, 0, 448, 541, 465, 30, 2.48%, 0, 6, 7, 39.23
1700970409, 0, 448, 542, 466, 30, 2.48%, 0, 6, 7, 39.03
1700970506, 0, 448, 543, 467, 30, 2.48%, 0, 6, 7, 37.60
1700970511, 0, 456, 543, 466, 29, 2.48%, 0, 6, 7, 35.00
1700970649, 0, 459, 543, 465, 29, 2.48%, 0, 6, 7, 35.51
1700970695, 0, 460, 543, 464, 28, 2.48%, 0, 6, 7, 38.89
1700970736, 0, 461, 543, 463, 27, 2.48%, 0, 6, 7, 37.71
1700970777, 0, 462, 543, 462, 26, 2.48%, 0, 6, 7, 38.37
1700970803, 0, 462, 544, 463, 26, 2.48%, 0, 6, 7, 32.95
1700970818, 0, 463, 544, 462, 25, 2.48%, 0, 6, 7, 39.43
1700970853, 0, 469, 545, 462, 24, 2.48%, 0, 6, 7, 35.43
1700970859, 0, 469, 546, 463, 24, 2.48%, 0, 6, 7, 38.84
1700970894, 0, 478, 546, 462, 23, 2.48%, 0, 6, 7, 37.42
1700971007, 0, 485, 546, 461, 23, 2.48%, 0, 6, 7, 31.54
1700971232, 0, 488, 546, 460, 22, 2.48%, 0, 6, 7, 35.59
1700971268, 0, 488, 547, 461, 22, 2.49%, 0, 6, 8, 38.84
1700971278, 0, 490, 547, 460, 22, 2.49%, 0, 6, 8, 32.36
1700971329, 0, 491, 547, 459, 21, 2.49%, 0, 6, 8, 37.72
1700971365, 0, 492, 547, 458, 20, 2.49%, 0, 6, 8, 38.93
1700971405, 0, 500, 547, 457, 19, 2.49%, 0, 6, 8, 39.95
1700971446, 0, 501, 547, 456, 18, 2.49%, 0, 6, 8, 33.74
1700971451, 0, 501, 548, 457, 18, 2.49%, 0, 6, 8, 37.74
1700971487, 0, 503, 548, 456, 18, 2.49%, 0, 6, 8, 32.45
1700971529, 0, 504, 548, 455, 17, 2.49%, 0, 6, 8, 34.95
1700971534, 0, 504, 555, 462, 17, 2.49%, 0, 6, 8, 34.94
1700971549, 0, 504, 557, 464, 17, 2.49%, 0, 6, 8, 38.95
1700971569, 0, 504, 558, 465, 17, 2.49%, 0, 6, 8, 39.79
1700971580, 0, 505, 558, 464, 17, 2.49%, 0, 6, 8, 36.29
1700971595, 0, 505, 560, 466, 17, 2.50%, 0, 6, 8, 39.86
1700971615, 0, 505, 561, 467, 17, 2.50%, 0, 6, 8, 38.51
1700971626, 0, 506, 561, 466, 18, 2.50%, 0, 6, 8, 35.99
1700971641, 0, 506, 562, 467, 18, 2.50%, 0, 6, 8, 37.14
1700971661, 0, 506, 564, 469, 18, 2.50%, 0, 6, 8, 38.82
1700971667, 0, 506, 565, 470, 18, 2.50%, 0, 6, 8, 39.42
1700971682, 0, 506, 566, 471, 18, 2.50%, 0, 6, 8, 38.22
1700971728, 0, 506, 567, 472, 18, 2.50%, 0, 6, 8, 34.88
1700971743, 0, 508, 567, 471, 17, 2.50%, 0, 6, 8, 39.39
1700971758, 0, 508, 569, 473, 17, 2.50%, 0, 6, 8, 37.53
1700971779, 0, 508, 570, 474, 17, 2.50%, 0, 6, 8, 36.58
1700971789, 0, 509, 570, 473, 17, 2.50%, 0, 6, 8, 36.33
1700971804, 0, 509, 571, 474, 17, 2.50%, 0, 6, 8, 36.04
1700971830, 0, 509, 572, 475, 17, 2.50%, 0, 6, 8, 36.65
1700971835, 0, 509, 574, 477, 17, 2.51%, 0, 6, 8, 31.43
1700971850, 0, 509, 575, 478, 17, 2.51%, 0, 6, 8, 32.93
1700971860, 0, 509, 576, 479, 17, 2.52%, 0, 6, 8, 37.28
1700971881, 0, 509, 577, 480, 17, 2.52%, 0, 6, 8, 37.10
1700971917, 0, 513, 577, 479, 18, 2.52%, 0, 6, 8, 36.22
1700971953, 0, 513, 578, 480, 18, 2.52%, 0, 6, 8, 37.20
1700971963, 0, 517, 578, 479, 17, 2.52%, 0, 6, 8, 36.35
1700971974, 0, 517, 579, 480, 17, 2.52%, 0, 6, 8, 35.87
1700972154, 0, 517, 580, 481, 17, 2.52%, 0, 6, 8, 34.08
1700972159, 0, 521, 580, 480, 17, 2.52%, 0, 6, 8, 36.99
1700972461, 0, 535, 583, 482, 16, 2.52%, 0, 6, 8, 39.54
1700972466, 0, 535, 584, 483, 16, 2.52%, 0, 6, 8, 39.71
1700972471, 0, 535, 585, 484, 16, 2.52%, 0, 6, 8, 40.44
1700972486, 0, 535, 586, 485, 16, 2.52%, 0, 6, 8, 41.92
1700972491, 0, 536, 586, 484, 18, 2.52%, 0, 6, 8, 41.16
1700972527, 0, 537, 586, 483, 17, 2.52%, 0, 6, 8, 30.66
1700972532, 0, 537, 588, 485, 17, 2.52%, 0, 6, 8, 37.03
1700972542, 0, 537, 590, 487, 17, 2.54%, 0, 6, 8, 39.34
1700972558, 0, 537, 592, 489, 17, 2.54%, 0, 6, 8, 34.95
1700972568, 0, 537, 593, 490, 17, 2.54%, 0, 6, 8, 32.84
1700972573, 0, 538, 593, 489, 16, 2.54%, 0, 6, 8, 27.26
1700972603, 0, 543, 594, 489, 15, 2.54%, 0, 6, 8, 37.38
1700972609, 0, 543, 595, 490, 15, 2.54%, 0, 6, 8, 40.63
1700972614, 0, 543, 596, 491, 15, 2.54%, 0, 6, 8, 39.32
1700972644, 0, 546, 596, 490, 15, 2.54%, 0, 6, 8, 38.32
1700972690, 0, 546, 597, 491, 15, 2.54%, 0, 6, 9, 39.34
1700972701, 0, 546, 598, 492, 15, 2.54%, 0, 6, 9, 38.93
1700972721, 0, 546, 599, 493, 15, 2.54%, 0, 6, 9, 40.62
1700972752, 0, 547, 599, 492, 14, 2.54%, 0, 6, 9, 36.45
1700972787, 0, 547, 601, 494, 14, 2.54%, 0, 6, 9, 39.32
1700972793, 0, 547, 602, 495, 14, 2.54%, 0, 6, 9, 39.10
1700972803, 0, 547, 604, 497, 14, 2.54%, 0, 6, 9, 40.13
1700972813, 0, 547, 605, 498, 14, 2.54%, 0, 6, 9, 38.29
1700972818, 0, 547, 606, 499, 14, 2.54%, 0, 6, 9, 37.63
1700972828, 0, 547, 607, 500, 14, 2.54%, 0, 6, 9, 34.60
1700972854, 0, 552, 608, 500, 15, 2.54%, 0, 6, 9, 38.11
1700972890, 0, 552, 609, 501, 15, 2.54%, 0, 6, 9, 33.80
1700972905, 0, 554, 609, 500, 14, 2.54%, 0, 6, 9, 35.52
1700972941, 0, 554, 611, 502, 14, 2.55%, 0, 6, 9, 36.25
1700972971, 0, 554, 612, 503, 14, 2.55%, 0, 6, 9, 40.18
1700972987, 0, 554, 613, 504, 14, 2.55%, 0, 6, 9, 39.62
1700972992, 0, 554, 614, 505, 14, 2.55%, 0, 6, 9, 40.11
1700973002, 0, 558, 614, 504, 14, 2.55%, 0, 6, 9, 38.13
1700973048, 0, 559, 614, 503, 13, 2.55%, 0, 6, 9, 33.74
1700973094, 0, 567, 614, 502, 12, 2.55%, 0, 6, 9, 37.24
1700973140, 0, 573, 614, 501, 11, 2.55%, 0, 6, 9, 38.20
1700973258, 0, 575, 615, 501, 10, 2.55%, 0, 6, 9, 39.35
1700973268, 0, 575, 616, 502, 10, 2.55%, 0, 6, 9, 39.65
1700973396, 0, 575, 618, 504, 10, 2.55%, 0, 6, 9, 38.18
1700973401, 0, 575, 620, 506, 10, 2.55%, 0, 6, 9, 37.99
1700973421, 0, 575, 623, 509, 10, 2.56%, 0, 6, 9, 38.25
1700973426, 0, 575, 624, 510, 10, 2.56%, 0, 6, 9, 38.38
1700973432, 0, 575, 625, 511, 10, 2.56%, 0, 6, 9, 39.59
1700973437, 0, 575, 626, 512, 10, 2.57%, 0, 6, 9, 35.09
1700973452, 0, 575, 627, 513, 10, 2.57%, 0, 6, 9, 36.04
1700973457, 0, 575, 629, 515, 10, 2.57%, 0, 6, 9, 37.46
1700973462, 0, 580, 629, 514, 14, 2.57%, 0, 6, 9, 38.62
1700973493, 0, 581, 629, 513, 13, 2.57%, 0, 6, 9, 40.45
1700973523, 0, 581, 630, 514, 13, 2.57%, 0, 6, 9, 37.19
1700973529, 0, 585, 630, 513, 13, 2.57%, 0, 6, 9, 31.69
1700973569, 0, 585, 632, 515, 13, 2.58%, 0, 6, 9, 40.99
1700973580, 0, 585, 633, 516, 13, 2.58%, 0, 6, 9, 38.13
1700973590, 0, 589, 634, 516, 14, 2.58%, 0, 6, 9, 35.47
1700973595, 0, 589, 638, 520, 14, 2.58%, 0, 6, 9, 32.60
1700973631, 0, 589, 639, 521, 14, 2.59%, 0, 6, 9, 35.96
1700973641, 0, 589, 640, 522, 14, 2.60%, 0, 6, 9, 39.30
1700973656, 0, 594, 641, 522, 14, 2.60%, 0, 6, 9, 38.17
1700973697, 0, 601, 641, 521, 14, 2.60%, 0, 6, 9, 37.25
1700973738, 0, 603, 641, 520, 13, 2.60%, 0, 6, 9, 39.17
1700973759, 0, 604, 641, 519, 12, 2.60%, 0, 6, 9, 40.15
1700973764, 0, 604, 645, 523, 12, 2.60%, 0, 6, 10, 38.26
1700973861, 0, 604, 646, 524, 12, 2.60%, 0, 6, 10, 38.79
1700973871, 0, 604, 647, 525, 12, 2.60%, 0, 6, 10, 39.40
1700973876, 0, 604, 648, 526, 12, 2.60%, 0, 6, 10, 40.38
1700973891, 0, 604, 649, 527, 12, 2.60%, 0, 6, 10, 37.99
1700973922, 0, 604, 650, 528, 12, 2.60%, 0, 6, 10, 33.59
1700973927, 0, 612, 652, 529, 11, 2.61%, 0, 6, 10, 31.99
1700973932, 0, 612, 654, 531, 11, 2.61%, 0, 6, 10, 34.71
1700973952, 0, 612, 655, 532, 11, 2.61%, 0, 6, 10, 37.80
1700973988, 0, 612, 656, 533, 11, 2.61%, 0, 6, 10, 40.76
1700973998, 0, 614, 656, 532, 11, 2.61%, 0, 6, 10, 39.37
1700974126, 0, 615, 656, 531, 10, 2.61%, 0, 6, 10, 40.38
1700974269, 0, 625, 656, 530, 9, 2.61%, 0, 6, 10, 40.56
1700974274, 0, 625, 663, 537, 9, 2.64%, 0, 6, 10, 37.55
1700974335, 0, 625, 664, 538, 9, 2.66%, 0, 6, 10, 38.49
1700974340, 0, 625, 666, 540, 9, 2.66%, 0, 6, 10, 41.54
1700974345, 0, 625, 667, 541, 9, 2.66%, 0, 6, 10, 39.97
1700974350, 0, 625, 668, 542, 9, 2.66%, 0, 6, 10, 40.70
1700974503, 0, 625, 671, 545, 9, 2.66%, 0, 6, 10, 35.91
1700974509, 0, 625, 672, 546, 9, 2.66%, 0, 6, 10, 40.51
1700974519, 0, 625, 673, 547, 9, 2.66%, 0, 6, 10, 34.22
1700974529, 0, 625, 675, 549, 9, 2.66%, 0, 6, 10, 39.33
1700974559, 0, 628, 675, 548, 13, 2.66%, 0, 6, 10, 40.50
1700974769, 0, 628, 677, 550, 13, 2.67%, 0, 6, 10, 39.28
1700974774, 0, 628, 678, 551, 13, 2.67%, 0, 6, 10, 34.57
1700974779, 0, 628, 679, 552, 13, 2.67%, 0, 6, 10, 37.94
1700974789, 0, 628, 680, 553, 13, 2.67%, 0, 6, 10, 38.51
1700974795, 0, 628, 681, 554, 13, 2.67%, 0, 6, 10, 35.94
1700974815, 0, 628, 683, 556, 13, 2.67%, 0, 6, 10, 34.09
1700974820, 0, 628, 684, 557, 13, 2.67%, 0, 6, 10, 36.91
1700974830, 0, 629, 684, 556, 12, 2.67%, 0, 6, 10, 32.57
1700974882, 0, 630, 684, 555, 11, 2.67%, 0, 6, 10, 29.86
1700974897, 0, 630, 685, 556, 11, 2.67%, 0, 6, 10, 38.28
1700974902, 0, 630, 686, 557, 11, 2.67%, 0, 6, 10, 39.03
1700974943, 0, 631, 686, 556, 11, 2.67%, 0, 6, 10, 38.31
1700974984, 0, 631, 689, 559, 11, 2.67%, 0, 6, 10, 35.39
1700975010, 0, 639, 691, 560, 10, 2.67%, 0, 6, 10, 36.54
1700975015, 0, 639, 707, 576, 10, 2.68%, 0, 6, 10, 34.96
1700975020, 0, 639, 711, 580, 10, 2.68%, 0, 6, 10, 31.86
1700975030, 0, 639, 718, 587, 10, 2.68%, 0, 6, 10, 35.16
1700975051, 0, 639, 719, 588, 10, 2.68%, 0, 6, 10, 37.96
1700975056, 0, 639, 721, 590, 10, 2.68%, 0, 6, 10, 38.16
1700975061, 0, 639, 723, 592, 10, 2.68%, 0, 6, 10, 35.61
1700975091, 0, 639, 724, 593, 10, 2.68%, 0, 6, 10, 38.68
1700975096, 0, 639, 725, 594, 10, 2.68%, 0, 6, 10, 37.89
1700975101, 0, 639, 726, 595, 10, 2.68%, 0, 6, 10, 38.66
1700975112, 0, 639, 728, 597, 10, 2.68%, 0, 6, 10, 35.91
1700975122, 0, 639, 731, 600, 10, 2.68%, 0, 6, 10, 38.21
1700975153, 0, 640, 731, 599, 11, 2.68%, 0, 6, 10, 36.19
1700975199, 0, 642, 731, 598, 10, 2.68%, 0, 6, 10, 32.95
1700975306, 0, 650, 731, 597, 9, 2.68%, 0, 6, 10, 40.16
1700975362, 0, 650, 732, 598, 9, 2.68%, 0, 6, 11, 42.05
1700975378, 0, 657, 732, 597, 8, 2.68%, 0, 6, 11, 40.63
1700975383, 0, 657, 733, 598, 8, 2.68%, 0, 6, 11, 40.52
1700975602, 0, 657, 734, 599, 8, 2.68%, 0, 6, 11, 39.78
1700975607, 0, 657, 735, 600, 8, 2.68%, 0, 6, 11, 40.52
1700975612, 0, 657, 736, 601, 8, 2.68%, 0, 6, 11, 39.62
1700975623, 0, 657, 737, 602, 8, 2.68%, 0, 6, 11, 38.49
1700975663, 0, 660, 737, 601, 7, 2.68%, 0, 6, 11, 38.83
1700975893, 0, 660, 738, 602, 7, 2.68%, 0, 6, 11, 38.22
1700975908, 0, 662, 738, 601, 6, 2.68%, 0, 6, 11, 38.18
1700975918, 0, 662, 739, 602, 6, 2.68%, 0, 6, 11, 39.07
1700975980, 0, 662, 740, 603, 6, 2.68%, 0, 6, 11, 26.66
1700976143, 0, 662, 742, 605, 6, 2.69%, 0, 6, 11, 35.88
1700976148, 0, 662, 744, 607, 6, 2.69%, 0, 6, 11, 38.13
1700976158, 0, 662, 745, 608, 6, 2.69%, 0, 6, 11, 38.93
1700976173, 0, 662, 746, 609, 6, 2.69%, 0, 6, 11, 37.63
1700976209, 0, 663, 746, 608, 8, 2.69%, 0, 6, 11, 38.60
1700976443, 0, 663, 747, 609, 8, 2.69%, 0, 6, 11, 37.89
1700976454, 0, 675, 747, 608, 7, 2.69%, 0, 6, 11, 34.78
1700976459, 0, 675, 748, 609, 7, 2.69%, 0, 6, 11, 38.61
1700976464, 0, 675, 749, 610, 7, 2.69%, 0, 6, 11, 39.77
1700976536, 0, 675, 750, 611, 7, 2.69%, 0, 6, 11, 38.20
1700976796, 0, 675, 752, 613, 7, 2.69%, 0, 6, 11, 41.48
1700976801, 0, 675, 753, 614, 7, 2.69%, 0, 6, 11, 41.81
1700976832, 0, 675, 754, 615, 7, 2.69%, 0, 6, 11, 38.39
1700976837, 0, 675, 755, 616, 7, 2.69%, 0, 6, 11, 38.83
1700976842, 0, 675, 756, 617, 7, 2.69%, 0, 6, 11, 37.26
1700976858, 0, 684, 756, 616, 6, 2.69%, 0, 6, 11, 38.31
1700976899, 0, 684, 757, 617, 6, 2.69%, 0, 6, 11, 39.98
1700976919, 0, 716, 758, 617, 5, 2.69%, 0, 6, 11, 38.06
1700977042, 0, 716, 760, 619, 5, 2.69%, 0, 6, 11, 38.94
1700977052, 0, 716, 761, 620, 5, 2.69%, 0, 6, 11, 37.21
1700977093, 0, 739, 761, 619, 4, 2.69%, 0, 6, 11, 36.85
1700977098, 0, 739, 762, 620, 4, 2.69%, 0, 6, 12, 37.18
1700977334, 0, 739, 763, 621, 4, 2.69%, 0, 6, 12, 39.40
1700977339, 0, 739, 764, 622, 4, 2.69%, 0, 6, 12, 36.31
1700977354, 0, 739, 765, 623, 4, 2.69%, 0, 6, 12, 35.50
1700977390, 0, 742, 766, 623, 5, 2.69%, 0, 6, 12, 40.01
1700977660, 0, 742, 767, 624, 5, 2.69%, 0, 6, 12, 42.94
1700977665, 0, 742, 768, 625, 5, 2.69%, 0, 6, 12, 41.46
1700977670, 0, 742, 771, 628, 5, 2.69%, 0, 6, 12, 37.70
1700977696, 0, 742, 772, 629, 5, 2.69%, 0, 6, 12, 38.92
1700977711, 0, 742, 773, 630, 5, 2.69%, 0, 6, 12, 36.56
1700977721, 0, 749, 773, 629, 4, 2.69%, 0, 6, 12, 38.66
1700978048, 0, 749, 774, 630, 4, 2.69%, 0, 6, 12, 39.18
1700978058, 0, 749, 776, 632, 4, 2.69%, 0, 6, 12, 39.03
1700978079, 0, 749, 777, 633, 4, 2.69%, 0, 6, 12, 37.90
1700978089, 0, 749, 778, 634, 4, 2.69%, 0, 6, 12, 37.89
1700978104, 0, 749, 779, 635, 4, 2.69%, 0, 6, 12, 41.38
1700978109, 0, 756, 779, 634, 3, 2.69%, 0, 6, 12, 38.93
1700978170, 0, 760, 781, 635, 2, 2.69%, 0, 6, 12, 37.60
1700978175, 0, 760, 782, 636, 2, 2.69%, 0, 6, 12, 37.98
1700978180, 0, 760, 784, 638, 2, 2.69%, 0, 6, 12, 40.86
1700978201, 0, 760, 785, 639, 2, 2.69%, 0, 6, 12, 40.28
1700978206, 0, 760, 787, 641, 2, 2.69%, 0, 6, 12, 40.63
1700978267, 0, 760, 789, 643, 2, 2.69%, 0, 6, 12, 36.37
1700978272, 0, 760, 790, 644, 2, 2.69%, 0, 6, 12, 36.80
1700978293, 0, 761, 790, 643, 3, 2.69%, 0, 6, 12, 36.89
1700978533, 0, 761, 791, 644, 3, 2.69%, 0, 6, 13, 41.47
1700978543, 0, 763, 791, 643, 2, 2.69%, 0, 6, 13, 41.75
1700978768, 0, 763, 792, 644, 2, 2.69%, 0, 6, 13, 34.29
1700978773, 0, 763, 793, 645, 2, 2.69%, 0, 6, 13, 37.03
1700978793, 0, 763, 794, 646, 2, 2.69%, 0, 6, 13, 33.78
1700978824, 0, 763, 795, 647, 2, 2.69%, 0, 6, 13, 31.79
1700978829, 0, 763, 796, 648, 2, 2.69%, 0, 6, 13, 29.46
1700978845, 0, 785, 796, 647, 1, 2.69%, 0, 6, 13, 34.21
1700978881, 0, 785, 797, 648, 1, 2.69%, 0, 6, 13, 37.20
1700978968, 0, 795, 797, 647, 0, 2.69%, 0, 6, 13, 37.55
1700979039, 0, 795, 798, 648, 0, 2.69%, 0, 6, 14, 37.20
1700980025, 1, 1, 798, 647, 0, 2.69%, 0, 6, 14, 37.45
1700980030, 1, 19, 798, 647, 0, 2.69%, 0, 6, 14, 34.09
1700982189, 1, 23, 798, 646, 0, 2.69%, 0, 6, 14, 29.18
1700984400, 1, 24, 798, 645, 0, 2.69%, 0, 6, 14, 36.82
1700986541, 1, 26, 798, 644, 0, 2.69%, 0, 6, 14, 39.77
1700988754, 1, 26, 799, 645, 0, 2.69%, 0, 6, 14, 33.68
1700988759, 1, 27, 799, 644, 0, 2.69%, 0, 6, 14, 30.66
1700990945, 1, 30, 799, 643, 0, 2.69%, 0, 6, 14, 35.46
1700993073, 1, 34, 799, 642, 0, 2.69%, 0, 6, 14, 35.23
1700995223, 1, 35, 799, 641, 0, 2.69%, 0, 6, 14, 35.90
1700997382, 1, 42, 799, 640, 0, 2.69%, 0, 6, 14, 35.79
1700999521, 1, 47, 799, 639, 0, 2.69%, 0, 6, 14, 28.56
1701001590, 1, 52, 799, 638, 0, 2.69%, 0, 6, 14, 35.77
1701003691, 1, 54, 799, 637, 0, 2.69%, 0, 6, 14, 36.77
1701005767, 1, 60, 799, 636, 0, 2.69%, 0, 6, 14, 34.44
1701007819, 1, 61, 799, 635, 0, 2.69%, 0, 6, 14, 37.69
1701009760, 1, 63, 799, 634, 0, 2.69%, 0, 6, 14, 42.18
1701011595, 1, 64, 799, 633, 0, 2.69%, 0, 6, 14, 40.20
1701013456, 1, 68, 799, 632, 0, 2.69%, 0, 6, 14, 42.62
1701015291, 1, 76, 799, 631, 0, 2.69%, 0, 6, 14, 37.94
1701017239, 1, 81, 799, 630, 0, 2.69%, 0, 6, 14, 38.38
1701019193, 1, 86, 799, 629, 0, 2.69%, 0, 6, 14, 35.28
1701021266, 1, 90, 799, 628, 0, 2.69%, 0, 6, 14, 40.19
1701023399, 1, 91, 799, 627, 0, 2.69%, 0, 6, 14, 35.24
1701025532, 1, 92, 799, 626, 0, 2.69%, 0, 6, 14, 37.79
1701027639, 1, 110, 799, 625, 0, 2.69%, 0, 6, 14, 33.68
1701029695, 1, 117, 799, 624, 0, 2.69%, 0, 6, 14, 44.82
1701031563, 1, 122, 799, 623, 0, 2.69%, 0, 6, 14, 36.41
1701033587, 1, 123, 799, 622, 0, 2.69%, 0, 6, 14, 39.37
1701035537, 1, 124, 799, 621, 0, 2.69%, 0, 6, 14, 37.37
1701037556, 1, 131, 799, 620, 0, 2.69%, 0, 6, 14, 39.94
1701039511, 1, 135, 799, 619, 0, 2.69%, 0, 6, 14, 38.71
1701041596, 1, 140, 799, 618, 0, 2.69%, 0, 6, 14, 37.00
1701043662, 1, 143, 799, 617, 0, 2.69%, 0, 6, 14, 37.13
1701045836, 1, 157, 799, 616, 0, 2.69%, 0, 6, 14, 37.32
1701047910, 1, 158, 799, 615, 0, 2.69%, 0, 6, 14, 40.22
1701049935, 1, 160, 799, 614, 0, 2.69%, 0, 6, 14, 35.80
1701052019, 1, 162, 799, 613, 0, 2.69%, 0, 6, 14, 36.11
1701054122, 1, 167, 799, 612, 0, 2.69%, 0, 6, 14, 37.89
1701055964, 1, 168, 799, 611, 0, 2.69%, 0, 6, 14, 34.11
1701057904, 1, 172, 799, 610, 0, 2.69%, 0, 6, 14, 29.83
1701059979, 1, 172, 800, 611, 0, 2.69%, 0, 6, 14, 42.34
1701059984, 1, 174, 800, 610, 0, 2.69%, 0, 6, 14, 40.85
1701062041, 1, 175, 800, 609, 0, 2.69%, 0, 6, 14, 41.00
1701064132, 1, 176, 800, 608, 0, 2.69%, 0, 6, 14, 41.43
1701066320, 1, 179, 800, 607, 0, 2.69%, 0, 6, 14, 38.46
1701068486, 1, 190, 800, 606, 0, 2.69%, 0, 6, 14, 37.12
1701070566, 1, 198, 800, 605, 0, 2.69%, 0, 6, 14, 38.96
1701072566, 1, 272, 801, 605, 1, 2.82%, 0, 6, 14, 29.66
1701074567, 1, 342, 801, 604, 1, 2.82%, 0, 6, 14, 35.19
1701074796, 1, 376, 801, 603, 1, 2.82%, 0, 6, 14, 39.37
1701074934, 1, 431, 801, 602, 1, 2.82%, 0, 6, 14, 40.70
1701075031, 1, 457, 802, 602, 1, 2.82%, 0, 6, 14, 35.05
1701075168, 1, 470, 802, 601, 1, 2.82%, 0, 6, 14, 42.83
1701075209, 1, 470, 804, 603, 1, 2.82%, 0, 6, 14, 44.71
1701075214, 1, 477, 804, 602, 1, 2.82%, 0, 6, 14, 43.41
1701075306, 1, 676, 804, 601, 1, 2.82%, 0, 6, 14, 42.78
1701075612, 1, 676, 806, 603, 1, 2.82%, 0, 6, 14, 39.55
1701075642, 1, 800, 806, 602, 1, 2.82%, 0, 6, 14, 36.64
1701075647, 1, 800, 810, 606, 1, 2.82%, 0, 6, 14, 40.85
1701075663, 1, 800, 812, 608, 1, 2.82%, 0, 6, 14, 2.03
1701075678, 1, 800, 820, 616, 1, 2.84%, 0, 6, 14, 41.87
1701075683, 1, 800, 833, 629, 1, 2.85%, 0, 6, 14, 39.62
1701075688, 1, 800, 835, 631, 1, 2.85%, 0, 6, 14, 39.21
1701075693, 1, 800, 838, 634, 1, 2.85%, 0, 6, 14, 40.30
1701075698, 1, 800, 841, 637, 1, 2.85%, 0, 6, 14, 40.87
1701075729, 1, 800, 842, 638, 1, 2.85%, 0, 6, 14, 40.20
1701075759, 1, 800, 844, 640, 1, 2.85%, 0, 6, 14, 39.96
1701075764, 1, 800, 845, 641, 1, 2.86%, 0, 6, 14, 38.16
1701075800, 1, 800, 846, 642, 1, 2.86%, 0, 6, 14, 42.36
1701075836, 1, 800, 848, 644, 1, 2.88%, 0, 6, 14, 41.89
1701075841, 1, 800, 849, 645, 1, 2.88%, 0, 6, 14, 39.44
1701075851, 1, 800, 850, 646, 1, 2.89%, 0, 6, 14, 41.38
1701075882, 1, 800, 851, 647, 1, 2.89%, 0, 6, 14, 40.90
1701075887, 1, 800, 852, 648, 1, 2.89%, 0, 6, 14, 40.23
1701075892, 1, 800, 854, 650, 1, 2.89%, 0, 6, 14, 40.25
1701075963, 1, 800, 855, 651, 1, 2.89%, 0, 6, 14, 42.78
1701075989, 1, 800, 857, 653, 1, 3.04%, 0, 6, 14, 41.57
1701076045, 1, 800, 860, 656, 1, 3.04%, 0, 6, 14, 45.21
1701076050, 1, 800, 865, 661, 1, 3.04%, 0, 6, 14, 44.66
1701076559, 1, 800, 866, 662, 1, 3.04%, 0, 6, 14, 41.13
1701076564, 1, 800, 867, 663, 1, 3.04%, 0, 6, 14, 42.10
1701076677, 1, 800, 868, 664, 1, 3.07%, 0, 6, 14, 39.77
1701076682, 1, 800, 869, 665, 1, 3.07%, 0, 6, 14, 40.98
1701076702, 1, 800, 870, 666, 1, 3.07%, 0, 6, 14, 38.36
1701076707, 1, 800, 871, 667, 1, 3.07%, 0, 6, 14, 36.91
1701076712, 1, 800, 874, 670, 1, 3.07%, 0, 6, 14, 35.28
1701076722, 1, 800, 875, 671, 1, 3.07%, 0, 6, 14, 36.93
1701076748, 1, 800, 876, 672, 1, 3.07%, 0, 6, 14, 43.39
1701076763, 1, 800, 878, 674, 1, 3.07%, 0, 6, 14, 39.15
1701076773, 1, 800, 879, 675, 1, 3.07%, 0, 6, 14, 40.98
1701076778, 1, 800, 881, 677, 1, 3.07%, 0, 6, 14, 41.23
1701076799, 1, 800, 882, 678, 1, 3.07%, 0, 6, 14, 40.08
1701076844, 1, 814, 882, 677, 18, 3.07%, 0, 6, 14, 38.44
1701077181, 1, 814, 883, 678, 18, 3.16%, 0, 6, 14, 39.35
1701077955, 1, 814, 884, 679, 18, 3.16%, 0, 6, 14, 38.36
1701077960, 1, 814, 885, 680, 18, 3.16%, 0, 6, 14, 38.12
1701077971, 1, 814, 886, 681, 18, 3.16%, 0, 6, 14, 39.04
1701078017, 1, 814, 887, 682, 18, 3.16%, 0, 6, 14, 41.63
1701078037, 1, 816, 887, 681, 18, 3.16%, 0, 6, 14, 39.01
1701078449, 1, 817, 887, 680, 17, 3.16%, 0, 6, 14, 39.70
1701078866, 1, 818, 887, 679, 16, 3.16%, 0, 6, 14, 41.94
1701079293, 1, 818, 888, 680, 16, 3.16%, 0, 6, 14, 44.69
1701079303, 1, 821, 888, 679, 15, 3.16%, 0, 6, 14, 41.67
1701079752, 1, 822, 888, 678, 14, 3.16%, 0, 6, 14, 40.56
1701080206, 1, 823, 888, 677, 13, 3.16%, 0, 6, 14, 39.18
1701080649, 1, 829, 888, 676, 12, 3.16%, 0, 6, 14, 36.59
1701081107, 1, 830, 888, 675, 11, 3.16%, 0, 6, 14, 39.23
1701081617, 1, 842, 888, 674, 10, 3.16%, 0, 6, 14, 41.53
1701081943, 1, 842, 889, 675, 10, 3.17%, 0, 6, 14, 43.32
1701082706, 1, 844, 889, 674, 11, 3.17%, 0, 6, 14, 36.40
1701082914, 1, 844, 890, 675, 11, 3.18%, 0, 6, 14, 43.55
1701083192, 1, 846, 890, 674, 11, 3.18%, 0, 6, 14, 42.86
1701083360, 1, 846, 891, 675, 11, 3.18%, 0, 6, 14, 44.74
1701083599, 1, 847, 891, 674, 11, 3.18%, 0, 6, 14, 39.66
1701083635, 1, 847, 892, 675, 11, 3.18%, 0, 6, 14, 41.81
1701084093, 1, 848, 892, 674, 11, 3.18%, 0, 6, 14, 42.22
1701084738, 1, 848, 893, 675, 11, 3.18%, 0, 6, 14, 43.97
1701084748, 1, 849, 893, 674, 11, 3.18%, 0, 6, 14, 39.56
1701084895, 1, 849, 894, 675, 11, 3.28%, 0, 6, 14, 44.40
1701085648, 1, 853, 894, 674, 11, 3.28%, 0, 6, 14, 39.34
1701086142, 1, 855, 894, 673, 10, 3.28%, 0, 6, 14, 40.64
1701086173, 1, 855, 895, 674, 10, 3.28%, 0, 6, 14, 39.01
1701086178, 1, 855, 902, 681, 10, 3.33%, 0, 6, 14, 39.54
1701086213, 1, 855, 904, 683, 10, 3.33%, 0, 6, 14, 35.06
1701086218, 1, 855, 906, 685, 10, 3.33%, 0, 6, 14, 39.52
1701086254, 1, 855, 907, 686, 10, 3.33%, 0, 6, 14, 38.08
1701086346, 1, 855, 919, 698, 10, 3.33%, 0, 6, 14, 27.78
1701086351, 1, 855, 920, 699, 10, 3.33%, 0, 6, 14, 16.92
1701086357, 1, 855, 921, 700, 10, 3.34%, 0, 6, 14, 30.13
1701086362, 1, 855, 923, 702, 10, 3.34%, 0, 6, 14, 38.44
1701086367, 1, 855, 924, 703, 10, 3.34%, 0, 6, 14, 41.21
1701086658, 1, 855, 925, 704, 10, 3.34%, 0, 6, 14, 38.24
1701086663, 1, 855, 926, 705, 10, 3.34%, 0, 6, 14, 40.80
1701086683, 1, 864, 926, 704, 15, 3.34%, 0, 6, 14, 41.30
1701087777, 1, 868, 926, 703, 14, 3.34%, 0, 6, 14, 38.47
1701087812, 1, 868, 927, 704, 14, 3.34%, 0, 6, 14, 39.64
1701087818, 1, 868, 930, 707, 14, 3.41%, 0, 6, 14, 39.11
1701087858, 1, 868, 931, 708, 14, 3.41%, 0, 6, 14, 41.46
1701087894, 1, 868, 932, 709, 14, 3.41%, 0, 6, 14, 40.63
1701088328, 1, 882, 932, 708, 16, 3.41%, 0, 6, 14, 41.75
1701088358, 1, 882, 939, 715, 16, 3.41%, 0, 6, 14, 42.24
1701088394, 1, 882, 943, 719, 16, 3.41%, 0, 6, 14, 45.87
1701088429, 1, 882, 944, 720, 16, 3.41%, 0, 6, 14, 39.05
1701088434, 1, 882, 946, 722, 16, 3.41%, 0, 6, 14, 44.39
1701088440, 1, 882, 946, 722, 16, 3.41%, 0, 7, 14, 1.68
1701088522, 1, 882, 947, 723, 16, 3.41%, 0, 7, 14, 16.35
1701088537, 1, 882, 948, 724, 16, 3.42%, 0, 7, 14, 37.39
1701088542, 1, 882, 949, 725, 16, 3.42%, 0, 7, 14, 40.17
1701088828, 1, 882, 950, 726, 16, 3.42%, 0, 7, 14, 33.58
1701088833, 1, 882, 951, 727, 16, 3.42%, 0, 7, 14, 37.78
1701088854, 1, 889, 951, 726, 17, 3.42%, 0, 7, 14, 37.85
1701088894, 1, 889, 953, 728, 17, 3.43%, 0, 7, 14, 44.49
1701089357, 1, 890, 953, 727, 18, 3.43%, 0, 7, 14, 37.01
1701089398, 1, 890, 954, 728, 18, 3.43%, 0, 7, 14, 40.61
1701089790, 1, 890, 955, 729, 18, 3.43%, 0, 7, 14, 45.05
1701089800, 1, 891, 955, 728, 18, 3.43%, 0, 7, 14, 43.68
1701090303, 1, 892, 955, 727, 17, 3.43%, 0, 7, 14, 43.40
1701090313, 1, 892, 956, 728, 17, 3.43%, 0, 7, 14, 46.82
1701090599, 1, 892, 957, 729, 17, 3.43%, 0, 7, 14, 49.96
1701090609, 1, 893, 957, 728, 16, 3.43%, 0, 7, 14, 48.58
1701090639, 1, 893, 958, 729, 16, 3.48%, 0, 7, 14, 38.25
1701090644, 1, 893, 968, 739, 16, 3.48%, 0, 7, 14, 43.33
1701090649, 1, 893, 972, 743, 16, 3.50%, 0, 7, 14, 44.49
1701090654, 1, 893, 977, 748, 16, 3.50%, 0, 7, 14, 42.56
1701090659, 1, 893, 978, 749, 16, 3.50%, 0, 7, 14, 41.24
1701090690, 1, 893, 981, 752, 16, 3.50%, 0, 7, 14, 39.51
1701090705, 1, 893, 984, 755, 16, 3.50%, 0, 7, 14, 44.66
1701090741, 1, 893, 985, 756, 16, 3.50%, 0, 7, 14, 41.06
1701090746, 1, 893, 986, 757, 16, 3.51%, 0, 7, 14, 37.63
1701090751, 1, 893, 988, 759, 16, 3.51%, 0, 7, 14, 38.72
1701090761, 1, 893, 989, 760, 16, 3.51%, 0, 7, 14, 42.21
1701090843, 1, 893, 990, 761, 16, 3.51%, 0, 7, 14, 34.85
1701090858, 1, 893, 991, 762, 16, 3.51%, 0, 7, 14, 37.40
1701090929, 1, 893, 993, 764, 16, 3.51%, 0, 7, 14, 39.79
1701091199, 1, 893, 994, 765, 16, 3.51%, 0, 7, 14, 43.31
1701091229, 1, 893, 995, 766, 16, 3.51%, 0, 7, 14, 38.77
1701091444, 1, 893, 997, 768, 16, 3.51%, 0, 7, 14, 34.00
1701091520, 1, 899, 997, 767, 22, 3.51%, 0, 7, 14, 45.29
1701091550, 1, 899, 1001, 771, 22, 3.51%, 0, 7, 14, 18.66
1701091556, 1, 899, 1002, 772, 22, 3.51%, 0, 7, 14, 39.24
1701091703, 1, 899, 1010, 780, 22, 3.51%, 0, 7, 14, 27.34
1701091708, 1, 899, 1011, 781, 22, 3.51%, 0, 7, 14, 17.16
1701091988, 1, 899, 1013, 783, 22, 3.51%, 0, 7, 14, 34.95
1701092014, 1, 900, 1013, 782, 21, 3.51%, 0, 7, 14, 40.73
1701092049, 1, 900, 1017, 786, 21, 3.52%, 0, 7, 14, 42.11
1701092085, 1, 900, 1018, 787, 21, 3.52%, 0, 7, 14, 35.89
1701092208, 1, 900, 1023, 792, 21, 3.52%, 0, 7, 14, 24.65
1701092213, 1, 900, 1029, 798, 21, 3.52%, 0, 7, 14, 19.86
1701092223, 1, 900, 1030, 799, 21, 3.52%, 0, 7, 14, 44.09
1701092498, 1, 900, 1031, 800, 21, 3.52%, 0, 7, 14, 33.45
1701092508, 1, 900, 1032, 801, 21, 3.52%, 0, 7, 14, 45.52
1701092523, 1, 920, 1032, 800, 21, 3.52%, 0, 7, 14, 45.83
1701092554, 1, 920, 1034, 802, 21, 3.52%, 0, 7, 14, 44.22
1701092696, 1, 920, 1035, 803, 21, 3.52%, 0, 7, 14, 37.73
1701092701, 1, 920, 1038, 806, 21, 3.52%, 0, 7, 14, 9.78
1701092833, 1, 920, 1039, 807, 21, 3.52%, 0, 7, 14, 39.65
1701093005, 1, 924, 1039, 806, 21, 3.52%, 0, 7, 14, 42.67
1701093515, 1, 927, 1039, 805, 20, 3.52%, 0, 7, 14, 43.78
1701093545, 1, 927, 1040, 806, 20, 3.56%, 0, 7, 14, 41.50
1701093550, 1, 927, 1047, 813, 20, 3.56%, 0, 7, 14, 38.94
1701093555, 1, 927, 1048, 814, 20, 3.56%, 0, 7, 14, 36.93
1701093586, 1, 927, 1049, 815, 20, 3.56%, 0, 7, 14, 41.41
1701093631, 1, 927, 1050, 816, 20, 3.58%, 0, 7, 14, 42.33
1701093713, 1, 927, 1051, 817, 20, 3.58%, 0, 7, 14, 37.21
1701094043, 1, 929, 1051, 816, 21, 3.58%, 0, 7, 14, 37.65
1701094577, 1, 930, 1051, 815, 20, 3.58%, 0, 7, 14, 39.95
1701095096, 1, 937, 1051, 814, 19, 3.58%, 0, 7, 14, 40.08
1701095132, 1, 937, 1053, 816, 19, 3.58%, 0, 7, 14, 41.32
1701095295, 1, 937, 1055, 818, 19, 3.58%, 0, 7, 14, 26.08
1701095611, 1, 938, 1055, 817, 18, 3.58%, 0, 7, 14, 36.53
1701096141, 1, 951, 1055, 816, 18, 3.58%, 0, 7, 14, 34.99
1701096629, 1, 952, 1055, 815, 17, 3.58%, 0, 7, 14, 42.58
1701097138, 1, 953, 1055, 814, 16, 3.58%, 0, 7, 14, 35.08
1701097565, 1, 957, 1055, 813, 15, 3.58%, 0, 7, 14, 41.85
1701097595, 1, 957, 1062, 820, 15, 3.58%, 0, 7, 14, 43.94
1701097600, 1, 957, 1064, 822, 15, 3.58%, 0, 7, 14, 47.44
1701097605, 1, 957, 1066, 824, 15, 3.60%, 0, 7, 14, 46.70
1701097615, 1, 957, 1067, 825, 15, 3.60%, 0, 7, 14, 43.40
1701097646, 1, 957, 1068, 826, 15, 3.60%, 0, 7, 14, 41.56
1701097788, 1, 957, 1069, 827, 15, 3.60%, 0, 7, 14, 42.24
1701097833, 1, 957, 1070, 828, 15, 3.60%, 0, 7, 14, 42.29
1701098341, 1, 957, 1071, 829, 15, 3.60%, 0, 7, 14, 36.45
1701098412, 1, 968, 1071, 828, 16, 3.60%, 0, 7, 14, 45.52
1701099240, 1, 970, 1071, 827, 15, 3.60%, 0, 7, 14, 45.79
1701099270, 1, 970, 1075, 831, 15, 3.60%, 0, 7, 14, 49.18
1701099286, 1, 970, 1076, 832, 15, 3.60%, 0, 7, 14, 48.15
1701100093, 1, 983, 1076, 831, 15, 3.60%, 0, 7, 14, 42.52
1701100128, 1, 983, 1078, 833, 15, 3.60%, 0, 7, 14, 39.35
1701100133, 1, 983, 1079, 834, 15, 3.60%, 0, 7, 14, 42.03
1701100230, 1, 983, 1080, 835, 15, 3.60%, 0, 7, 14, 33.01
1701100348, 1, 983, 1081, 836, 15, 3.60%, 0, 7, 14, 42.04
1701100725, 1, 983, 1082, 837, 15, 3.60%, 0, 7, 14, 28.24
1701101031, 1, 985, 1082, 836, 14, 3.60%, 0, 7, 14, 40.81
1701101066, 1, 985, 1088, 842, 14, 3.60%, 0, 7, 14, 39.65
1701101117, 1, 985, 1089, 843, 14, 3.60%, 0, 7, 14, 40.84
1701101362, 1, 985, 1090, 844, 14, 3.60%, 0, 7, 14, 42.37
1701101657, 1, 985, 1091, 845, 14, 3.60%, 0, 7, 14, 35.97
1701101953, 1, 992, 1091, 844, 14, 3.60%, 0, 7, 14, 40.08
1701101988, 1, 992, 1092, 845, 14, 3.60%, 0, 7, 14, 38.94
1701102004, 1, 992, 1093, 846, 14, 3.60%, 0, 7, 14, 40.93
1701102814, 1, 992, 1094, 847, 14, 3.60%, 0, 7, 14, 34.81
1701102890, 1, 1023, 1094, 846, 14, 3.60%, 0, 7, 14, 40.05
1701102931, 1, 1023, 1097, 849, 14, 3.60%, 0, 7, 14, 39.66
1701102966, 1, 1023, 1099, 851, 14, 3.60%, 0, 7, 14, 37.71
1701103002, 1, 1023, 1100, 852, 14, 3.60%, 0, 7, 14, 38.11
1701103089, 1, 1023, 1101, 853, 14, 3.60%, 0, 7, 14, 27.12
1701103094, 1, 1023, 1103, 855, 14, 3.60%, 0, 7, 14, 33.13
1701103104, 1, 1023, 1104, 856, 14, 3.60%, 0, 7, 14, 44.43
1701103426, 1, 1029, 1104, 855, 13, 3.60%, 0, 7, 14, 41.90
1701103630, 1, 1029, 1105, 856, 13, 3.60%, 0, 7, 14, 23.05
1701103952, 1, 1029, 1106, 857, 13, 3.60%, 0, 7, 14, 35.59
1701103977, 1, 1031, 1106, 856, 13, 3.60%, 0, 7, 14, 41.34
1701104008, 1, 1031, 1107, 857, 13, 3.60%, 0, 7, 14, 38.40
1701104013, 1, 1031, 1108, 858, 13, 3.60%, 0, 7, 14, 42.57
1701104044, 1, 1031, 1110, 860, 13, 3.60%, 0, 7, 14, 38.48
1701104166, 1, 1031, 1117, 867, 13, 3.60%, 0, 7, 14, 28.61
1701104502, 1, 1033, 1117, 866, 12, 3.60%, 0, 7, 14, 39.55
1701104543, 1, 1033, 1120, 869, 12, 3.60%, 0, 7, 14, 38.00
1701104579, 1, 1033, 1121, 870, 12, 3.60%, 0, 7, 14, 35.85
1701104706, 1, 1033, 1126, 875, 12, 3.60%, 0, 7, 14, 27.31
1701104726, 1, 1033, 1127, 876, 12, 3.60%, 0, 7, 14, 36.08
1701105052, 1, 1036, 1127, 875, 11, 3.60%, 0, 7, 14, 36.74
1701105088, 1, 1036, 1128, 876, 11, 3.60%, 0, 7, 14, 36.07
1701105129, 1, 1036, 1129, 877, 11, 3.60%, 0, 7, 14, 39.56
1701105566, 1, 1039, 1129, 876, 10, 3.60%, 0, 7, 14, 41.14
1701105602, 1, 1039, 1136, 883, 10, 3.60%, 0, 7, 14, 38.34
1701105607, 1, 1039, 1137, 884, 10, 3.60%, 0, 7, 14, 32.51
1701105638, 1, 1039, 1138, 885, 10, 3.60%, 0, 7, 14, 36.49
1701105683, 1, 1039, 1139, 886, 10, 3.61%, 0, 7, 14, 41.23
1701105770, 1, 1039, 1140, 887, 10, 3.61%, 0, 7, 14, 32.18
1701106121, 1, 1045, 1140, 886, 11, 3.61%, 0, 7, 14, 33.86
1701106330, 1, 1045, 1141, 887, 11, 3.61%, 0, 7, 14, 39.73
1701106519, 1, 1045, 1142, 888, 11, 3.61%, 0, 7, 14, 31.02
1701106703, 1, 1049, 1142, 887, 10, 3.61%, 0, 7, 14, 39.19
1701106749, 1, 1049, 1143, 888, 10, 3.61%, 0, 7, 14, 38.90
1701107264, 1, 1064, 1143, 887, 9, 3.61%, 0, 7, 14, 37.68
1701108212, 1, 1065, 1143, 886, 8, 3.61%, 0, 7, 14, 39.89
1701108248, 1, 1065, 1145, 888, 8, 3.61%, 0, 7, 14, 40.26
1701108253, 1, 1065, 1146, 889, 8, 3.61%, 0, 7, 14, 34.52
1701108268, 1, 1065, 1147, 890, 8, 3.61%, 0, 7, 14, 37.89
1701108624, 1, 1065, 1148, 891, 8, 3.61%, 0, 7, 14, 41.65
1701109185, 1, 1073, 1148, 890, 7, 3.61%, 0, 7, 14, 30.56
1701110221, 1, 1089, 1148, 889, 6, 3.61%, 0, 7, 14, 38.10
1701111130, 1, 1089, 1149, 890, 6, 3.61%, 0, 7, 14, 37.50
1701111206, 1, 1092, 1149, 889, 5, 3.61%, 0, 7, 14, 46.13
1701111304, 1, 1092, 1150, 890, 5, 3.61%, 0, 7, 14, 39.36
1701111472, 1, 1092, 1151, 891, 5, 3.61%, 0, 7, 14, 40.92
1701112145, 1, 1119, 1151, 890, 5, 3.61%, 0, 7, 14, 37.70
1701112186, 1, 1119, 1152, 891, 5, 3.61%, 0, 7, 14, 34.77
1701112232, 1, 1119, 1153, 892, 5, 3.61%, 0, 7, 14, 34.44
1701112364, 1, 1119, 1154, 893, 5, 3.61%, 0, 7, 14, 7.87
1701112375, 1, 1119, 1155, 894, 5, 3.61%, 0, 7, 14, 32.86
1701112727, 1, 1127, 1155, 893, 5, 3.61%, 0, 7, 14, 38.85
1701112757, 1, 1127, 1158, 896, 5, 3.61%, 0, 7, 14, 40.88
1701113247, 1, 1130, 1158, 895, 5, 3.61%, 0, 7, 14, 38.07
1701113827, 1, 1138, 1158, 894, 4, 3.61%, 0, 7, 14, 39.95
1701113863, 1, 1138, 1159, 895, 4, 3.61%, 0, 7, 14, 37.91
1701114388, 1, 1138, 1160, 896, 4, 3.62%, 0, 7, 14, 40.75
1701114404, 1, 1150, 1160, 895, 4, 3.62%, 0, 7, 14, 36.89
1701114439, 1, 1150, 1162, 897, 4, 3.62%, 0, 7, 14, 40.19
1701114444, 1, 1150, 1163, 898, 4, 3.62%, 0, 7, 14, 44.99
1701114449, 1, 1150, 1165, 900, 4, 3.62%, 0, 7, 14, 47.82
1701114500, 1, 1150, 1166, 901, 4, 3.62%, 0, 7, 14, 24.22
1701115377, 1, 1154, 1166, 900, 4, 3.62%, 0, 7, 14, 36.75
1701115413, 1, 1154, 1167, 901, 4, 3.62%, 0, 7, 14, 26.82
1701115454, 1, 1154, 1168, 902, 4, 3.62%, 0, 7, 14, 41.52
1701115960, 1, 1156, 1168, 901, 4, 3.62%, 0, 7, 14, 42.19
1701116031, 1, 1156, 1170, 903, 4, 3.62%, 0, 7, 14, 36.14
1701116071, 1, 1156, 1171, 904, 4, 3.62%, 0, 7, 14, 36.74
1701116164, 1, 1156, 1173, 906, 4, 3.62%, 0, 7, 14, 25.33
1701116531, 1, 1158, 1173, 905, 3, 3.62%, 0, 7, 14, 25.79
1701116572, 1, 1158, 1174, 906, 3, 3.62%, 0, 7, 14, 35.03
1701116577, 1, 1158, 1175, 907, 3, 3.62%, 0, 7, 14, 34.89
1701116618, 1, 1158, 1176, 908, 3, 3.62%, 0, 7, 14, 41.39
1701116756, 1, 1158, 1177, 909, 3, 3.62%, 0, 7, 14, 32.75
1701117129, 1, 1158, 1178, 910, 3, 3.63%, 0, 7, 14, 45.65
1701117150, 1, 1159, 1178, 909, 4, 3.63%, 0, 7, 14, 44.50
1701117180, 1, 1159, 1179, 910, 4, 3.63%, 0, 7, 14, 41.85
1701117185, 1, 1159, 1181, 912, 4, 3.63%, 0, 7, 14, 32.83
1701117532, 1, 1159, 1182, 913, 4, 3.64%, 0, 7, 14, 30.32
1701117572, 1, 1159, 1183, 914, 4, 3.64%, 0, 7, 14, 36.22
1701117665, 1, 1159, 1186, 917, 4, 3.66%, 0, 7, 14, 33.66
1701117767, 1, 1164, 1186, 916, 11, 3.66%, 0, 7, 14, 39.44
1701118701, 1, 1167, 1186, 915, 10, 3.66%, 0, 7, 14, 42.85
1701119038, 1, 1167, 1187, 916, 10, 3.66%, 0, 7, 14, 40.65
1701119232, 1, 1177, 1188, 916, 9, 3.66%, 0, 7, 14, 38.92
1701119237, 1, 1177, 1190, 918, 9, 3.66%, 0, 7, 14, 32.06
1701119242, 1, 1177, 1191, 919, 9, 3.66%, 0, 7, 14, 26.73
1701119247, 1, 1177, 1192, 920, 9, 3.66%, 0, 7, 14, 21.46
1701119273, 1, 1177, 1195, 923, 9, 3.66%, 0, 7, 14, 27.74
1701119329, 1, 1177, 1196, 924, 9, 3.66%, 0, 7, 14, 32.66
1701119339, 1, 1177, 1197, 925, 9, 3.66%, 0, 7, 14, 27.90
1701119370, 1, 1177, 1201, 929, 9, 3.66%, 0, 7, 14, 22.23
1701119385, 1, 1178, 1201, 928, 9, 3.66%, 0, 7, 14, 36.51
1701119910, 1, 1178, 1203, 930, 9, 3.66%, 0, 7, 14, 24.85
1701120018, 1, 1179, 1203, 929, 10, 3.66%, 0, 7, 14, 33.78
1701120635, 1, 1180, 1203, 928, 9, 3.66%, 0, 7, 14, 35.86
1701121282, 1, 1181, 1203, 927, 8, 3.66%, 0, 7, 14, 38.56
1701121937, 1, 1182, 1203, 926, 7, 3.66%, 0, 7, 14, 40.45
1701122601, 1, 1183, 1203, 925, 6, 3.66%, 0, 7, 14, 43.23
1701122642, 1, 1183, 1206, 928, 6, 3.66%, 0, 7, 14, 42.20
1701122647, 1, 1183, 1207, 929, 6, 3.67%, 0, 7, 14, 39.46
1701122687, 1, 1183, 1208, 930, 6, 3.67%, 0, 7, 14, 37.18
1701122738, 1, 1183, 1210, 932, 6, 3.67%, 0, 7, 14, 39.31
1701122743, 1, 1183, 1211, 933, 6, 3.67%, 0, 7, 14, 38.32
1701122748, 1, 1183, 1212, 934, 6, 3.67%, 0, 7, 14, 39.33
1701122979, 1, 1183, 1213, 935, 6, 3.69%, 0, 7, 14, 33.80
1701123163, 1, 1183, 1215, 937, 6, 3.69%, 0, 7, 14, 35.49
1701123250, 1, 1183, 1216, 938, 6, 3.69%, 0, 7, 14, 42.03
1701123270, 1, 1184, 1216, 937, 8, 3.69%, 0, 7, 14, 26.13
1701123923, 1, 1193, 1216, 936, 7, 3.69%, 0, 7, 14, 40.87
1701124066, 1, 1201, 1216, 935, 6, 3.69%, 0, 7, 14, 37.98
1701124719, 1, 1202, 1216, 934, 5, 3.69%, 0, 7, 14, 34.34
