# unix_time, cycles_done, cur_path, paths_total, pending_total, pending_favs, map_size, unique_crashes, unique_hangs, max_depth, execs_per_sec
1700597287, 0, 0, 1, 1, 1, 0.13%, 0, 0, 1, 10.35
1700597292, 0, 0, 8, 8, 1, 0.50%, 0, 0, 2, 11.68
1700597297, 0, 0, 11, 11, 1, 0.54%, 0, 0, 2, 9.63
1700597302, 0, 0, 16, 16, 1, 1.24%, 0, 0, 2, 8.77
1700597307, 0, 0, 19, 19, 1, 1.25%, 0, 0, 2, 8.48
1700597312, 0, 0, 23, 23, 1, 1.26%, 0, 0, 2, 7.67
1700597318, 0, 0, 27, 27, 1, 1.45%, 0, 0, 2, 8.42
1700597323, 0, 0, 31, 31, 1, 1.46%, 0, 0, 2, 8.36
1700597328, 0, 0, 35, 35, 1, 1.48%, 0, 0, 2, 7.00
1700597333, 0, 0, 38, 38, 1, 1.48%, 0, 0, 2, 7.37
1700597338, 0, 0, 40, 40, 1, 1.49%, 0, 0, 2, 6.54
1700597343, 0, 0, 42, 42, 1, 1.50%, 0, 0, 2, 6.14
1700597348, 0, 0, 43, 43, 1, 1.50%, 0, 0, 2, 5.06
1700597353, 0, 0, 44, 44, 1, 1.50%, 0, 0, 2, 4.94
1700597359, 0, 0, 45, 45, 1, 1.50%, 0, 0, 2, 5.22
1700597369, 0, 0, 46, 46, 1, 1.51%, 0, 0, 2, 4.73
1700597374, 0, 0, 47, 47, 1, 1.69%, 0, 0, 2, 4.81
1700597379, 0, 0, 48, 48, 1, 1.69%, 0, 0, 2, 4.58
1700597405, 0, 0, 49, 49, 1, 1.70%, 0, 0, 2, 4.47
1700597410, 0, 0, 50, 50, 1, 1.91%, 0, 0, 2, 4.93
1700597415, 0, 0, 52, 52, 1, 2.22%, 0, 0, 2, 5.46
1700597477, 0, 0, 53, 53, 1, 2.25%, 0, 0, 2, 4.40
1700597483, 0, 0, 54, 54, 1, 2.32%, 0, 0, 2, 4.71
1700597493, 0, 0, 56, 56, 1, 2.34%, 0, 0, 2, 5.35
1700597534, 0, 1, 56, 55, 27, 2.34%, 0, 0, 2, 16.05
1700597575, 0, 10, 56, 54, 26, 2.34%, 0, 0, 2, 0.58
1700597616, 0, 12, 56, 53, 25, 2.34%, 0, 0, 2, 15.64
1700597652, 0, 13, 56, 52, 24, 2.34%, 0, 0, 2, 15.54
1700597683, 0, 13, 57, 53, 24, 2.34%, 0, 0, 3, 12.07
1700597688, 0, 13, 64, 60, 24, 2.34%, 0, 0, 3, 12.18
1700597693, 0, 13, 70, 66, 24, 2.34%, 0, 0, 3, 12.09
1700597698, 0, 13, 77, 73, 24, 2.34%, 0, 0, 3, 11.88
1700597703, 0, 13, 83, 79, 24, 2.34%, 0, 0, 3, 12.10
1700597708, 0, 13, 89, 85, 24, 2.34%, 0, 0, 3, 11.37
1700597714, 0, 13, 95, 91, 24, 2.34%, 0, 0, 3, 12.04
1700597719, 0, 13, 101, 97, 24, 2.34%, 0, 0, 3, 12.17
1700597724, 0, 13, 105, 101, 24, 2.34%, 0, 0, 3, 12.11
1700597729, 0, 13, 110, 106, 24, 2.34%, 0, 0, 3, 12.00
1700597734, 0, 13, 113, 109, 24, 2.34%, 0, 0, 3, 12.01
1700597739, 0, 13, 117, 113, 24, 2.34%, 0, 0, 3, 11.75
1700597744, 0, 13, 119, 115, 24, 2.34%, 0, 0, 3, 12.40
1700597749, 0, 13, 120, 116, 24, 2.34%, 0, 0, 3, 12.33
1700597775, 0, 13, 124, 120, 24, 2.34%, 0, 0, 3, 11.88
1700597780, 0, 13, 129, 125, 24, 2.34%, 0, 0, 3, 11.96
1700597785, 0, 13, 131, 127, 24, 2.34%, 0, 0, 3, 12.38
1700597826, 0, 13, 132, 128, 24, 2.34%, 0, 0, 3, 12.97
1700597831, 0, 13, 133, 129, 24, 2.34%, 0, 0, 3, 12.57
1700597846, 0, 13, 134, 130, 24, 2.34%, 0, 0, 3, 12.78
1700597851, 0, 13, 136, 132, 24, 2.34%, 0, 0, 3, 12.48
1700597867, 0, 13, 138, 134, 24, 2.34%, 0, 0, 3, 12.30
1700597872, 0, 13, 143, 139, 24, 2.34%, 0, 0, 3, 11.57
1700597877, 0, 13, 147, 143, 24, 2.34%, 0, 0, 3, 11.70
1700597882, 0, 13, 152, 148, 24, 2.34%, 0, 0, 3, 11.58
1700597887, 0, 13, 155, 151, 24, 2.34%, 0, 0, 3, 12.22
1700597892, 0, 13, 157, 153, 24, 2.34%, 0, 0, 3, 12.25
1700597907, 0, 13, 160, 156, 24, 2.34%, 0, 0, 3, 12.59
1700597913, 0, 13, 161, 157, 24, 2.34%, 0, 0, 3, 12.75
1700597923, 0, 13, 163, 159, 24, 2.34%, 0, 0, 3, 12.82
1700597928, 0, 13, 165, 161, 24, 2.34%, 0, 0, 3, 12.40
1700597938, 0, 13, 167, 163, 24, 2.34%, 0, 0, 3, 12.69
1700597943, 0, 13, 168, 164, 24, 2.34%, 0, 0, 3, 12.42
1700597949, 0, 13, 170, 166, 24, 2.34%, 0, 0, 3, 1.83
1700597959, 0, 13, 173, 169, 24, 2.34%, 0, 0, 3, 12.50
1700597964, 0, 13, 174, 170, 24, 2.34%, 0, 0, 3, 12.61
1700597969, 0, 13, 175, 171, 24, 2.34%, 0, 0, 3, 12.41
1700597974, 0, 13, 176, 172, 24, 2.34%, 0, 0, 3, 12.46
1700597980, 0, 13, 177, 173, 24, 2.34%, 0, 0, 3, 12.20
1700597990, 0, 13, 178, 174, 24, 2.34%, 0, 0, 3, 11.91
1700598036, 0, 13, 179, 175, 24, 2.34%, 0, 0, 3, 11.95
1700598051, 0, 13, 180, 176, 24, 2.34%, 0, 0, 3, 12.48
1700598087, 0, 13, 181, 177, 24, 2.34%, 0, 0, 3, 12.08
1700598129, 0, 13, 182, 178, 24, 2.34%, 0, 0, 3, 12.26
1700598134, 0, 13, 183, 179, 24, 2.34%, 0, 0, 3, 12.11
1700598154, 0, 13, 184, 180, 24, 2.34%, 0, 0, 3, 12.11
1700598175, 0, 13, 186, 182, 24, 2.34%, 0, 0, 3, 12.42
1700598180, 0, 13, 188, 184, 24, 2.34%, 0, 0, 3, 11.48
1700598200, 0, 13, 189, 185, 24, 2.34%, 0, 0, 3, 12.23
1700598216, 0, 13, 191, 187, 24, 2.34%, 0, 0, 3, 12.72
1700598236, 0, 13, 192, 188, 24, 2.34%, 0, 0, 3, 12.28
1700598246, 0, 13, 195, 191, 24, 2.34%, 0, 0, 3, 12.63
1700598411, 0, 13, 196, 192, 24, 2.36%, 0, 0, 3, 12.80
1700598416, 0, 13, 197, 193, 24, 2.36%, 0, 0, 3, 12.49
1700598477, 0, 13, 198, 194, 24, 2.36%, 0, 0, 3, 12.87
1700598512, 0, 13, 199, 195, 24, 2.36%, 0, 0, 3, 12.64
1700598518, 0, 13, 200, 196, 24, 2.36%, 0, 0, 3, 12.38
1700598523, 0, 13, 201, 197, 24, 2.36%, 0, 0, 3, 12.51
1700598554, 0, 13, 202, 198, 24, 2.36%, 0, 0, 3, 12.25
1700598569, 0, 13, 203, 199, 24, 2.36%, 0, 0, 3, 12.35
1700598666, 0, 13, 204, 200, 24, 2.37%, 0, 0, 3, 12.24
1700599086, 0, 13, 206, 202, 24, 2.37%, 0, 0, 3, 12.05
1700599092, 0, 13, 211, 207, 24, 2.37%, 0, 0, 3, 11.93
1700599097, 0, 13, 217, 213, 24, 2.37%, 0, 0, 3, 12.34
1700599102, 0, 13, 222, 218, 24, 2.37%, 0, 0, 3, 12.28
1700599112, 0, 13, 226, 222, 24, 2.37%, 0, 0, 3, 11.80
1700599117, 0, 13, 229, 225, 24, 2.37%, 0, 0, 3, 11.73
1700599548, 0, 13, 230, 226, 24, 2.37%, 0, 0, 3, 13.03
1700599650, 0, 13, 232, 228, 24, 2.37%, 0, 0, 3, 13.04
1700599660, 0, 13, 233, 229, 24, 2.37%, 0, 0, 3, 12.53
1700599777, 0, 13, 234, 230, 24, 2.37%, 0, 0, 3, 11.80
1700599844, 0, 13, 235, 231, 24, 2.37%, 0, 0, 3, 13.47
1700601708, 0, 13, 236, 232, 24, 2.37%, 0, 0, 3, 12.98
1700602091, 0, 13, 240, 236, 24, 2.37%, 0, 0, 3, 13.18
1700602265, 0, 13, 241, 237, 24, 2.37%, 0, 0, 3, 13.08
1700602501, 0, 13, 242, 238, 24, 2.37%, 0, 0, 3, 11.75
1700603014, 0, 13, 244, 240, 24, 2.37%, 0, 0, 3, 13.56
1700603019, 0, 13, 245, 241, 24, 2.37%, 0, 0, 3, 13.03
1700603290, 0, 13, 247, 243, 24, 2.37%, 0, 0, 3, 13.04
1700603438, 0, 13, 248, 244, 24, 2.38%, 0, 0, 3, 11.33
1700603659, 0, 13, 249, 245, 24, 2.38%, 0, 0, 3, 11.40
1700603715, 0, 13, 250, 246, 24, 2.38%, 0, 0, 3, 12.18
1700603816, 0, 24, 250, 245, 27, 2.38%, 0, 0, 3, 0.63
1700603821, 0, 24, 251, 246, 27, 2.38%, 0, 0, 3, 12.06
1700603862, 0, 24, 253, 248, 27, 2.39%, 0, 0, 3, 11.52
1700603867, 0, 24, 254, 249, 27, 2.39%, 0, 0, 3, 12.03
1700603873, 0, 24, 256, 251, 27, 2.40%, 0, 0, 3, 12.13
1700603888, 0, 24, 257, 252, 27, 2.46%, 0, 0, 3, 12.21
1700603903, 0, 24, 258, 253, 27, 2.46%, 0, 0, 3, 11.98
1700603909, 0, 24, 259, 254, 27, 2.47%, 0, 0, 3, 12.21
1700603914, 0, 24, 260, 255, 27, 2.47%, 0, 0, 3, 12.37
1700603919, 0, 24, 261, 256, 27, 2.48%, 0, 0, 3, 12.77
1700603934, 0, 24, 262, 257, 27, 2.48%, 0, 0, 3, 11.73
1700603940, 0, 24, 263, 258, 27, 2.48%, 0, 0, 3, 11.76
1700603950, 0, 24, 266, 261, 27, 2.49%, 0, 0, 3, 12.61
1700603965, 0, 24, 268, 263, 27, 2.50%, 0, 0, 3, 12.68
1700604017, 0, 24, 269, 264, 27, 2.50%, 0, 0, 3, 13.63
1700604047, 0, 24, 270, 265, 27, 2.52%, 0, 0, 3, 13.31
1700604058, 0, 24, 271, 266, 27, 2.52%, 0, 0, 3, 13.06
1700604129, 0, 24, 272, 267, 27, 2.52%, 0, 0, 3, 14.07
1700604140, 0, 25, 272, 266, 38, 2.52%, 0, 0, 3, 12.78
1700604190, 0, 28, 272, 265, 37, 2.52%, 0, 0, 3, 13.16
1700604236, 0, 30, 272, 264, 36, 2.52%, 0, 0, 3, 15.32
1700604272, 0, 32, 272, 263, 35, 2.52%, 0, 0, 3, 11.98
1700604323, 0, 34, 272, 262, 33, 2.52%, 0, 0, 3, 15.04
1700604359, 0, 36, 272, 261, 32, 2.52%, 0, 0, 3, 17.83
1700604390, 0, 38, 272, 260, 30, 2.52%, 0, 0, 3, 2.15
1700604446, 0, 42, 272, 259, 29, 2.52%, 0, 0, 3, 15.99
1700604476, 0, 43, 272, 258, 28, 2.52%, 0, 0, 3, 18.03
1700604527, 0, 46, 272, 257, 27, 2.52%, 0, 0, 3, 12.70
1700604563, 0, 46, 276, 261, 27, 2.52%, 0, 0, 3, 10.84
1700604568, 0, 46, 280, 265, 27, 2.52%, 0, 0, 3, 9.93
1700604574, 0, 46, 285, 270, 27, 2.52%, 0, 0, 3, 9.52
1700604579, 0, 46, 289, 274, 27, 2.52%, 0, 0, 3, 9.44
1700604584, 0, 46, 291, 276, 27, 2.52%, 0, 0, 3, 10.13
1700604589, 0, 46, 294, 279, 27, 2.52%, 0, 0, 3, 10.09
1700604594, 0, 46, 297, 282, 27, 2.52%, 0, 0, 3, 9.98
1700604599, 0, 46, 298, 283, 27, 2.52%, 0, 0, 3, 10.00
1700604604, 0, 46, 299, 284, 27, 2.52%, 0, 0, 3, 9.33
1700604609, 0, 46, 302, 287, 27, 2.52%, 0, 0, 3, 10.01
1700604646, 0, 46, 303, 288, 27, 2.52%, 0, 0, 3, 10.20
1700604717, 0, 46, 304, 289, 27, 2.52%, 0, 0, 3, 12.57
1700604723, 0, 46, 305, 290, 27, 2.52%, 0, 0, 3, 13.25
1700604738, 0, 46, 306, 291, 27, 2.52%, 0, 0, 3, 11.42
1700604743, 0, 46, 307, 292, 27, 2.52%, 0, 0, 3, 1.43
1700604749, 0, 46, 309, 294, 27, 2.52%, 0, 0, 3, 9.94
1700604830, 0, 46, 310, 295, 27, 2.52%, 0, 0, 3, 11.59
1700604846, 0, 46, 312, 297, 27, 2.52%, 0, 0, 3, 10.92
1700604995, 0, 46, 314, 299, 27, 2.52%, 0, 0, 3, 12.53
1700605000, 0, 46, 315, 300, 27, 2.52%, 0, 0, 3, 12.71
1700605036, 0, 46, 316, 301, 27, 2.52%, 0, 0, 3, 12.36
1700605277, 0, 46, 318, 303, 27, 2.53%, 0, 0, 3, 12.84
1700605989, 0, 46, 320, 305, 27, 2.53%, 0, 0, 3, 12.85
1700605994, 0, 46, 324, 309, 27, 2.53%, 0, 0, 3, 11.80
1700606000, 0, 46, 327, 312, 27, 2.53%, 0, 0, 3, 12.89
1700606005, 0, 46, 329, 314, 27, 2.58%, 0, 0, 3, 11.94
1700606010, 0, 46, 333, 318, 27, 2.58%, 0, 0, 3, 10.09
1700606015, 0, 46, 336, 321, 27, 2.58%, 0, 0, 3, 8.40
1700606311, 0, 46, 337, 322, 27, 2.58%, 0, 0, 3, 11.58
1700610812, 0, 47, 337, 321, 30, 2.58%, 0, 0, 3, 13.70
1700610925, 0, 49, 337, 320, 29, 2.58%, 0, 0, 3, 12.71
1700610956, 0, 49, 341, 324, 29, 2.62%, 0, 0, 3, 13.31
1700610961, 0, 49, 343, 326, 29, 2.62%, 0, 0, 3, 13.21
1700610966, 0, 49, 344, 327, 29, 2.62%, 0, 0, 3, 13.51
1700610976, 0, 49, 345, 328, 29, 2.62%, 0, 0, 3, 13.96
1700611063, 0, 49, 346, 329, 29, 2.62%, 0, 0, 3, 14.03
1700611079, 0, 49, 348, 331, 29, 2.62%, 0, 0, 3, 13.33
1700611084, 0, 49, 350, 333, 29, 2.62%, 0, 0, 3, 13.20
1700611130, 0, 49, 352, 335, 29, 2.62%, 0, 0, 3, 13.57
1700611135, 0, 49, 353, 336, 29, 2.62%, 0, 0, 3, 12.96
1700611288, 0, 49, 354, 337, 29, 2.62%, 0, 0, 3, 13.55
1700611314, 0, 49, 355, 338, 29, 2.62%, 0, 0, 3, 13.44
1700611375, 0, 49, 358, 341, 29, 2.62%, 0, 0, 3, 13.40
1700611385, 0, 49, 359, 342, 29, 2.62%, 0, 0, 3, 13.24
1700611395, 0, 49, 360, 343, 29, 2.62%, 0, 0, 3, 14.04
1700611533, 0, 49, 361, 344, 29, 2.63%, 0, 0, 3, 13.73
1700611620, 0, 49, 363, 346, 29, 2.63%, 0, 0, 3, 13.07
1700612182, 0, 49, 369, 352, 29, 2.63%, 0, 0, 3, 13.03
1700612187, 0, 49, 374, 357, 29, 2.63%, 0, 0, 3, 13.11
1700612192, 0, 49, 379, 362, 29, 2.63%, 0, 0, 3, 13.43
1700612197, 0, 49, 380, 363, 29, 2.63%, 0, 0, 3, 13.08
1700612764, 0, 49, 384, 367, 29, 2.63%, 0, 0, 3, 13.48
1700612785, 0, 49, 385, 368, 29, 2.63%, 0, 0, 3, 13.59
1700612815, 0, 49, 386, 369, 29, 2.63%, 0, 0, 3, 13.27
1700614553, 0, 49, 387, 370, 29, 2.63%, 0, 0, 3, 13.73
1700614696, 0, 49, 389, 372, 29, 2.63%, 0, 0, 3, 13.41
1700614993, 0, 49, 392, 375, 29, 2.63%, 0, 0, 3, 14.30
1700614998, 0, 49, 393, 376, 29, 2.63%, 0, 0, 3, 14.44
1700615269, 0, 49, 394, 377, 29, 2.63%, 0, 0, 3, 13.40
1700615274, 0, 49, 396, 379, 29, 2.63%, 0, 0, 3, 13.76
1700615684, 0, 49, 397, 380, 29, 2.63%, 0, 0, 3, 13.55
1700615848, 0, 49, 398, 381, 29, 2.63%, 0, 0, 3, 13.67
1700616196, 0, 49, 399, 382, 29, 2.63%, 0, 0, 3, 13.52
1700616558, 0, 49, 400, 383, 29, 2.63%, 0, 0, 3, 13.23
1700616727, 0, 50, 400, 382, 31, 2.63%, 0, 0, 3, 13.10
1700616763, 0, 50, 406, 388, 31, 2.64%, 0, 0, 3, 10.85
1700616768, 0, 50, 411, 393, 31, 2.64%, 0, 0, 3, 1.26
1700616773, 0, 50, 417, 399, 31, 2.64%, 0, 0, 3, 9.18
1700616778, 0, 50, 421, 403, 31, 2.64%, 0, 0, 3, 9.90
1700616784, 0, 50, 426, 408, 31, 2.64%, 0, 0, 3, 9.91
1700616789, 0, 50, 430, 412, 31, 2.64%, 0, 0, 3, 10.31
1700616794, 0, 50, 433, 415, 31, 2.64%, 0, 0, 3, 10.35
1700616799, 0, 50, 437, 419, 31, 2.64%, 0, 0, 3, 9.97
1700616804, 0, 50, 441, 423, 31, 2.64%, 0, 0, 3, 10.11
1700616810, 0, 50, 445, 427, 31, 2.64%, 0, 0, 3, 10.04
1700616820, 0, 50, 449, 431, 31, 2.64%, 0, 0, 3, 10.08
1700616825, 0, 50, 452, 434, 31, 2.64%, 0, 0, 3, 10.41
1700616856, 0, 50, 456, 438, 31, 2.64%, 0, 0, 3, 11.18
1700616861, 0, 50, 460, 442, 31, 2.64%, 0, 0, 3, 10.49
1700616866, 0, 50, 461, 443, 31, 2.64%, 0, 0, 3, 10.40
1700616923, 0, 50, 462, 444, 31, 2.64%, 0, 0, 3, 13.66
1700616933, 0, 50, 463, 445, 31, 2.64%, 0, 0, 3, 13.66
1700616938, 0, 50, 464, 446, 31, 2.64%, 0, 0, 3, 13.34
1700616954, 0, 50, 468, 450, 31, 2.64%, 0, 0, 3, 11.51
1700616959, 0, 50, 470, 452, 31, 2.64%, 0, 0, 3, 11.06
1700616964, 0, 50, 472, 454, 31, 2.64%, 0, 0, 3, 10.95
1700616969, 0, 50, 474, 456, 31, 2.64%, 0, 0, 3, 9.76
1700616999, 0, 50, 476, 458, 31, 2.64%, 0, 0, 3, 11.97
1700617014, 0, 50, 479, 461, 31, 2.64%, 0, 0, 3, 12.09
1700617020, 0, 50, 480, 462, 31, 2.64%, 0, 0, 3, 11.02
1700617025, 0, 50, 483, 465, 31, 2.64%, 0, 0, 3, 10.62
1700617030, 0, 50, 485, 467, 31, 2.64%, 0, 0, 3, 10.57
1700617035, 0, 50, 488, 470, 31, 2.64%, 0, 0, 3, 10.32
1700617040, 0, 50, 490, 472, 31, 2.64%, 0, 0, 3, 10.93
1700617055, 0, 50, 491, 473, 31, 2.64%, 0, 0, 3, 11.20
1700617061, 0, 50, 492, 474, 31, 2.64%, 0, 0, 3, 11.41
1700617081, 0, 50, 493, 475, 31, 2.64%, 0, 0, 3, 10.55
1700617091, 0, 50, 494, 476, 31, 2.64%, 0, 0, 3, 11.24
1700617096, 0, 50, 495, 477, 31, 2.64%, 0, 0, 3, 10.57
1700617132, 0, 50, 496, 478, 31, 2.64%, 0, 0, 3, 10.41
1700617229, 0, 50, 497, 479, 31, 2.64%, 0, 0, 3, 12.09
1700617234, 0, 50, 500, 482, 31, 2.64%, 0, 0, 3, 12.75
1700617255, 0, 50, 502, 484, 31, 2.64%, 0, 0, 3, 12.92
1700617270, 0, 50, 503, 485, 31, 2.64%, 0, 0, 3, 13.09
1700617296, 0, 50, 504, 486, 31, 2.64%, 0, 0, 3, 12.99
1700617378, 0, 50, 505, 487, 31, 2.64%, 0, 0, 3, 10.76
1700617434, 0, 50, 506, 488, 31, 2.64%, 0, 0, 3, 10.02
1700617526, 0, 50, 508, 490, 31, 2.64%, 0, 0, 3, 11.93
1700617633, 0, 50, 510, 492, 31, 2.64%, 0, 0, 3, 11.51
1700617664, 0, 50, 511, 493, 31, 2.64%, 0, 0, 3, 11.34
1700618239, 0, 50, 514, 496, 31, 2.64%, 0, 0, 3, 12.11
1700618244, 0, 50, 518, 500, 31, 2.64%, 0, 0, 3, 10.16
1700618249, 0, 50, 522, 504, 31, 2.64%, 0, 0, 3, 8.93
1700618255, 0, 50, 524, 506, 31, 2.64%, 0, 0, 3, 7.92
1700618265, 0, 50, 527, 509, 31, 2.64%, 0, 0, 3, 12.15
1700618270, 0, 50, 530, 512, 31, 2.65%, 0, 0, 3, 13.51
1700618408, 0, 50, 531, 513, 31, 2.65%, 0, 0, 3, 12.80
1700618500, 0, 50, 532, 514, 31, 2.65%, 0, 0, 3, 13.09
1700618771, 0, 50, 533, 515, 31, 2.65%, 0, 0, 3, 12.35
1700618776, 0, 50, 535, 517, 31, 2.65%, 0, 0, 3, 10.97
1700618792, 0, 50, 536, 518, 31, 2.65%, 0, 0, 3, 12.18
1700619223, 0, 50, 537, 519, 31, 2.65%, 0, 0, 3, 10.49
1700621399, 0, 50, 538, 520, 31, 2.65%, 0, 0, 3, 12.12
1700623162, 0, 50, 539, 521, 31, 2.65%, 0, 0, 3, 12.20
1700623184, 0, 51, 539, 520, 34, 2.65%, 0, 0, 3, 1.13
1700623220, 0, 51, 542, 523, 34, 2.65%, 0, 0, 3, 10.98
1700623225, 0, 51, 546, 527, 34, 2.65%, 0, 0, 3, 9.87
1700623230, 0, 51, 549, 530, 34, 2.65%, 0, 0, 3, 9.65
1700623235, 0, 51, 553, 534, 34, 2.65%, 0, 0, 3, 9.40
1700623240, 0, 51, 555, 536, 34, 2.65%, 0, 0, 3, 9.41
1700623245, 0, 51, 557, 538, 34, 2.65%, 0, 0, 3, 9.36
1700623251, 0, 51, 559, 540, 34, 2.65%, 0, 0, 3, 9.39
1700623256, 0, 51, 561, 542, 34, 2.65%, 0, 0, 3, 9.50
1700623262, 0, 51, 562, 543, 34, 2.65%, 0, 0, 3, 1.34
1700623272, 0, 51, 563, 544, 34, 2.65%, 0, 0, 3, 9.35
1700623297, 0, 51, 564, 545, 34, 2.65%, 0, 0, 3, 10.84
1700623303, 0, 51, 568, 549, 34, 2.65%, 0, 0, 3, 9.68
1700623364, 0, 51, 569, 550, 34, 2.65%, 0, 0, 3, 13.04
1700623400, 0, 51, 572, 553, 34, 2.65%, 0, 0, 3, 10.91
1700623405, 0, 51, 573, 554, 34, 2.65%, 0, 0, 3, 10.08
1700623410, 0, 51, 574, 555, 34, 2.65%, 0, 0, 3, 9.91
1700623415, 0, 51, 575, 556, 34, 2.65%, 0, 0, 3, 10.90
1700623430, 0, 51, 576, 557, 34, 2.65%, 0, 0, 3, 12.82
1700623445, 0, 51, 578, 559, 34, 2.65%, 0, 0, 3, 9.83
1700623486, 0, 51, 579, 560, 34, 2.65%, 0, 0, 3, 9.71
1700623507, 0, 51, 580, 561, 34, 2.65%, 0, 0, 3, 10.80
1700623676, 0, 51, 581, 562, 34, 2.65%, 0, 0, 3, 12.13
1700623682, 0, 51, 582, 563, 34, 2.65%, 0, 0, 3, 12.19
1700623743, 0, 51, 583, 564, 34, 2.65%, 0, 0, 3, 12.68
1700623774, 0, 51, 584, 565, 34, 2.65%, 0, 0, 3, 10.87
1700623825, 0, 51, 586, 567, 34, 2.65%, 0, 0, 3, 10.22
1700624019, 0, 51, 587, 568, 34, 2.65%, 0, 0, 3, 12.63
1700624091, 0, 51, 588, 569, 34, 2.65%, 0, 0, 3, 10.48
1700624208, 0, 51, 589, 570, 34, 2.65%, 0, 0, 3, 10.96
1700624749, 0, 51, 591, 572, 34, 2.65%, 0, 0, 3, 11.56
1700624754, 0, 51, 596, 577, 34, 2.65%, 0, 0, 3, 10.53
1700624764, 0, 51, 598, 579, 34, 2.65%, 0, 0, 3, 10.82
1700624769, 0, 51, 599, 580, 34, 2.65%, 0, 0, 3, 8.99
1700625089, 0, 51, 600, 581, 34, 2.65%, 0, 0, 3, 11.50
1700629879, 0, 52, 600, 580, 36, 2.65%, 0, 0, 3, 1.10
1700630032, 0, 52, 602, 582, 36, 2.69%, 0, 0, 3, 13.06
1700630150, 0, 52, 602, 582, 36, 2.69%, 0, 1, 3, 14.05
1700630160, 0, 53, 602, 581, 37, 2.69%, 0, 1, 3, 13.34
1700630191, 0, 53, 604, 583, 37, 2.69%, 0, 1, 3, 12.91
1700630196, 0, 53, 606, 585, 37, 2.69%, 0, 1, 3, 12.99
1700630299, 0, 53, 607, 586, 37, 2.69%, 0, 1, 3, 13.44
1700630304, 0, 53, 608, 587, 37, 2.69%, 0, 1, 3, 13.45
1700630314, 0, 53, 609, 588, 37, 2.69%, 0, 1, 3, 13.50
1700630319, 0, 53, 610, 589, 37, 2.69%, 0, 1, 3, 13.46
1700630355, 0, 53, 611, 590, 37, 2.69%, 0, 1, 3, 13.30
1700630432, 0, 53, 612, 591, 37, 2.69%, 0, 1, 3, 13.79
1700630534, 0, 53, 613, 592, 37, 2.69%, 0, 1, 3, 13.09
1700630539, 0, 53, 616, 595, 37, 2.69%, 0, 1, 3, 12.83
1700630560, 0, 53, 619, 598, 37, 2.69%, 0, 1, 3, 12.87
1700630871, 0, 53, 620, 599, 37, 2.69%, 0, 1, 3, 12.86
1700630881, 0, 53, 621, 600, 37, 2.69%, 0, 1, 3, 12.49
1700631409, 0, 53, 622, 601, 37, 2.69%, 0, 1, 3, 14.09
1700631414, 0, 53, 626, 605, 37, 2.69%, 0, 1, 3, 14.38
1700631419, 0, 53, 627, 606, 37, 2.71%, 0, 1, 3, 13.59
1700631424, 0, 53, 630, 609, 37, 2.71%, 0, 1, 3, 11.39
