# unix_time, cycles_done, cur_path, paths_total, pending_total, pending_favs, map_size, unique_crashes, unique_hangs, max_depth, execs_per_sec
1701125237, 0, 0, 1, 1, 1, 1.06%, 0, 0, 1, 66.12
1701125242, 0, 0, 29, 29, 1, 1.25%, 0, 0, 2, 111.47
1701125247, 0, 0, 75, 75, 1, 1.25%, 0, 0, 2, 96.67
1701125252, 0, 0, 87, 87, 1, 1.25%, 0, 0, 2, 77.63
1701125257, 0, 0, 96, 96, 1, 1.25%, 0, 0, 2, 49.45
1701125262, 0, 0, 99, 99, 1, 1.25%, 0, 0, 2, 41.77
1701125273, 0, 0, 100, 100, 1, 1.25%, 0, 0, 2, 33.29
1701125278, 0, 0, 103, 103, 1, 1.25%, 0, 0, 2, 33.97
1701125283, 0, 0, 106, 106, 1, 1.25%, 0, 0, 2, 38.12
1701125288, 0, 0, 110, 110, 1, 1.25%, 0, 0, 2, 39.04
1701125293, 0, 0, 121, 121, 1, 1.25%, 0, 0, 2, 34.29
1701125298, 0, 0, 125, 125, 1, 1.25%, 0, 0, 2, 38.90
1701125303, 0, 0, 128, 128, 1, 1.25%, 0, 0, 2, 36.27
1701125309, 0, 0, 135, 135, 1, 1.25%, 0, 0, 2, 33.46
1701125314, 0, 0, 138, 138, 1, 1.25%, 0, 0, 2, 34.97
1701125319, 0, 0, 149, 149, 1, 1.25%, 0, 0, 2, 36.39
1701125324, 0, 0, 156, 156, 1, 1.25%, 0, 0, 2, 37.46
1701125329, 0, 0, 158, 158, 1, 1.25%, 0, 0, 2, 35.72
1701125334, 0, 0, 159, 159, 1, 1.25%, 0, 0, 2, 30.14
1701125339, 0, 0, 162, 162, 1, 1.25%, 0, 0, 2, 39.61
1701125349, 0, 0, 165, 165, 1, 1.25%, 0, 0, 2, 43.51
1701125354, 0, 0, 166, 166, 1, 1.25%, 0, 0, 2, 41.04
1701125365, 0, 0, 167, 167, 1, 1.25%, 0, 0, 2, 41.45
1701125375, 0, 0, 168, 168, 1, 1.25%, 0, 0, 2, 40.63
1701125380, 0, 0, 169, 169, 1, 1.25%, 0, 0, 2, 58.39
1701125385, 0, 0, 171, 171, 1, 1.25%, 0, 0, 2, 45.99
1701125390, 0, 0, 173, 173, 1, 1.25%, 0, 0, 2, 46.12
1701125400, 0, 0, 175, 175, 1, 1.25%, 0, 0, 2, 38.22
1701125405, 0, 0, 179, 179, 1, 1.25%, 0, 0, 2, 41.56
1701125410, 0, 0, 184, 184, 1, 1.25%, 0, 0, 2, 47.71
1701125415, 0, 0, 188, 188, 1, 1.25%, 0, 0, 2, 47.51
1701125441, 0, 0, 189, 189, 1, 1.25%, 0, 0, 2, 41.59
1701125456, 0, 0, 191, 191, 1, 1.28%, 0, 0, 2, 45.43
1701125487, 0, 0, 194, 194, 1, 1.28%, 0, 0, 2, 45.14
1701125492, 0, 0, 195, 195, 1, 1.28%, 0, 0, 2, 39.21
1701125502, 0, 0, 198, 198, 1, 1.28%, 0, 0, 2, 41.76
1701125518, 0, 0, 199, 199, 1, 1.28%, 0, 0, 2, 34.97
1701125528, 0, 0, 201, 201, 1, 1.28%, 0, 0, 2, 38.11
1701125538, 0, 0, 203, 203, 1, 1.28%, 0, 0, 2, 30.71
1701125573, 0, 0, 204, 204, 1, 1.28%, 0, 0, 2, 47.77
1701125655, 0, 0, 209, 209, 1, 1.28%, 0, 0, 2, 40.75
1701125660, 0, 0, 224, 224, 1, 1.28%, 0, 0, 2, 41.36
1701125665, 0, 0, 229, 229, 1, 1.28%, 0, 0, 2, 42.96
1701125741, 0, 0, 231, 231, 1, 1.28%, 0, 0, 2, 34.63
1701125756, 0, 0, 233, 233, 1, 1.28%, 0, 0, 2, 32.93
1701125853, 0, 0, 234, 234, 1, 1.28%, 0, 0, 2, 44.50
1701125858, 0, 0, 235, 235, 1, 1.28%, 0, 0, 2, 45.75
1701125868, 0, 0, 238, 238, 1, 1.28%, 0, 0, 2, 42.85
1701125888, 0, 0, 239, 239, 1, 1.28%, 0, 0, 2, 43.02
1701125894, 0, 0, 241, 241, 1, 1.28%, 0, 0, 2, 41.31
1701125960, 0, 0, 242, 242, 1, 1.28%, 0, 0, 2, 46.29
1701126265, 0, 0, 243, 243, 1, 1.28%, 0, 0, 2, 42.65
1701126418, 0, 0, 246, 246, 1, 1.29%, 0, 0, 2, 41.70
1701126449, 0, 0, 247, 247, 1, 1.29%, 0, 0, 2, 45.31
1701126459, 0, 0, 249, 249, 1, 1.31%, 0, 0, 2, 47.57
1701126637, 0, 0, 250, 250, 1, 1.31%, 0, 0, 2, 41.06
1701126962, 0, 0, 252, 252, 1, 1.31%, 0, 0, 2, 44.58
1701127003, 0, 0, 253, 253, 1, 1.32%, 0, 0, 2, 41.11
1701127120, 0, 1, 253, 252, 10, 1.32%, 0, 0, 2, 2.71
1701127130, 0, 1, 255, 254, 10, 1.34%, 0, 0, 3, 37.80
1701127151, 0, 1, 256, 255, 10, 1.34%, 0, 0, 3, 41.66
1701127161, 0, 1, 262, 261, 10, 1.36%, 0, 0, 3, 41.32
1701127166, 0, 1, 263, 262, 10, 1.36%, 0, 0, 3, 44.13
1701127171, 0, 1, 265, 264, 10, 1.37%, 0, 0, 3, 44.56
1701127176, 0, 1, 267, 266, 10, 1.49%, 0, 0, 3, 45.16
1701127186, 0, 1, 268, 267, 10, 1.50%, 0, 0, 3, 45.50
1701127212, 0, 1, 269, 268, 10, 1.50%, 0, 0, 3, 42.02
1701127227, 0, 1, 270, 269, 10, 1.50%, 0, 0, 3, 41.96
1701127258, 0, 1, 271, 270, 10, 1.50%, 0, 0, 3, 43.53
1701127263, 0, 1, 272, 271, 10, 1.50%, 0, 0, 3, 44.98
1701127283, 0, 1, 273, 272, 10, 1.50%, 0, 0, 3, 39.89
1701127340, 0, 1, 275, 274, 10, 1.50%, 0, 0, 3, 42.94
1701127360, 0, 1, 276, 275, 10, 1.50%, 0, 0, 3, 38.64
1701127365, 0, 1, 277, 276, 10, 1.50%, 0, 0, 3, 38.19
1701127381, 0, 1, 278, 277, 10, 1.50%, 0, 0, 3, 33.07
1701127391, 0, 1, 279, 278, 10, 1.50%, 0, 0, 3, 46.83
1701127473, 0, 3, 280, 278, 19, 1.50%, 0, 0, 3, 38.43
1701127646, 0, 3, 281, 279, 19, 1.51%, 0, 0, 3, 51.00
1701127926, 0, 13, 281, 278, 19, 1.51%, 0, 0, 3, 32.27
1701128349, 0, 13, 282, 279, 19, 1.51%, 0, 0, 3, 35.84
1701128354, 0, 13, 283, 280, 19, 1.51%, 0, 0, 3, 42.68
1701129945, 0, 13, 284, 281, 19, 1.59%, 0, 0, 3, 38.22
1701129976, 0, 13, 285, 282, 19, 1.60%, 0, 0, 3, 35.61
1701130027, 0, 13, 286, 283, 19, 1.63%, 0, 0, 3, 37.34
1701130134, 0, 13, 287, 284, 19, 1.66%, 0, 0, 3, 44.12
1701130149, 0, 13, 288, 285, 19, 1.66%, 0, 0, 3, 43.66
1701130159, 0, 13, 289, 286, 19, 1.66%, 0, 0, 3, 41.11
1701130235, 0, 152, 289, 285, 21, 1.66%, 0, 0, 3, 31.20
1701130302, 0, 152, 290, 286, 21, 1.66%, 0, 0, 3, 42.68
1701130691, 0, 152, 292, 288, 21, 1.66%, 0, 0, 3, 15.60
1701131819, 0, 152, 293, 289, 21, 1.66%, 0, 0, 3, 32.38
1701132308, 0, 202, 293, 288, 21, 1.66%, 0, 0, 3, 41.82
1701132354, 0, 211, 293, 287, 20, 1.66%, 0, 0, 3, 32.35
1701132768, 0, 211, 299, 293, 20, 1.68%, 0, 0, 3, 36.70
1701134146, 0, 248, 299, 292, 20, 1.68%, 0, 0, 3, 15.49
1701134197, 0, 248, 301, 294, 20, 1.69%, 0, 0, 3, 38.67
1701134207, 0, 248, 302, 295, 20, 1.69%, 0, 0, 3, 42.76
1701134238, 0, 248, 302, 295, 20, 1.69%, 0, 1, 3, 31.74
1701134248, 0, 252, 302, 294, 20, 1.69%, 0, 1, 3, 42.42
1701134815, 0, 253, 302, 293, 19, 1.69%, 0, 1, 3, 46.83
1701134855, 0, 261, 305, 295, 18, 1.70%, 0, 1, 4, 41.24
1701134865, 0, 261, 307, 297, 18, 1.70%, 0, 1, 4, 43.33
1701134876, 0, 261, 308, 298, 18, 1.70%, 0, 1, 4, 36.48
1701134886, 0, 261, 310, 300, 18, 1.70%, 0, 1, 4, 45.66
1701134891, 0, 261, 311, 301, 18, 1.70%, 0, 1, 4, 36.98
1701134911, 0, 261, 312, 302, 18, 1.96%, 0, 1, 4, 42.13
1701134952, 0, 261, 313, 303, 18, 1.97%, 0, 1, 4, 43.16
1701134957, 0, 261, 313, 303, 18, 1.97%, 0, 2, 4, 1.80
1701134968, 0, 261, 314, 304, 18, 1.97%, 0, 2, 4, 44.51
1701134973, 0, 261, 315, 305, 18, 1.97%, 0, 2, 4, 47.11
1701134988, 0, 261, 316, 306, 18, 1.98%, 0, 2, 4, 46.43
1701135049, 0, 261, 317, 307, 18, 1.98%, 0, 2, 4, 39.82
1701135136, 0, 261, 318, 308, 18, 1.98%, 0, 2, 4, 44.03
1701135146, 0, 261, 319, 309, 18, 1.98%, 0, 2, 4, 45.09
1701135166, 0, 261, 320, 310, 18, 1.98%, 0, 2, 4, 40.90
1701135181, 0, 261, 321, 311, 18, 2.00%, 0, 2, 4, 43.14
1701135197, 0, 261, 322, 312, 18, 2.00%, 0, 2, 4, 39.36
1701135258, 0, 261, 323, 313, 18, 2.00%, 0, 2, 4, 42.29
1701135283, 0, 262, 323, 312, 25, 2.00%, 0, 2, 4, 44.03
1701135288, 0, 264, 323, 311, 24, 2.00%, 0, 2, 4, 44.00
1701135329, 0, 265, 323, 310, 23, 2.00%, 0, 2, 4, 38.56
1701135339, 0, 266, 327, 313, 22, 2.02%, 0, 2, 4, 40.61
1701135344, 0, 266, 329, 315, 22, 2.02%, 0, 2, 4, 42.90
1701135355, 0, 266, 330, 316, 22, 2.02%, 0, 2, 4, 42.81
1701135360, 0, 266, 336, 322, 22, 2.02%, 0, 2, 4, 45.08
1701135365, 0, 266, 337, 323, 22, 2.02%, 0, 2, 4, 42.11
1701135406, 0, 266, 338, 324, 22, 2.03%, 0, 2, 4, 33.90
1701135411, 0, 266, 339, 325, 22, 2.05%, 0, 2, 4, 39.95
1701135437, 0, 266, 340, 326, 22, 2.05%, 0, 2, 4, 39.61
1701135452, 0, 267, 340, 325, 28, 2.05%, 0, 2, 4, 38.87
1701135462, 0, 269, 340, 324, 27, 2.05%, 0, 2, 4, 34.63
1701135498, 0, 270, 340, 323, 26, 2.05%, 0, 2, 4, 44.50
1701135503, 0, 270, 341, 324, 26, 2.11%, 0, 2, 4, 44.87
1701135543, 0, 278, 341, 323, 26, 2.11%, 0, 2, 4, 46.86
1701135549, 0, 280, 341, 322, 25, 2.11%, 0, 2, 4, 41.27
1701136034, 0, 283, 341, 321, 24, 2.11%, 0, 2, 4, 37.78
1701136039, 0, 283, 343, 323, 24, 2.11%, 0, 2, 4, 38.98
1701136044, 0, 283, 344, 324, 24, 2.11%, 0, 2, 4, 36.60
1701136049, 0, 283, 345, 325, 24, 2.11%, 0, 2, 4, 36.01
1701136059, 0, 283, 348, 328, 24, 2.14%, 0, 2, 4, 30.76
1701136064, 0, 283, 349, 329, 24, 2.15%, 0, 2, 4, 36.09
1701136100, 0, 283, 352, 332, 24, 2.16%, 0, 2, 4, 39.92
1701136131, 0, 283, 353, 333, 24, 2.20%, 0, 2, 4, 43.23
1701136136, 0, 286, 353, 332, 31, 2.20%, 0, 2, 4, 44.18
1701136141, 0, 286, 354, 333, 31, 2.20%, 0, 2, 4, 38.36
1701136146, 0, 286, 357, 336, 31, 2.21%, 0, 2, 4, 36.97
1701136161, 0, 286, 359, 338, 31, 2.21%, 0, 2, 4, 28.80
1701136167, 0, 286, 362, 341, 31, 2.22%, 0, 2, 4, 34.49
1701136172, 0, 286, 363, 342, 31, 2.22%, 0, 2, 4, 38.28
1701136192, 0, 286, 364, 343, 31, 2.22%, 0, 2, 4, 38.25
1701136197, 0, 286, 366, 345, 31, 2.24%, 0, 2, 4, 35.14
1701136228, 0, 286, 367, 346, 31, 2.24%, 0, 2, 4, 35.67
1701136284, 0, 286, 368, 347, 31, 2.24%, 0, 2, 4, 44.78
1701136701, 0, 286, 369, 348, 31, 2.24%, 0, 2, 4, 39.89
1701136752, 0, 286, 371, 350, 31, 2.26%, 0, 2, 4, 32.05
1701136946, 0, 286, 373, 352, 31, 2.26%, 0, 2, 4, 46.64
1701136951, 0, 286, 374, 353, 31, 2.26%, 0, 2, 4, 46.16
1701136966, 0, 288, 374, 352, 41, 2.26%, 0, 2, 4, 41.02
1701137073, 0, 288, 375, 353, 41, 2.26%, 0, 2, 4, 45.16
1701137584, 0, 288, 376, 354, 41, 2.26%, 0, 2, 4, 42.13
1701137589, 0, 288, 377, 355, 41, 2.26%, 0, 2, 4, 44.50
1701137599, 0, 288, 378, 356, 41, 2.26%, 0, 2, 4, 35.81
1701137604, 0, 288, 379, 357, 41, 2.26%, 0, 2, 4, 37.99
1701137624, 0, 288, 380, 358, 41, 2.26%, 0, 2, 4, 43.78
1701137630, 0, 288, 381, 359, 41, 2.26%, 0, 2, 4, 45.15
1701137645, 0, 288, 383, 361, 41, 2.26%, 0, 2, 4, 42.96
1701137655, 0, 288, 384, 362, 41, 2.26%, 0, 2, 4, 41.59
1701137660, 0, 288, 385, 363, 41, 2.26%, 0, 2, 4, 39.21
1701137686, 0, 288, 386, 364, 41, 2.26%, 0, 2, 4, 46.94
1701137711, 0, 288, 387, 365, 41, 2.26%, 0, 2, 4, 40.53
1701137783, 0, 288, 388, 366, 41, 2.27%, 0, 2, 4, 33.90
1701137834, 0, 288, 389, 367, 41, 2.27%, 0, 2, 4, 40.39
1701137844, 0, 288, 390, 368, 41, 2.27%, 0, 2, 4, 38.86
1701137849, 0, 288, 391, 369, 41, 2.27%, 0, 2, 4, 41.88
1701137910, 0, 298, 391, 368, 41, 2.27%, 0, 2, 4, 36.07
1701137936, 0, 298, 392, 369, 41, 2.27%, 0, 2, 4, 39.86
1701137951, 0, 298, 394, 371, 41, 2.27%, 0, 2, 4, 40.73
1701138089, 0, 298, 395, 372, 41, 2.27%, 0, 2, 4, 32.68
1701138293, 0, 298, 397, 374, 41, 2.27%, 0, 2, 4, 26.91
1701139640, 0, 302, 397, 373, 40, 2.27%, 0, 2, 4, 36.88
1701139670, 0, 302, 398, 374, 40, 2.27%, 0, 2, 5, 46.29
1701139711, 0, 304, 398, 373, 39, 2.27%, 0, 2, 5, 46.68
1701139767, 0, 306, 398, 372, 38, 2.27%, 0, 2, 5, 43.36
1701139818, 0, 307, 398, 371, 37, 2.27%, 0, 2, 5, 40.68
1701139869, 0, 311, 403, 375, 36, 2.27%, 0, 2, 5, 42.05
1701139874, 0, 311, 404, 376, 36, 2.28%, 0, 2, 5, 46.03
1701139879, 0, 311, 405, 377, 36, 2.28%, 0, 2, 5, 42.07
1701139889, 0, 311, 407, 379, 36, 2.29%, 0, 2, 5, 43.65
1701139894, 0, 311, 412, 384, 36, 2.33%, 0, 2, 5, 44.85
1701139925, 0, 311, 413, 385, 36, 2.33%, 0, 2, 5, 40.46
1701139930, 0, 311, 414, 386, 36, 2.33%, 0, 2, 5, 40.84
1701139935, 0, 311, 415, 387, 36, 2.33%, 0, 2, 5, 35.64
1701139946, 0, 311, 417, 389, 36, 2.34%, 0, 2, 5, 39.09
1701139951, 0, 311, 422, 394, 36, 2.34%, 0, 2, 5, 38.18
1701139956, 0, 311, 428, 400, 36, 2.34%, 0, 2, 5, 36.55
1701139961, 0, 311, 431, 403, 36, 2.34%, 0, 2, 5, 33.28
1701139976, 0, 311, 432, 404, 36, 2.34%, 0, 2, 5, 40.73
1701139981, 0, 311, 434, 406, 36, 2.35%, 0, 2, 5, 38.27
1701139986, 0, 311, 435, 407, 36, 2.35%, 0, 2, 5, 40.56
1701139991, 0, 311, 436, 408, 36, 2.35%, 0, 2, 5, 44.36
1701139997, 0, 311, 437, 409, 36, 2.35%, 0, 2, 5, 40.06
1701140002, 0, 311, 440, 412, 36, 2.35%, 0, 2, 5, 42.39
1701140007, 0, 311, 442, 414, 36, 2.35%, 0, 2, 5, 32.79
1701140012, 0, 311, 443, 415, 36, 2.36%, 0, 2, 5, 28.31
1701140017, 0, 311, 444, 416, 36, 2.36%, 0, 2, 5, 26.38
1701140022, 0, 311, 445, 417, 36, 2.36%, 0, 2, 5, 28.65
1701140027, 0, 311, 447, 419, 36, 2.36%, 0, 2, 5, 31.60
1701140032, 0, 311, 449, 421, 36, 2.36%, 0, 2, 5, 36.18
1701140048, 0, 311, 450, 422, 36, 2.36%, 0, 2, 5, 41.36
1701140058, 0, 311, 451, 423, 36, 2.36%, 0, 2, 5, 40.26
1701140094, 0, 311, 453, 425, 36, 2.36%, 0, 2, 5, 42.78
1701140099, 0, 311, 454, 426, 36, 2.36%, 0, 2, 5, 45.90
1701140119, 0, 311, 455, 427, 36, 2.36%, 0, 2, 5, 40.36
1701140140, 0, 311, 456, 428, 36, 2.36%, 0, 2, 5, 45.39
1701140180, 0, 311, 457, 429, 36, 2.36%, 0, 2, 5, 35.70
1701140216, 0, 311, 459, 431, 36, 2.36%, 0, 2, 5, 35.00
1701140237, 0, 311, 460, 432, 36, 2.38%, 0, 2, 5, 45.36
1701140242, 0, 311, 461, 433, 36, 2.38%, 0, 2, 5, 45.33
1701140267, 0, 311, 462, 434, 36, 2.38%, 0, 2, 5, 45.72
1701140293, 0, 311, 463, 435, 36, 2.38%, 0, 2, 5, 32.86
1701140359, 0, 311, 464, 436, 36, 2.38%, 0, 2, 5, 41.67
1701140364, 0, 315, 464, 435, 49, 2.38%, 0, 2, 5, 46.83
1701140390, 0, 317, 464, 434, 48, 2.38%, 0, 2, 5, 41.02
1701140446, 0, 320, 464, 433, 48, 2.38%, 0, 2, 5, 43.54
1701140456, 0, 320, 465, 434, 48, 2.39%, 0, 2, 5, 45.18
1701140533, 0, 320, 467, 436, 48, 2.39%, 0, 2, 5, 42.06
1701140686, 0, 320, 470, 439, 48, 2.39%, 0, 2, 5, 33.46
1701140691, 0, 320, 471, 440, 48, 2.39%, 0, 2, 5, 37.19
1701140696, 0, 320, 472, 441, 48, 2.39%, 0, 2, 5, 34.55
1701140716, 0, 320, 473, 442, 48, 2.45%, 0, 2, 5, 43.43
1701140732, 0, 320, 474, 443, 48, 2.45%, 0, 2, 5, 42.23
1701140747, 0, 320, 476, 445, 48, 2.45%, 0, 2, 5, 36.78
1701140757, 0, 320, 478, 447, 48, 2.45%, 0, 2, 5, 40.22
1701140767, 0, 320, 479, 448, 48, 2.45%, 0, 2, 5, 44.39
1701140782, 0, 320, 480, 449, 48, 2.45%, 0, 2, 5, 40.40
1701140793, 0, 320, 481, 450, 48, 2.48%, 0, 2, 5, 41.16
1701140803, 0, 320, 483, 452, 48, 2.48%, 0, 2, 5, 43.72
1701140818, 0, 320, 484, 453, 48, 2.48%, 0, 2, 5, 32.40
1701140824, 0, 320, 485, 454, 48, 2.49%, 0, 2, 5, 33.42
1701140844, 0, 320, 486, 455, 48, 2.49%, 0, 2, 5, 38.31
1701140854, 0, 320, 487, 456, 48, 2.49%, 0, 2, 5, 44.09
1701140864, 0, 320, 488, 457, 48, 2.49%, 0, 2, 5, 48.02
1701140884, 0, 320, 489, 458, 48, 2.49%, 0, 2, 5, 43.03
1701140910, 0, 320, 490, 459, 48, 2.49%, 0, 2, 5, 39.32
1701140915, 0, 320, 491, 460, 48, 2.49%, 0, 2, 5, 35.74
1701140945, 0, 320, 492, 461, 48, 2.49%, 0, 2, 5, 34.03
1701140956, 0, 320, 493, 462, 48, 2.49%, 0, 2, 5, 41.98
1701140966, 0, 320, 494, 463, 48, 2.50%, 0, 2, 5, 46.56
1701140976, 0, 320, 496, 465, 48, 2.51%, 0, 2, 5, 47.55
1701141011, 0, 320, 497, 466, 48, 2.51%, 0, 2, 5, 41.41
1701141016, 0, 320, 498, 467, 48, 2.51%, 0, 2, 5, 46.73
1701141077, 0, 323, 498, 466, 54, 2.51%, 0, 2, 5, 38.12
1701141184, 0, 323, 499, 467, 54, 2.51%, 0, 2, 5, 36.48
1701141210, 0, 323, 500, 468, 54, 2.51%, 0, 2, 5, 43.12
1701141230, 0, 323, 501, 469, 54, 2.51%, 0, 2, 5, 37.24
1701141337, 0, 326, 501, 468, 53, 2.51%, 0, 2, 5, 28.78
1701141429, 0, 326, 502, 469, 53, 2.51%, 0, 2, 5, 37.96
1701141454, 0, 327, 502, 468, 52, 2.51%, 0, 2, 5, 40.60
1701141561, 0, 327, 503, 469, 52, 2.51%, 0, 2, 5, 35.95
1701141597, 0, 336, 503, 468, 51, 2.51%, 0, 2, 5, 37.51
1701141703, 0, 337, 503, 467, 50, 2.51%, 0, 2, 5, 43.27
1701141816, 0, 338, 503, 466, 49, 2.51%, 0, 2, 5, 44.02
1701141882, 0, 338, 504, 467, 49, 2.53%, 0, 2, 5, 46.07
1701141917, 0, 338, 505, 468, 49, 2.53%, 0, 2, 5, 45.16
1701141953, 0, 338, 506, 469, 49, 2.53%, 0, 2, 5, 41.36
1701141994, 0, 338, 507, 470, 49, 2.55%, 0, 2, 5, 43.90
1701142030, 0, 338, 508, 471, 49, 2.55%, 0, 2, 5, 40.10
1701142035, 0, 338, 509, 472, 49, 2.55%, 0, 3, 5, 5.81
1701142040, 0, 338, 510, 473, 49, 2.55%, 0, 3, 5, 35.07
1701142091, 0, 338, 511, 474, 49, 2.55%, 0, 3, 5, 38.93
1701142147, 0, 338, 512, 475, 49, 2.56%, 0, 3, 5, 45.68
1701142167, 0, 338, 513, 476, 49, 2.57%, 0, 3, 5, 46.52
1701142192, 0, 338, 514, 477, 49, 2.57%, 0, 3, 5, 46.70
1701142207, 0, 339, 515, 477, 56, 2.58%, 0, 3, 5, 43.19
1701142273, 0, 339, 516, 478, 56, 2.59%, 0, 3, 5, 45.16
1701142314, 0, 340, 518, 479, 56, 2.59%, 0, 3, 5, 42.67
1701142319, 0, 340, 523, 484, 56, 2.61%, 0, 3, 5, 47.98
1701142325, 0, 340, 525, 486, 56, 2.61%, 0, 3, 5, 42.94
1701142350, 0, 340, 526, 487, 56, 2.61%, 0, 3, 5, 34.90
1701142360, 0, 340, 528, 489, 56, 2.61%, 0, 3, 5, 35.96
1701142365, 0, 340, 529, 490, 56, 2.61%, 0, 3, 5, 36.76
1701142370, 0, 340, 530, 491, 56, 2.61%, 0, 3, 5, 32.90
1701142376, 0, 340, 531, 492, 56, 2.61%, 0, 3, 5, 42.30
1701142381, 0, 340, 533, 494, 56, 2.61%, 0, 3, 5, 46.48
1701142396, 0, 340, 534, 495, 56, 2.61%, 0, 3, 5, 46.04
1701142447, 0, 340, 535, 496, 56, 2.61%, 0, 3, 5, 35.49
1701142691, 0, 340, 536, 497, 56, 2.61%, 0, 3, 5, 46.26
1701142752, 0, 345, 536, 496, 64, 2.61%, 0, 3, 5, 45.85
1701142773, 0, 345, 537, 497, 64, 2.64%, 0, 3, 5, 43.80
1701142803, 0, 345, 538, 498, 64, 2.65%, 0, 3, 5, 39.79
1701142813, 0, 345, 539, 499, 64, 2.65%, 0, 3, 5, 41.77
1701142824, 0, 346, 539, 498, 64, 2.65%, 0, 3, 5, 42.58
1701142890, 0, 347, 539, 497, 63, 2.65%, 0, 3, 5, 41.58
1701142986, 0, 348, 539, 496, 62, 2.65%, 0, 3, 5, 43.66
1701143032, 0, 348, 544, 501, 62, 2.66%, 0, 3, 5, 47.54
1701143042, 0, 348, 547, 504, 62, 2.66%, 0, 3, 5, 45.42
1701143048, 0, 348, 548, 505, 62, 2.66%, 0, 3, 5, 43.61
1701143058, 0, 349, 548, 504, 62, 2.66%, 0, 3, 5, 50.36
1701143118, 0, 351, 548, 503, 61, 2.66%, 0, 3, 5, 45.36
1701143215, 0, 355, 548, 502, 60, 2.66%, 0, 3, 5, 41.39
1701143220, 0, 355, 549, 503, 60, 2.66%, 0, 3, 5, 48.66
1701144000, 0, 356, 549, 502, 60, 2.66%, 0, 3, 5, 36.58
1701144270, 0, 360, 549, 501, 59, 2.66%, 0, 3, 5, 34.90
1701144979, 0, 360, 550, 502, 59, 2.66%, 0, 3, 5, 37.09
1701144999, 0, 361, 550, 501, 58, 2.66%, 0, 3, 5, 38.25
1701145779, 0, 361, 551, 502, 58, 2.66%, 0, 3, 5, 35.82
1701145814, 0, 362, 551, 501, 57, 2.66%, 0, 3, 5, 41.78
1701146264, 0, 368, 551, 500, 56, 2.66%, 0, 3, 5, 35.35
1701146514, 0, 368, 552, 501, 56, 2.66%, 0, 3, 5, 48.34
1701147049, 0, 369, 552, 500, 56, 2.66%, 0, 3, 5, 41.61
1701147845, 0, 369, 553, 501, 56, 2.67%, 0, 3, 5, 35.80
1701147870, 0, 370, 553, 500, 56, 2.67%, 0, 3, 5, 38.06
1701148681, 0, 373, 553, 499, 55, 2.67%, 0, 3, 5, 37.30
1701149109, 0, 385, 553, 498, 54, 2.67%, 0, 3, 5, 31.43
1701149165, 0, 387, 553, 497, 53, 2.67%, 0, 3, 5, 42.61
1701149470, 0, 387, 554, 498, 53, 2.67%, 0, 3, 5, 47.43
1701149490, 0, 403, 554, 497, 52, 2.67%, 0, 3, 5, 46.80
1701149587, 0, 407, 556, 498, 51, 2.68%, 0, 3, 6, 43.48
1701149699, 0, 408, 558, 499, 52, 2.69%, 0, 3, 6, 40.33
1701149817, 0, 410, 558, 498, 52, 2.69%, 0, 3, 6, 41.76
1701149918, 0, 411, 558, 497, 51, 2.69%, 0, 3, 6, 36.75
1701149949, 0, 411, 560, 499, 51, 2.69%, 0, 3, 6, 42.71
1701149954, 0, 411, 562, 501, 51, 2.70%, 0, 3, 6, 44.34
1701150020, 0, 411, 563, 502, 51, 2.70%, 0, 3, 6, 41.86
1701150046, 0, 418, 563, 501, 54, 2.70%, 0, 3, 6, 40.27
1701150117, 0, 418, 564, 502, 54, 2.70%, 0, 3, 6, 34.12
1701150209, 0, 421, 564, 501, 53, 2.70%, 0, 3, 6, 41.90
1701150255, 0, 421, 565, 502, 53, 2.70%, 0, 3, 6, 46.41
1701150669, 0, 421, 566, 503, 53, 2.70%, 0, 3, 6, 40.49
1701150745, 0, 421, 568, 505, 53, 2.70%, 0, 3, 6, 39.94
1701150760, 0, 421, 569, 506, 53, 2.70%, 0, 3, 6, 39.79
1701150765, 0, 421, 571, 508, 53, 2.70%, 0, 3, 6, 41.99
1701150770, 0, 421, 572, 509, 53, 2.70%, 0, 3, 6, 41.60
1701150775, 0, 421, 574, 511, 53, 2.71%, 0, 3, 6, 39.66
1701150785, 0, 421, 575, 512, 53, 2.71%, 0, 3, 6, 39.98
1701150801, 0, 421, 576, 513, 53, 2.71%, 0, 3, 6, 43.77
1701150811, 0, 421, 577, 514, 53, 2.71%, 0, 3, 6, 39.56
1701150826, 0, 421, 578, 515, 53, 2.71%, 0, 3, 6, 41.93
1701150857, 0, 421, 579, 516, 53, 2.71%, 0, 3, 6, 36.94
1701150908, 0, 421, 580, 517, 53, 2.71%, 0, 3, 6, 30.30
1701150929, 0, 421, 581, 518, 53, 2.71%, 0, 3, 6, 40.11
1701150934, 0, 421, 582, 519, 53, 2.72%, 0, 3, 6, 38.05
1701150990, 0, 421, 583, 520, 53, 2.72%, 0, 3, 6, 43.59
1701151000, 0, 421, 584, 521, 53, 2.72%, 0, 3, 6, 36.65
1701151082, 0, 421, 585, 522, 53, 2.72%, 0, 3, 6, 46.10
1701151153, 0, 422, 585, 521, 56, 2.72%, 0, 3, 6, 35.15
1701151358, 0, 423, 585, 520, 55, 2.72%, 0, 3, 6, 38.60
1701151404, 0, 433, 585, 519, 54, 2.72%, 0, 3, 6, 43.00
1701151536, 0, 438, 585, 518, 53, 2.72%, 0, 3, 6, 44.77
1701151649, 0, 442, 585, 517, 52, 2.72%, 0, 3, 6, 41.88
1701151705, 0, 442, 586, 518, 52, 2.72%, 0, 3, 6, 40.46
1701151741, 0, 451, 586, 517, 52, 2.72%, 0, 3, 6, 39.61
1701151929, 0, 454, 586, 516, 51, 2.72%, 0, 3, 6, 33.23
1701152031, 0, 458, 586, 515, 50, 2.72%, 0, 3, 6, 43.34
1701152128, 0, 459, 586, 514, 49, 2.72%, 0, 3, 6, 45.40
1701152133, 0, 459, 588, 516, 49, 2.72%, 0, 3, 6, 45.16
1701152312, 0, 472, 588, 515, 49, 2.72%, 0, 3, 6, 40.25
1701152317, 0, 472, 593, 520, 49, 2.72%, 0, 3, 6, 34.50
1701152322, 0, 472, 596, 523, 49, 2.72%, 0, 3, 6, 38.07
1701152327, 0, 472, 598, 525, 49, 2.72%, 0, 3, 6, 36.84
1701152347, 0, 472, 599, 526, 49, 2.72%, 0, 3, 6, 29.08
1701152352, 0, 472, 600, 527, 49, 2.72%, 0, 3, 6, 24.11
1701152358, 0, 472, 601, 528, 49, 2.72%, 0, 3, 6, 38.25
1701152398, 0, 472, 602, 529, 49, 2.72%, 0, 3, 6, 34.36
1701152403, 0, 472, 604, 531, 49, 2.72%, 0, 3, 6, 31.39
1701152439, 0, 472, 606, 533, 49, 2.72%, 0, 3, 6, 28.13
1701152444, 0, 472, 607, 534, 49, 2.73%, 0, 3, 6, 32.43
1701152480, 0, 472, 608, 535, 49, 2.73%, 0, 3, 6, 28.30
1701152536, 0, 472, 609, 536, 49, 2.73%, 0, 3, 6, 43.39
1701152633, 0, 472, 610, 537, 49, 2.73%, 0, 3, 6, 37.55
1701152761, 0, 474, 610, 536, 49, 2.73%, 0, 3, 6, 41.45
1701152791, 0, 485, 610, 535, 48, 2.73%, 0, 3, 6, 39.06
1701152796, 0, 485, 613, 538, 48, 2.73%, 0, 3, 6, 39.07
1701152801, 0, 485, 614, 539, 48, 2.73%, 0, 3, 6, 41.39
1701152811, 0, 485, 615, 540, 48, 2.73%, 0, 3, 6, 40.52
1701152832, 0, 485, 616, 541, 48, 2.73%, 0, 3, 6, 35.84
1701152842, 0, 485, 619, 544, 48, 2.73%, 0, 3, 6, 33.64
1701152939, 0, 485, 620, 545, 48, 2.73%, 0, 3, 6, 40.49
1701152944, 0, 485, 621, 546, 48, 2.73%, 0, 3, 6, 39.48
1701152954, 0, 485, 623, 548, 48, 2.74%, 0, 3, 6, 40.39
1701152959, 0, 485, 625, 550, 48, 2.74%, 0, 3, 6, 39.75
1701152965, 0, 485, 626, 551, 48, 2.74%, 0, 3, 6, 36.02
1701152995, 0, 485, 627, 552, 48, 2.74%, 0, 3, 6, 43.92
1701153036, 0, 485, 628, 553, 48, 2.74%, 0, 3, 6, 35.84
1701153051, 0, 485, 630, 555, 48, 2.74%, 0, 3, 6, 42.98
1701153056, 0, 485, 631, 556, 48, 2.74%, 0, 3, 6, 46.04
1701153081, 0, 485, 632, 557, 48, 2.74%, 0, 3, 6, 32.28
1701153102, 0, 485, 633, 558, 48, 2.74%, 0, 3, 6, 34.45
1701153112, 0, 485, 634, 559, 48, 2.74%, 0, 3, 6, 37.91
1701153138, 0, 485, 635, 560, 48, 2.74%, 0, 3, 6, 43.84
1701153173, 0, 485, 636, 561, 48, 2.74%, 0, 3, 6, 34.30
1701153194, 0, 485, 637, 562, 48, 2.74%, 0, 3, 6, 44.30
1701153260, 0, 494, 637, 561, 49, 2.74%, 0, 3, 6, 43.73
1701153265, 0, 494, 638, 562, 49, 2.74%, 0, 3, 6, 44.71
1701153275, 0, 494, 639, 563, 49, 2.74%, 0, 3, 6, 40.67
1701153331, 0, 497, 639, 562, 48, 2.74%, 0, 3, 6, 39.68
1701153637, 0, 497, 640, 563, 48, 2.74%, 0, 3, 6, 43.30
1701153673, 0, 499, 640, 562, 47, 2.74%, 0, 3, 6, 37.82
1701153683, 0, 499, 642, 564, 47, 2.74%, 0, 3, 6, 40.55
1701153739, 0, 499, 645, 567, 47, 2.74%, 0, 3, 6, 35.31
1701153780, 0, 499, 646, 568, 47, 2.74%, 0, 3, 6, 29.42
1701153785, 0, 499, 647, 569, 47, 2.74%, 0, 3, 6, 35.01
1701153805, 0, 506, 649, 570, 46, 2.74%, 0, 3, 6, 31.52
1701153810, 0, 506, 651, 572, 46, 2.74%, 0, 3, 6, 26.65
1701153816, 0, 506, 653, 574, 46, 2.74%, 0, 3, 6, 30.52
1701153949, 0, 506, 655, 576, 46, 2.74%, 0, 3, 6, 37.45
1701153954, 0, 506, 656, 577, 46, 2.74%, 0, 3, 6, 38.90
1701153959, 0, 506, 657, 578, 46, 2.74%, 0, 3, 6, 43.24
1701153964, 0, 506, 659, 580, 46, 2.74%, 0, 3, 6, 43.15
1701153969, 0, 506, 660, 581, 46, 2.74%, 0, 3, 6, 46.73
1701154015, 0, 506, 661, 582, 46, 2.74%, 0, 3, 6, 47.04
1701154254, 0, 509, 661, 581, 45, 2.74%, 0, 3, 6, 37.53
1701154260, 0, 509, 666, 586, 45, 2.74%, 0, 3, 6, 34.58
1701154275, 0, 509, 667, 587, 45, 2.74%, 0, 3, 6, 32.52
1701154310, 0, 509, 672, 592, 45, 2.74%, 0, 3, 6, 33.62
1701154459, 0, 509, 673, 593, 45, 2.74%, 0, 3, 6, 37.63
1701154535, 0, 511, 673, 592, 45, 2.74%, 0, 3, 6, 37.19
1701154540, 0, 511, 674, 593, 45, 2.74%, 0, 3, 6, 43.62
1701154561, 0, 514, 676, 594, 44, 2.74%, 0, 3, 6, 42.68
1701154566, 0, 514, 677, 595, 44, 2.74%, 0, 3, 6, 38.68
1701154571, 0, 514, 678, 596, 44, 2.74%, 0, 3, 6, 32.98
1701154754, 0, 515, 678, 595, 44, 2.74%, 0, 3, 6, 43.48
1701154866, 0, 516, 678, 594, 43, 2.74%, 0, 3, 6, 37.62
1701154917, 0, 517, 678, 593, 42, 2.74%, 0, 3, 6, 43.23
1701154963, 0, 518, 678, 592, 41, 2.74%, 0, 3, 6, 39.57
1701155014, 0, 519, 679, 592, 40, 2.74%, 0, 3, 6, 36.87
1701155060, 0, 520, 679, 591, 39, 2.74%, 0, 3, 6, 34.14
1701155111, 0, 522, 679, 590, 38, 2.74%, 0, 3, 6, 39.71
1701155167, 0, 522, 680, 591, 38, 2.74%, 0, 3, 6, 39.61
1701155172, 0, 522, 681, 592, 38, 2.74%, 0, 3, 6, 43.39
1701155192, 0, 522, 682, 593, 38, 2.75%, 0, 3, 6, 38.40
1701155253, 0, 523, 683, 593, 38, 2.75%, 0, 3, 6, 38.42
1701155258, 0, 523, 684, 594, 38, 2.75%, 0, 3, 6, 38.27
1701155304, 0, 524, 684, 593, 38, 2.75%, 0, 3, 6, 45.92
1701155315, 0, 524, 685, 594, 38, 2.75%, 0, 3, 6, 44.39
1701155350, 0, 530, 685, 593, 37, 2.75%, 0, 3, 6, 37.66
1701155371, 0, 537, 685, 592, 36, 2.75%, 0, 3, 6, 35.48
1701155458, 0, 540, 685, 591, 35, 2.75%, 0, 3, 6, 39.58
1701155463, 0, 540, 687, 593, 35, 2.75%, 0, 3, 6, 41.49
1701155468, 0, 540, 688, 594, 35, 2.75%, 0, 3, 6, 45.22
1701155509, 0, 540, 690, 596, 35, 2.75%, 0, 3, 6, 37.74
1701155529, 0, 540, 691, 597, 35, 2.76%, 0, 3, 6, 47.19
1701155545, 0, 540, 692, 598, 35, 2.76%, 0, 3, 6, 41.20
1701155570, 0, 540, 693, 599, 35, 2.76%, 0, 3, 6, 39.59
1701155585, 0, 540, 694, 600, 35, 2.76%, 0, 3, 6, 46.19
1701155590, 0, 540, 695, 601, 35, 2.76%, 0, 3, 6, 44.36
1701155595, 0, 540, 696, 602, 35, 2.76%, 0, 3, 6, 44.18
1701155616, 0, 540, 697, 603, 35, 2.76%, 0, 3, 6, 38.84
1701155641, 0, 540, 698, 604, 35, 2.76%, 0, 3, 6, 45.35
1701155702, 0, 540, 699, 605, 35, 2.76%, 0, 3, 6, 42.45
1701155789, 0, 540, 700, 606, 35, 2.76%, 0, 3, 6, 32.39
1701155840, 0, 542, 701, 606, 35, 2.76%, 0, 3, 6, 37.81
1701155931, 0, 547, 701, 605, 34, 2.76%, 0, 3, 6, 46.31
1701156013, 0, 547, 702, 606, 34, 2.76%, 0, 3, 6, 45.05
1701156028, 0, 548, 702, 605, 33, 2.76%, 0, 3, 6, 40.93
1701156838, 0, 551, 702, 604, 32, 2.76%, 0, 3, 6, 44.98
1701157653, 0, 552, 702, 603, 31, 2.76%, 0, 3, 6, 46.15
1701157673, 0, 552, 704, 605, 31, 2.77%, 0, 3, 6, 49.77
1701157694, 0, 552, 705, 606, 31, 2.77%, 0, 3, 6, 53.52
1701158396, 0, 552, 706, 607, 31, 2.77%, 0, 3, 6, 42.13
1701158411, 0, 554, 706, 606, 34, 2.77%, 0, 3, 6, 49.12
1701158492, 0, 554, 707, 607, 34, 2.77%, 0, 3, 7, 47.88
1701158503, 0, 554, 708, 608, 34, 2.77%, 0, 3, 7, 39.20
1701158518, 0, 554, 709, 609, 34, 2.77%, 0, 3, 7, 34.84
1701158666, 0, 555, 709, 608, 33, 2.77%, 0, 3, 7, 45.39
1701158747, 0, 555, 710, 609, 33, 2.77%, 0, 3, 7, 47.91
1701158788, 0, 555, 711, 610, 33, 2.77%, 0, 3, 7, 46.63
1701158844, 0, 555, 712, 611, 33, 2.77%, 0, 3, 7, 42.81
1701158859, 0, 555, 713, 612, 33, 2.78%, 0, 3, 7, 38.33
1701158880, 0, 555, 714, 613, 33, 2.78%, 0, 3, 7, 41.03
1701158952, 0, 555, 714, 613, 33, 2.78%, 0, 4, 7, 7.91
1701158957, 0, 555, 715, 614, 33, 2.78%, 0, 4, 7, 46.77
1701159155, 0, 556, 715, 613, 33, 2.78%, 0, 4, 7, 33.13
1701159166, 0, 556, 716, 614, 33, 2.78%, 0, 4, 7, 36.56
1701159242, 0, 556, 717, 615, 33, 2.78%, 0, 4, 7, 44.09
1701159282, 0, 557, 717, 614, 32, 2.78%, 0, 4, 7, 48.36
1701159364, 0, 557, 718, 615, 32, 2.78%, 0, 4, 7, 37.76
1701159374, 0, 557, 719, 616, 32, 2.78%, 0, 4, 7, 46.13
1701159415, 0, 557, 720, 617, 32, 2.78%, 0, 4, 7, 46.06
1701159496, 0, 558, 720, 616, 31, 2.78%, 0, 4, 7, 46.68
1701159593, 0, 559, 720, 615, 30, 2.78%, 0, 4, 7, 33.14
1701159695, 0, 560, 720, 614, 29, 2.78%, 0, 4, 7, 36.48
1701159782, 0, 561, 720, 613, 28, 2.78%, 0, 4, 7, 43.45
1701159787, 0, 561, 721, 614, 28, 2.78%, 0, 4, 7, 44.34
1701159807, 0, 561, 722, 615, 28, 2.78%, 0, 4, 7, 47.78
1701159853, 0, 561, 723, 616, 28, 2.78%, 0, 4, 7, 42.57
1701159858, 0, 561, 724, 617, 28, 2.78%, 0, 4, 7, 48.67
1701159894, 0, 561, 725, 618, 28, 2.78%, 0, 4, 7, 42.28
1701159909, 0, 561, 726, 619, 28, 2.78%, 0, 4, 7, 44.09
1701159935, 0, 561, 727, 620, 28, 2.78%, 0, 4, 7, 34.64
1701159991, 0, 561, 728, 621, 28, 2.78%, 0, 4, 7, 37.37
1701160012, 0, 561, 729, 622, 28, 2.78%, 0, 4, 7, 44.91
1701160251, 0, 581, 729, 621, 29, 2.78%, 0, 4, 7, 40.25
1701160256, 0, 581, 731, 623, 29, 2.79%, 0, 4, 7, 41.89
1701160262, 0, 581, 732, 624, 29, 2.79%, 0, 4, 7, 40.55
1701160267, 0, 581, 736, 628, 29, 2.79%, 0, 4, 7, 35.89
1701160537, 0, 581, 737, 629, 29, 2.79%, 0, 4, 7, 46.98
1701160542, 0, 581, 738, 630, 29, 2.79%, 0, 4, 7, 48.40
1701160547, 0, 581, 739, 631, 29, 2.79%, 0, 4, 7, 47.63
1701160741, 0, 585, 739, 630, 30, 2.79%, 0, 4, 7, 41.51
1701160812, 0, 594, 739, 629, 29, 2.79%, 0, 4, 7, 38.15
1701160843, 0, 594, 740, 630, 29, 2.79%, 0, 4, 7, 32.95
1701160848, 0, 594, 741, 631, 29, 2.79%, 0, 4, 7, 29.92
1701160873, 0, 594, 742, 632, 29, 2.79%, 0, 4, 7, 24.24
1701160965, 0, 600, 743, 632, 28, 2.79%, 0, 4, 7, 40.61
1701160976, 0, 600, 745, 634, 28, 2.79%, 0, 4, 7, 39.43
1701160996, 0, 600, 746, 635, 28, 2.79%, 0, 4, 7, 32.62
1701161047, 0, 600, 747, 636, 28, 2.79%, 0, 4, 7, 27.48
1701161078, 0, 600, 748, 637, 28, 2.79%, 0, 4, 7, 38.62
1701161119, 0, 604, 748, 636, 28, 2.79%, 0, 4, 7, 34.91
1701161247, 0, 610, 748, 635, 27, 2.79%, 0, 4, 7, 38.00
1701161390, 0, 610, 749, 636, 27, 2.79%, 0, 4, 7, 38.81
1701161395, 0, 610, 750, 637, 27, 2.79%, 0, 4, 7, 38.76
1701161400, 0, 610, 751, 638, 27, 2.79%, 0, 4, 7, 38.63
1701161436, 0, 610, 752, 639, 27, 2.79%, 0, 4, 7, 35.72
1701161498, 0, 610, 753, 640, 27, 2.79%, 0, 4, 7, 39.39
1701161641, 0, 610, 754, 641, 27, 2.79%, 0, 4, 7, 45.76
1701161743, 0, 610, 755, 642, 27, 2.79%, 0, 4, 7, 36.50
1701161799, 0, 615, 755, 641, 26, 2.79%, 0, 4, 7, 39.03
1701161947, 0, 615, 756, 642, 26, 2.79%, 0, 4, 7, 40.35
1701161952, 0, 615, 757, 643, 26, 2.79%, 0, 4, 7, 45.28
1701161972, 0, 615, 758, 644, 26, 2.79%, 0, 4, 7, 39.58
1701161982, 0, 615, 760, 646, 26, 2.79%, 0, 4, 7, 45.80
1701161987, 0, 615, 761, 647, 26, 2.79%, 0, 4, 7, 43.84
1701162043, 0, 615, 762, 648, 26, 2.79%, 0, 4, 7, 41.03
1701162104, 0, 615, 763, 649, 26, 2.79%, 0, 4, 7, 35.39
1701162150, 0, 615, 764, 650, 26, 2.79%, 0, 4, 7, 42.10
1701162206, 0, 615, 765, 651, 26, 2.79%, 0, 4, 7, 39.03
1701162212, 0, 615, 766, 652, 26, 2.79%, 0, 4, 7, 43.11
1701162222, 0, 615, 767, 653, 26, 2.79%, 0, 4, 7, 37.11
1701162252, 0, 619, 767, 652, 26, 2.79%, 0, 4, 7, 47.55
1701162379, 0, 620, 767, 651, 25, 2.79%, 0, 4, 7, 37.84
1701162532, 0, 638, 767, 650, 24, 2.79%, 0, 4, 7, 33.91
1701162537, 0, 638, 768, 651, 24, 2.79%, 0, 4, 7, 40.64
1701162608, 0, 649, 768, 650, 24, 2.79%, 0, 4, 7, 43.66
1701162654, 0, 649, 769, 651, 24, 2.79%, 0, 4, 7, 44.87
1701162725, 0, 649, 770, 652, 24, 2.79%, 0, 4, 7, 45.57
1701162751, 0, 660, 771, 652, 25, 2.79%, 0, 4, 7, 21.96
1701162857, 0, 660, 772, 653, 25, 2.79%, 0, 4, 7, 40.07
1701162883, 0, 664, 772, 652, 24, 2.79%, 0, 4, 7, 42.07
1701162928, 0, 664, 773, 653, 24, 2.79%, 0, 4, 7, 28.51
1701163056, 0, 673, 773, 652, 23, 2.79%, 0, 4, 7, 43.36
1701163087, 0, 674, 773, 651, 22, 2.79%, 0, 4, 7, 50.87
1701163229, 0, 674, 774, 652, 22, 2.79%, 0, 4, 7, 43.21
1701163260, 0, 675, 774, 651, 21, 2.79%, 0, 4, 7, 47.21
1701163423, 0, 681, 775, 651, 20, 2.79%, 0, 4, 7, 45.08
1701163448, 0, 681, 778, 654, 20, 2.84%, 0, 4, 7, 46.19
1701163453, 0, 681, 781, 657, 20, 2.84%, 0, 4, 7, 41.94
1701163524, 0, 683, 781, 656, 21, 2.84%, 0, 4, 7, 46.76
1701163565, 0, 693, 784, 658, 21, 2.84%, 0, 4, 7, 53.49
1701163606, 0, 693, 786, 660, 21, 2.84%, 0, 4, 7, 51.52
1701163616, 0, 693, 787, 661, 21, 2.84%, 0, 4, 7, 51.23
1701163636, 0, 693, 788, 662, 21, 2.85%, 0, 4, 7, 49.74
1701163641, 0, 693, 789, 663, 21, 2.85%, 0, 4, 7, 51.89
1701163681, 0, 693, 790, 664, 21, 2.85%, 0, 4, 7, 50.65
1701163686, 0, 693, 791, 665, 21, 2.85%, 0, 4, 7, 48.67
1701163717, 0, 693, 792, 666, 21, 2.85%, 0, 4, 7, 48.43
1701163803, 0, 693, 793, 667, 21, 2.85%, 0, 4, 7, 38.93
1701163813, 0, 693, 794, 668, 21, 2.85%, 0, 4, 7, 42.29
1701163874, 0, 702, 794, 667, 23, 2.85%, 0, 4, 7, 51.81
1701164610, 0, 702, 795, 668, 23, 2.85%, 0, 4, 7, 50.54
1701164631, 0, 703, 795, 667, 23, 2.85%, 0, 4, 7, 43.46
1701165144, 0, 703, 796, 668, 23, 2.85%, 0, 4, 7, 46.07
1701165347, 0, 703, 797, 669, 23, 2.85%, 0, 4, 7, 49.00
1701165367, 0, 704, 797, 668, 23, 2.85%, 0, 4, 7, 45.16
1701166177, 0, 712, 797, 667, 22, 2.85%, 0, 4, 7, 42.85
1701166264, 0, 712, 799, 669, 22, 2.85%, 0, 4, 8, 48.28
1701166269, 0, 712, 800, 670, 22, 2.85%, 0, 4, 8, 48.44
1701166284, 0, 712, 801, 671, 22, 2.86%, 0, 4, 8, 40.10
1701166662, 0, 712, 802, 672, 22, 2.87%, 0, 4, 8, 28.58
1701166682, 0, 715, 802, 671, 23, 2.87%, 0, 4, 8, 42.53
1701166800, 0, 720, 802, 670, 22, 2.87%, 0, 4, 8, 43.19
1701166871, 0, 720, 803, 671, 22, 2.87%, 0, 4, 8, 45.74
1701166876, 0, 720, 804, 672, 22, 2.87%, 0, 4, 8, 41.13
1701166968, 0, 721, 804, 671, 21, 2.87%, 0, 4, 8, 43.83
1701167044, 0, 721, 805, 672, 21, 2.87%, 0, 4, 8, 36.81
1701167065, 0, 721, 806, 673, 21, 2.87%, 0, 4, 8, 43.11
1701167126, 0, 721, 807, 674, 21, 2.87%, 0, 4, 8, 38.22
1701167253, 0, 729, 807, 673, 20, 2.87%, 0, 4, 8, 44.31
1701167727, 0, 735, 807, 672, 19, 2.87%, 0, 4, 8, 35.08
1701168135, 0, 744, 807, 671, 18, 2.87%, 0, 4, 8, 44.11
1701168161, 0, 744, 808, 672, 18, 2.87%, 0, 4, 8, 43.72
1701168288, 0, 763, 808, 671, 17, 2.87%, 0, 4, 8, 41.87
1701168293, 0, 763, 809, 672, 17, 2.88%, 0, 4, 8, 46.32
1701168339, 0, 767, 810, 672, 17, 2.88%, 0, 4, 8, 42.42
1701168344, 0, 767, 811, 673, 17, 2.88%, 0, 4, 8, 43.19
1701168401, 0, 767, 812, 674, 17, 2.88%, 0, 4, 8, 40.68
1701168421, 0, 769, 817, 678, 17, 2.88%, 0, 4, 8, 43.58
1701168426, 0, 769, 819, 680, 17, 2.88%, 0, 4, 8, 39.76
1701168579, 0, 775, 819, 679, 16, 2.88%, 0, 4, 8, 39.47
1701168681, 0, 776, 823, 682, 15, 2.88%, 0, 4, 8, 36.17
1701168686, 0, 776, 826, 685, 15, 2.88%, 0, 4, 8, 30.06
1701168692, 0, 776, 827, 686, 15, 2.88%, 0, 4, 8, 30.61
1701168697, 0, 776, 828, 687, 15, 2.88%, 0, 4, 8, 34.35
1701168702, 0, 776, 829, 688, 15, 2.89%, 0, 4, 8, 29.79
1701168814, 0, 776, 830, 689, 15, 2.89%, 0, 4, 8, 41.63
1701168825, 0, 776, 832, 691, 15, 2.89%, 0, 4, 8, 41.34
1701168870, 0, 776, 833, 692, 15, 2.91%, 0, 4, 8, 29.07
1701168881, 0, 776, 834, 693, 15, 2.91%, 0, 4, 8, 36.08
1701168931, 0, 776, 835, 694, 15, 2.91%, 0, 4, 8, 37.05
1701168982, 0, 776, 836, 695, 15, 2.91%, 0, 4, 8, 42.75
1701169012, 0, 783, 836, 694, 17, 2.91%, 0, 4, 8, 41.59
1701169104, 0, 783, 837, 695, 17, 2.91%, 0, 4, 8, 44.79
1701169115, 0, 783, 838, 696, 17, 2.91%, 0, 4, 8, 36.01
1701169120, 0, 783, 839, 697, 17, 2.91%, 0, 4, 8, 42.57
1701169232, 0, 783, 840, 698, 17, 2.91%, 0, 4, 8, 40.00
1701169268, 0, 783, 841, 699, 17, 2.91%, 0, 4, 8, 43.59
1701169298, 0, 783, 842, 700, 17, 2.91%, 0, 4, 8, 49.19
1701169349, 0, 783, 843, 701, 17, 2.91%, 0, 4, 8, 48.69
1701169379, 0, 784, 843, 700, 16, 2.91%, 0, 4, 8, 46.69
1701169445, 0, 784, 844, 701, 16, 2.91%, 0, 4, 8, 41.49
1701169476, 0, 788, 845, 701, 15, 2.91%, 0, 4, 8, 44.56
1701169481, 0, 788, 846, 702, 15, 2.91%, 0, 4, 8, 45.50
1701169511, 0, 788, 847, 703, 15, 2.91%, 0, 4, 8, 45.99
1701169603, 0, 788, 848, 704, 15, 2.91%, 0, 4, 8, 42.39
1701169618, 0, 788, 849, 705, 15, 2.91%, 0, 4, 8, 40.64
1701169623, 0, 788, 850, 706, 15, 2.91%, 0, 4, 8, 44.25
1701169633, 0, 788, 852, 708, 15, 2.91%, 0, 4, 8, 44.64
1701169654, 0, 788, 853, 709, 15, 2.91%, 0, 4, 8, 36.20
1701169669, 0, 788, 854, 710, 15, 2.91%, 0, 4, 8, 30.68
1701169690, 0, 788, 855, 711, 15, 2.91%, 0, 4, 8, 39.20
1701169802, 0, 788, 856, 712, 15, 2.91%, 0, 4, 8, 37.51
1701169807, 0, 788, 857, 713, 15, 2.91%, 0, 4, 8, 42.17
1701169828, 0, 788, 858, 714, 15, 2.91%, 0, 4, 8, 36.45
1701169848, 0, 788, 859, 715, 15, 2.91%, 0, 4, 8, 34.65
1701169894, 0, 788, 860, 716, 15, 2.91%, 0, 4, 8, 32.35
1701169966, 0, 788, 861, 717, 15, 2.91%, 0, 4, 8, 37.45
1701169971, 0, 788, 862, 718, 15, 2.91%, 0, 4, 8, 40.14
1701169987, 0, 791, 862, 717, 15, 2.91%, 0, 4, 8, 39.20
1701170113, 0, 794, 862, 716, 14, 2.91%, 0, 4, 8, 45.21
1701170837, 0, 794, 863, 717, 14, 2.91%, 0, 4, 8, 46.04
1701171010, 0, 795, 863, 716, 13, 2.91%, 0, 4, 8, 42.64
1701171265, 0, 795, 864, 717, 13, 2.91%, 0, 4, 8, 44.27
1701171819, 0, 796, 864, 716, 13, 2.91%, 0, 4, 8, 33.13
1701172641, 0, 798, 864, 715, 12, 2.91%, 0, 4, 8, 45.17
1701172824, 0, 800, 864, 714, 12, 2.91%, 0, 4, 8, 46.26
1701172946, 0, 800, 865, 715, 12, 2.91%, 0, 4, 9, 44.77
1701172976, 0, 800, 866, 716, 12, 2.91%, 0, 4, 9, 45.28
1701173088, 0, 801, 866, 715, 11, 2.91%, 0, 4, 9, 41.43
1701173169, 0, 801, 868, 717, 11, 2.91%, 0, 4, 9, 41.14
1701173190, 0, 801, 869, 718, 11, 2.92%, 0, 4, 9, 46.17
1701173230, 0, 801, 870, 719, 11, 2.93%, 0, 4, 9, 34.00
1701173353, 0, 801, 871, 720, 11, 2.93%, 0, 4, 9, 42.47
1701173358, 0, 801, 872, 721, 11, 2.93%, 0, 4, 9, 44.43
1701173363, 0, 801, 873, 722, 11, 2.93%, 0, 4, 9, 38.38
1701173429, 0, 801, 874, 723, 11, 2.93%, 0, 4, 9, 41.37
1701173455, 0, 803, 874, 722, 14, 2.93%, 0, 4, 9, 42.78
1701173592, 0, 803, 876, 724, 14, 2.93%, 0, 4, 9, 49.59
1701173622, 0, 803, 877, 725, 14, 2.93%, 0, 4, 9, 44.83
1701173627, 0, 803, 878, 726, 14, 2.93%, 0, 4, 9, 49.57
1701173724, 0, 803, 879, 727, 14, 2.93%, 0, 4, 9, 41.65
1701173876, 0, 808, 879, 726, 14, 2.93%, 0, 4, 9, 46.27
1701173881, 0, 808, 880, 727, 14, 2.94%, 0, 4, 9, 48.42
1701173886, 0, 808, 881, 728, 14, 2.94%, 0, 4, 9, 50.72
1701173932, 0, 809, 881, 727, 15, 2.94%, 0, 4, 9, 44.42
1701174008, 0, 828, 885, 730, 14, 2.94%, 0, 4, 9, 36.31
1701174013, 0, 828, 888, 733, 14, 2.94%, 0, 4, 9, 4.72
1701174075, 0, 828, 889, 734, 14, 2.94%, 0, 4, 9, 36.50
1701174080, 0, 828, 890, 735, 14, 2.94%, 0, 4, 9, 39.45
1701174090, 0, 828, 891, 736, 14, 2.94%, 0, 4, 9, 46.36
1701174105, 0, 828, 892, 737, 14, 2.94%, 0, 4, 9, 34.27
1701174110, 0, 828, 895, 740, 14, 2.94%, 0, 4, 9, 42.94
1701174115, 0, 828, 896, 741, 14, 2.94%, 0, 4, 9, 40.63
1701174121, 0, 828, 897, 742, 14, 2.94%, 0, 4, 9, 42.36
1701174126, 0, 828, 898, 743, 14, 2.94%, 0, 4, 9, 45.63
1701174131, 0, 828, 899, 744, 14, 2.94%, 0, 4, 9, 47.34
1701174136, 0, 828, 900, 745, 14, 2.94%, 0, 4, 9, 47.58
1701174141, 0, 828, 901, 746, 14, 2.94%, 0, 4, 9, 45.11
1701174182, 0, 828, 902, 747, 14, 2.94%, 0, 4, 9, 38.16
1701174244, 0, 828, 903, 748, 14, 2.94%, 0, 4, 9, 32.80
1701174310, 0, 828, 904, 749, 14, 2.94%, 0, 4, 9, 41.14
1701174418, 0, 828, 905, 750, 14, 2.94%, 0, 4, 9, 43.43
1701174428, 0, 828, 906, 751, 14, 2.94%, 0, 4, 9, 41.85
1701174438, 0, 830, 907, 751, 15, 2.94%, 0, 4, 9, 37.03
1701174443, 0, 830, 909, 753, 15, 2.94%, 0, 4, 9, 42.60
1701174448, 0, 830, 910, 754, 15, 2.94%, 0, 4, 9, 35.41
1701174464, 0, 830, 911, 755, 15, 2.94%, 0, 4, 9, 29.76
1701174469, 0, 830, 912, 756, 15, 2.94%, 0, 4, 9, 32.95
1701174499, 0, 830, 914, 758, 15, 2.94%, 0, 4, 9, 28.34
1701174560, 0, 830, 915, 759, 15, 2.94%, 0, 4, 9, 34.59
1701174566, 0, 830, 916, 760, 15, 2.94%, 0, 4, 9, 41.65
1701174581, 0, 830, 917, 761, 15, 2.94%, 0, 4, 9, 43.57
1701174591, 0, 830, 918, 762, 15, 2.94%, 0, 4, 9, 37.97
1701174606, 0, 830, 919, 763, 15, 2.94%, 0, 4, 9, 45.41
1701174688, 0, 830, 920, 764, 15, 2.94%, 0, 4, 9, 42.92
1701174703, 0, 830, 921, 765, 15, 2.94%, 0, 4, 9, 44.53
1701174713, 0, 830, 922, 766, 15, 2.94%, 0, 4, 9, 44.61
1701174759, 0, 830, 923, 767, 15, 2.94%, 0, 4, 9, 35.94
1701174780, 0, 832, 930, 773, 14, 2.95%, 0, 4, 9, 41.75
1701174785, 0, 832, 934, 777, 14, 2.95%, 0, 4, 9, 43.34
1701174790, 0, 832, 935, 778, 14, 2.95%, 0, 4, 9, 47.05
1701174846, 0, 832, 935, 778, 14, 2.95%, 0, 5, 9, 3.50
1701174908, 0, 832, 936, 779, 14, 2.95%, 0, 5, 9, 42.40
1701174918, 0, 832, 937, 780, 14, 2.95%, 0, 5, 9, 46.21
1701174984, 0, 832, 938, 781, 14, 2.95%, 0, 5, 9, 41.18
1701175000, 0, 832, 939, 782, 14, 2.95%, 0, 5, 9, 36.41
1701175036, 0, 832, 940, 783, 14, 2.95%, 0, 5, 9, 36.56
1701175169, 0, 832, 941, 784, 14, 2.95%, 0, 5, 9, 42.02
1701175210, 0, 832, 942, 785, 14, 2.95%, 0, 5, 9, 32.52
1701175215, 0, 832, 943, 786, 14, 2.95%, 0, 5, 9, 39.50
1701175271, 0, 832, 944, 787, 14, 2.95%, 0, 5, 9, 38.75
1701175281, 0, 835, 944, 786, 15, 2.95%, 0, 5, 9, 38.67
1701175286, 0, 835, 945, 787, 15, 2.95%, 0, 5, 9, 39.72
1701175342, 0, 835, 946, 788, 15, 2.95%, 0, 5, 9, 35.67
1701175363, 0, 835, 947, 789, 15, 2.95%, 0, 5, 9, 35.74
1701175378, 0, 835, 949, 791, 15, 2.95%, 0, 5, 9, 34.93
1701175521, 0, 835, 950, 792, 15, 2.95%, 0, 5, 9, 35.80
1701175602, 0, 860, 952, 793, 15, 2.95%, 0, 5, 9, 40.38
1701175607, 0, 860, 957, 798, 15, 2.95%, 0, 5, 9, 47.95
1701175617, 0, 860, 958, 799, 15, 2.95%, 0, 5, 9, 44.27
1701175622, 0, 860, 959, 800, 15, 2.95%, 0, 5, 9, 46.63
1701175638, 0, 860, 960, 801, 15, 2.95%, 0, 5, 9, 45.33
1701175643, 0, 860, 963, 804, 15, 2.95%, 0, 5, 9, 47.61
1701175842, 0, 863, 963, 803, 15, 2.95%, 0, 5, 9, 31.80
1701176713, 0, 869, 963, 802, 14, 2.95%, 0, 5, 9, 37.74
1701176810, 0, 869, 964, 803, 14, 2.95%, 0, 5, 10, 42.67
1701176830, 0, 869, 965, 804, 14, 2.95%, 0, 5, 10, 40.31
1701176861, 0, 869, 966, 805, 14, 2.95%, 0, 5, 10, 30.38
1701176927, 0, 869, 967, 806, 14, 2.95%, 0, 5, 10, 46.28
1701176978, 0, 869, 968, 807, 14, 2.95%, 0, 5, 10, 36.74
1701177178, 0, 870, 968, 806, 16, 2.95%, 0, 5, 10, 31.98
1701177423, 0, 870, 969, 807, 16, 2.95%, 0, 5, 10, 43.32
1701177469, 0, 870, 970, 808, 16, 2.95%, 0, 5, 10, 44.90
1701177525, 0, 870, 971, 809, 16, 2.95%, 0, 5, 10, 37.00
1701177535, 0, 870, 972, 810, 16, 2.95%, 0, 5, 10, 34.46
1701177723, 0, 871, 972, 809, 15, 2.95%, 0, 5, 10, 34.29
1701177876, 0, 871, 973, 810, 15, 2.95%, 0, 5, 10, 44.45
1701177886, 0, 871, 974, 811, 15, 2.96%, 0, 5, 10, 36.69
1701177896, 0, 871, 975, 812, 15, 2.96%, 0, 5, 10, 34.69
1701178187, 0, 879, 975, 811, 15, 2.96%, 0, 5, 10, 37.83
1701178243, 0, 880, 975, 810, 14, 2.96%, 0, 5, 10, 45.35
1701178299, 0, 890, 975, 809, 13, 2.96%, 0, 5, 10, 41.74
1701178426, 0, 894, 975, 808, 12, 2.96%, 0, 5, 10, 43.74
1701178564, 0, 908, 975, 807, 11, 2.96%, 0, 5, 10, 44.86
1701178574, 0, 908, 976, 808, 11, 2.96%, 0, 5, 10, 41.83
1701178584, 0, 908, 977, 809, 11, 2.96%, 0, 5, 10, 45.25
1701178685, 0, 924, 977, 808, 11, 2.96%, 0, 5, 10, 48.21
1701178690, 0, 924, 978, 809, 11, 2.96%, 0, 5, 10, 42.80
1701178695, 0, 924, 979, 810, 11, 2.96%, 0, 5, 10, 45.24
1701178873, 0, 936, 979, 809, 10, 2.96%, 0, 5, 10, 41.83
1701179001, 0, 945, 979, 808, 9, 2.96%, 0, 5, 10, 42.98
1701179138, 0, 956, 979, 807, 8, 2.96%, 0, 5, 10, 34.38
1701179367, 0, 959, 979, 806, 7, 2.96%, 0, 5, 10, 44.45
1701179586, 0, 963, 979, 805, 7, 2.96%, 0, 5, 10, 31.02
1701179750, 0, 963, 980, 806, 7, 2.96%, 0, 5, 11, 35.40
1701179806, 0, 964, 980, 805, 6, 2.96%, 0, 5, 11, 35.94
1701179954, 0, 965, 980, 804, 5, 2.96%, 0, 5, 11, 39.75
1701179959, 0, 965, 981, 805, 5, 2.96%, 0, 5, 11, 42.58
1701180076, 0, 965, 982, 806, 5, 2.96%, 0, 5, 11, 41.87
1701180117, 0, 971, 982, 805, 4, 2.96%, 0, 5, 11, 45.46
1701180127, 0, 971, 983, 806, 4, 2.96%, 0, 5, 11, 40.73
1701180132, 0, 971, 984, 807, 4, 2.96%, 0, 5, 11, 38.96
1701180142, 0, 971, 986, 809, 4, 2.96%, 0, 5, 11, 43.48
1701180147, 0, 971, 987, 810, 4, 2.96%, 0, 5, 11, 45.64
1701180540, 0, 971, 988, 811, 4, 2.96%, 0, 5, 11, 39.78
1701180556, 0, 971, 989, 812, 4, 2.96%, 0, 5, 11, 45.53
1701180627, 0, 971, 990, 813, 4, 2.96%, 0, 5, 11, 40.89
1701180672, 0, 971, 991, 814, 4, 2.96%, 0, 5, 11, 44.30
1701180805, 0, 971, 992, 815, 4, 2.96%, 0, 5, 11, 46.06
1701180820, 0, 971, 993, 816, 4, 2.96%, 0, 5, 11, 46.48
1701180825, 0, 973, 993, 815, 5, 2.96%, 0, 5, 11, 43.39
1701181096, 0, 973, 994, 816, 5, 2.96%, 0, 5, 11, 39.85
1701181116, 0, 973, 995, 817, 5, 2.96%, 0, 5, 11, 46.75
1701181146, 0, 973, 996, 818, 5, 2.96%, 0, 5, 11, 47.18
1701181370, 0, 985, 996, 817, 4, 2.96%, 0, 5, 11, 31.45
1701181493, 0, 985, 998, 819, 4, 2.99%, 0, 5, 12, 38.26
1701181784, 0, 985, 999, 820, 4, 2.99%, 0, 5, 12, 31.42
1701181789, 0, 985, 1000, 821, 4, 2.99%, 0, 5, 12, 42.17
1701181794, 0, 985, 1001, 822, 4, 2.99%, 0, 5, 12, 42.21
1701181804, 0, 985, 1002, 823, 4, 2.99%, 0, 5, 12, 39.49
1701181834, 0, 985, 1003, 824, 4, 2.99%, 0, 5, 12, 33.49
1701182044, 0, 985, 1004, 825, 4, 2.99%, 0, 5, 12, 39.82
1701182105, 0, 988, 1004, 824, 5, 2.99%, 0, 5, 12, 46.25
1701182395, 0, 996, 1004, 823, 4, 2.99%, 0, 5, 12, 38.23
1701182793, 0, 996, 1005, 824, 4, 2.99%, 0, 5, 13, 45.14
1701182828, 0, 996, 1006, 825, 4, 2.99%, 0, 5, 13, 44.92
1701182940, 0, 996, 1007, 826, 4, 2.99%, 0, 5, 13, 44.61
1701183093, 0, 997, 1007, 825, 3, 2.99%, 0, 5, 13, 47.28
1701183103, 0, 997, 1008, 826, 3, 2.99%, 0, 5, 13, 48.03
1701183449, 0, 997, 1009, 827, 3, 3.00%, 0, 5, 13, 45.91
1701183454, 0, 997, 1010, 828, 3, 3.00%, 0, 5, 13, 37.38
1701183575, 0, 1007, 1010, 827, 4, 3.00%, 0, 5, 13, 44.04
1701183937, 0, 1007, 1011, 828, 4, 3.00%, 0, 5, 14, 42.32
1701183953, 0, 1007, 1012, 829, 4, 3.00%, 0, 5, 14, 42.19
1701184070, 0, 1008, 1012, 828, 3, 3.00%, 0, 5, 14, 44.84
1701184080, 0, 1008, 1014, 830, 3, 3.00%, 0, 5, 14, 39.19
1701184212, 0, 1008, 1017, 833, 3, 3.01%, 0, 5, 14, 46.63
1701184467, 0, 1008, 1019, 835, 3, 3.01%, 0, 5, 14, 36.16
1701184477, 0, 1008, 1020, 836, 3, 3.01%, 0, 5, 14, 40.71
1701184513, 0, 1008, 1021, 837, 3, 3.01%, 0, 5, 14, 49.95
1701184650, 0, 1008, 1022, 838, 3, 3.01%, 0, 5, 14, 34.21
1701184696, 0, 1008, 1023, 839, 3, 3.01%, 0, 5, 14, 41.48
1701184727, 0, 1008, 1024, 840, 3, 3.01%, 0, 5, 14, 38.68
1701184747, 0, 1008, 1025, 841, 3, 3.01%, 0, 5, 14, 46.19
1701184757, 0, 1012, 1025, 840, 8, 3.01%, 0, 5, 14, 45.91
1701184767, 0, 1012, 1026, 841, 8, 3.02%, 0, 5, 15, 43.86
1701184788, 0, 1012, 1027, 842, 8, 3.02%, 0, 5, 15, 36.84
1701185139, 0, 1012, 1028, 843, 8, 3.02%, 0, 5, 15, 32.25
1701185235, 0, 1013, 1028, 842, 9, 3.02%, 0, 5, 15, 50.69
1701185261, 0, 1013, 1029, 843, 9, 3.02%, 0, 5, 15, 41.52
1701185644, 0, 1013, 1030, 844, 9, 3.02%, 0, 5, 15, 37.92
1701185715, 0, 1014, 1030, 843, 9, 3.02%, 0, 5, 15, 42.94
1701185730, 0, 1014, 1031, 844, 9, 3.03%, 0, 5, 15, 36.78
1701186118, 0, 1014, 1032, 845, 9, 3.03%, 0, 5, 15, 39.01
1701186221, 0, 1015, 1032, 844, 9, 3.03%, 0, 5, 15, 39.65
1701186639, 0, 1015, 1033, 845, 9, 3.03%, 0, 5, 15, 42.82
1701186731, 0, 1016, 1033, 844, 8, 3.03%, 0, 5, 15, 36.60
1701187128, 0, 1016, 1034, 845, 8, 3.03%, 0, 5, 15, 44.66
1701187225, 0, 1016, 1035, 846, 8, 3.03%, 0, 5, 15, 42.65
1701187342, 0, 1022, 1035, 845, 7, 3.03%, 0, 5, 15, 39.25
1701187363, 0, 1022, 1036, 846, 7, 3.03%, 0, 5, 15, 43.02
1701187720, 0, 1022, 1037, 847, 7, 3.03%, 0, 5, 15, 40.52
1701187797, 0, 1022, 1038, 848, 7, 3.03%, 0, 5, 15, 46.93
1701187909, 0, 1025, 1038, 847, 7, 3.03%, 0, 5, 15, 39.51
1701188311, 0, 1025, 1039, 848, 7, 3.03%, 0, 5, 16, 39.11
1701188398, 0, 1026, 1039, 847, 6, 3.03%, 0, 5, 16, 45.21
1701188832, 0, 1026, 1040, 848, 6, 3.03%, 0, 5, 16, 30.20
1701188955, 0, 1028, 1040, 847, 5, 3.03%, 0, 5, 16, 47.70
1701189358, 0, 1028, 1041, 848, 5, 3.03%, 0, 5, 16, 30.04
1701189460, 0, 1030, 1041, 847, 4, 3.03%, 0, 5, 16, 42.82
1701189831, 0, 1030, 1042, 848, 4, 3.03%, 0, 5, 16, 43.25
1701189922, 0, 1035, 1042, 847, 3, 3.03%, 0, 5, 16, 43.04
1701190263, 0, 1035, 1043, 848, 3, 3.03%, 0, 5, 16, 43.12
1701190319, 0, 1035, 1044, 849, 3, 3.03%, 0, 5, 16, 49.97
1701190446, 0, 1040, 1044, 848, 2, 3.03%, 0, 5, 16, 46.70
1701190849, 0, 1040, 1045, 849, 2, 3.03%, 0, 5, 17, 40.34
1701190865, 0, 1040, 1046, 850, 2, 3.03%, 0, 5, 17, 41.13
1701190992, 1, 3, 1046, 849, 2, 3.03%, 0, 5, 17, 45.78
1701190997, 1, 109, 1046, 849, 2, 3.03%, 0, 5, 17, 41.88
1701191023, 1, 109, 1047, 850, 2, 3.03%, 0, 5, 17, 44.93
1701191135, 1, 109, 1048, 851, 2, 3.03%, 0, 5, 17, 48.59
1701193117, 1, 312, 1048, 850, 2, 3.03%, 0, 5, 17, 36.73
1701193183, 1, 312, 1049, 851, 2, 3.03%, 0, 5, 17, 29.45
1701193239, 1, 328, 1049, 850, 2, 3.03%, 0, 5, 17, 42.92
1701193362, 1, 342, 1049, 849, 1, 3.03%, 0, 5, 17, 40.41
1701193458, 1, 346, 1049, 848, 0, 3.03%, 0, 5, 17, 47.97
1701193463, 1, 348, 1049, 848, 0, 3.03%, 0, 5, 17, 47.05
1701193468, 1, 351, 1049, 848, 0, 3.03%, 0, 5, 17, 42.20
1701193473, 1, 352, 1049, 848, 0, 3.03%, 0, 5, 17, 43.38
1701193585, 1, 356, 1049, 847, 0, 3.03%, 0, 5, 17, 31.86
1701193590, 1, 360, 1049, 847, 0, 3.03%, 0, 5, 17, 31.01
1701193596, 1, 361, 1049, 847, 0, 3.03%, 0, 5, 17, 34.20
1701193606, 1, 362, 1049, 847, 0, 3.03%, 0, 5, 17, 30.70
1701193611, 1, 367, 1049, 847, 0, 3.03%, 0, 5, 17, 30.11
1701193952, 1, 367, 1050, 848, 0, 3.03%, 0, 5, 17, 38.45
1701193988, 1, 368, 1050, 847, 0, 3.03%, 0, 5, 17, 32.53
1701193993, 1, 369, 1050, 847, 0, 3.03%, 0, 5, 17, 31.08
1701193998, 1, 373, 1050, 847, 0, 3.03%, 0, 5, 17, 32.96
1701194003, 1, 374, 1050, 847, 0, 3.03%, 0, 5, 17, 39.26
1701194330, 1, 376, 1050, 846, 0, 3.03%, 0, 5, 17, 35.84
1701194602, 1, 383, 1050, 845, 0, 3.03%, 0, 5, 17, 31.29
1701194622, 1, 383, 1051, 846, 0, 3.03%, 0, 5, 17, 37.74
1701194953, 1, 385, 1051, 845, 0, 3.03%, 0, 5, 17, 41.22
1701194958, 1, 386, 1051, 845, 0, 3.03%, 0, 5, 17, 36.09
1701195193, 1, 387, 1051, 844, 0, 3.03%, 0, 5, 17, 35.15
1701195198, 1, 389, 1052, 845, 0, 3.03%, 0, 5, 17, 44.14
1701195265, 1, 389, 1053, 846, 0, 3.03%, 0, 5, 17, 36.89
1701195840, 1, 389, 1054, 847, 0, 3.03%, 0, 5, 17, 47.50
1701195866, 1, 390, 1054, 846, 0, 3.03%, 0, 5, 17, 40.38
1701196157, 1, 402, 1054, 845, 0, 3.03%, 0, 5, 17, 34.95
1701196264, 1, 403, 1054, 844, 0, 3.03%, 0, 5, 17, 42.26
1701196269, 1, 406, 1054, 844, 0, 3.03%, 0, 5, 17, 34.31
1701196386, 1, 408, 1054, 843, 0, 3.03%, 0, 5, 17, 41.52
1701196391, 1, 410, 1054, 843, 0, 3.03%, 0, 5, 17, 34.92
1701196401, 1, 415, 1054, 843, 0, 3.03%, 0, 5, 17, 32.89
1701196508, 1, 418, 1054, 842, 0, 3.03%, 0, 5, 17, 41.68
1701196513, 1, 422, 1054, 842, 0, 3.03%, 0, 5, 17, 38.20
1701196518, 1, 422, 1055, 843, 0, 3.03%, 0, 5, 17, 38.18
1701196523, 1, 423, 1055, 843, 0, 3.03%, 0, 5, 17, 44.00
1701196534, 1, 425, 1055, 843, 0, 3.03%, 0, 5, 17, 43.45
1701196804, 1, 427, 1055, 842, 0, 3.03%, 0, 5, 17, 48.42
1701197094, 1, 430, 1055, 841, 0, 3.03%, 0, 5, 17, 36.67
1701197165, 1, 433, 1055, 840, 0, 3.03%, 0, 5, 17, 43.13
1701197171, 1, 436, 1055, 840, 0, 3.03%, 0, 5, 17, 43.32
1701197589, 1, 436, 1056, 841, 0, 3.03%, 0, 5, 17, 40.60
1701197635, 1, 438, 1056, 840, 0, 3.03%, 0, 5, 17, 40.05
1701197640, 1, 445, 1056, 840, 0, 3.03%, 0, 5, 17, 43.65
1701197843, 1, 451, 1056, 839, 0, 3.03%, 0, 5, 17, 42.74
1701197849, 1, 454, 1056, 839, 0, 3.03%, 0, 5, 17, 33.25
1701197854, 1, 455, 1056, 839, 0, 3.03%, 0, 5, 17, 41.47
1701197915, 1, 458, 1056, 838, 0, 3.03%, 0, 5, 17, 44.46
1701197920, 1, 466, 1056, 838, 0, 3.03%, 0, 5, 17, 44.57
1701198159, 1, 468, 1056, 837, 0, 3.03%, 0, 5, 17, 43.23
1701198398, 1, 470, 1056, 836, 0, 3.03%, 0, 5, 17, 45.19
1701198741, 1, 475, 1056, 835, 0, 3.03%, 0, 5, 17, 37.10
1701199113, 1, 475, 1057, 836, 0, 3.03%, 0, 5, 17, 39.25
1701199123, 1, 475, 1058, 837, 0, 3.03%, 0, 5, 17, 46.45
1701199188, 1, 476, 1058, 836, 0, 3.03%, 0, 5, 17, 38.89
1701199544, 1, 484, 1058, 835, 0, 3.03%, 0, 5, 17, 44.35
1701199574, 1, 484, 1059, 836, 0, 3.03%, 0, 5, 17, 42.76
1701199850, 1, 484, 1060, 837, 0, 3.03%, 0, 5, 17, 35.90
1701199871, 1, 489, 1060, 836, 0, 3.03%, 0, 5, 17, 45.13
1701200353, 1, 497, 1060, 835, 0, 3.03%, 0, 5, 17, 33.17
1701200358, 1, 499, 1060, 835, 0, 3.03%, 0, 5, 17, 28.85
1701200368, 1, 511, 1060, 835, 0, 3.03%, 0, 5, 17, 36.76
1701200373, 1, 512, 1060, 835, 0, 3.03%, 0, 5, 17, 35.34
1701200522, 1, 515, 1060, 834, 0, 3.03%, 0, 5, 17, 39.79
1701200527, 1, 518, 1060, 834, 0, 3.03%, 0, 5, 17, 43.75
1701200533, 1, 524, 1060, 834, 0, 3.03%, 0, 5, 17, 43.79
1701200538, 1, 525, 1060, 834, 0, 3.03%, 0, 5, 17, 37.54
1701200593, 1, 532, 1060, 833, 0, 3.03%, 0, 5, 17, 41.43
1701200665, 1, 535, 1060, 832, 0, 3.03%, 0, 5, 17, 35.28
1701200751, 1, 537, 1060, 831, 0, 3.03%, 0, 5, 17, 46.82
1701200757, 1, 542, 1060, 831, 0, 3.03%, 0, 5, 17, 42.00
1701200762, 1, 544, 1060, 831, 0, 3.03%, 0, 5, 17, 40.36
1701200843, 1, 548, 1060, 830, 0, 3.03%, 0, 5, 17, 39.58
1701200848, 1, 551, 1060, 829, 0, 3.03%, 0, 5, 17, 41.49
1701200859, 1, 554, 1060, 829, 0, 3.03%, 0, 5, 17, 39.37
1701200864, 1, 558, 1060, 829, 0, 3.03%, 0, 5, 17, 36.78
1701200869, 1, 559, 1060, 829, 0, 3.03%, 0, 5, 17, 35.74
1701200874, 1, 560, 1060, 829, 0, 3.03%, 0, 5, 17, 41.26
1701200884, 1, 561, 1060, 829, 0, 3.03%, 0, 5, 17, 43.52
1701200889, 1, 562, 1060, 829, 0, 3.03%, 0, 5, 17, 37.39
1701201538, 1, 562, 1061, 830, 0, 3.03%, 0, 5, 17, 45.08
1701201569, 1, 562, 1062, 831, 0, 3.03%, 0, 5, 17, 42.02
1701201625, 1, 562, 1063, 832, 0, 3.03%, 0, 5, 17, 40.72
1701201736, 1, 563, 1063, 831, 0, 3.03%, 0, 5, 17, 45.62
1701201859, 1, 571, 1063, 830, 0, 3.03%, 0, 5, 17, 25.91
1701202420, 1, 578, 1063, 829, 0, 3.03%, 0, 5, 17, 34.40
1701203381, 1, 579, 1063, 828, 0, 3.03%, 0, 5, 17, 36.30
1701204233, 1, 582, 1063, 827, 0, 3.03%, 0, 5, 17, 44.40
1701204866, 1, 582, 1064, 828, 0, 3.03%, 0, 5, 17, 34.90
1701204901, 1, 589, 1064, 827, 0, 3.03%, 0, 5, 17, 36.76
1701205065, 1, 594, 1064, 826, 0, 3.03%, 0, 5, 17, 41.84
1701205075, 1, 603, 1064, 826, 0, 3.03%, 0, 5, 17, 42.92
1701205238, 1, 604, 1064, 825, 0, 3.03%, 0, 5, 17, 31.50
1701205243, 1, 610, 1064, 825, 0, 3.03%, 0, 5, 17, 34.22
1701205248, 1, 612, 1064, 825, 0, 3.03%, 0, 5, 17, 41.70
1701205386, 1, 615, 1064, 824, 0, 3.03%, 0, 5, 17, 50.06
1701205391, 1, 617, 1064, 824, 0, 3.03%, 0, 5, 17, 48.55
1701205544, 1, 619, 1064, 823, 0, 3.03%, 0, 5, 17, 44.11
1701205554, 1, 620, 1064, 823, 0, 3.03%, 0, 5, 17, 37.57
1701205559, 1, 628, 1064, 823, 0, 3.03%, 0, 5, 17, 36.94
1701206023, 1, 628, 1066, 825, 0, 3.03%, 0, 5, 17, 49.26
1701206034, 1, 628, 1067, 826, 0, 3.03%, 0, 5, 17, 35.99
1701206064, 1, 628, 1068, 827, 0, 3.03%, 0, 5, 17, 37.90
1701206125, 1, 628, 1069, 828, 0, 3.03%, 0, 5, 17, 41.83
1701206166, 1, 628, 1070, 829, 0, 3.03%, 0, 5, 17, 42.20
1701206425, 1, 635, 1070, 828, 0, 3.03%, 0, 5, 17, 37.90
1701206674, 1, 636, 1070, 827, 0, 3.03%, 0, 5, 17, 40.04
1701206832, 1, 637, 1070, 826, 0, 3.03%, 0, 5, 17, 35.23
1701206909, 1, 637, 1071, 827, 0, 3.03%, 0, 5, 17, 33.02
1701206924, 1, 640, 1071, 826, 0, 3.03%, 0, 5, 17, 41.85
1701207079, 1, 643, 1071, 825, 0, 3.03%, 0, 5, 17, 37.87
1701207206, 1, 648, 1071, 824, 0, 3.03%, 0, 5, 17, 43.50
1701207375, 1, 651, 1071, 823, 0, 3.03%, 0, 5, 17, 33.54
1701207529, 1, 651, 1072, 824, 0, 3.03%, 0, 5, 17, 34.78
1701207539, 1, 651, 1073, 825, 0, 3.03%, 0, 5, 17, 38.36
1701207569, 1, 651, 1074, 826, 0, 3.03%, 0, 5, 17, 28.77
1701207656, 1, 655, 1074, 825, 0, 3.03%, 0, 5, 17, 40.04
1701208297, 1, 655, 1075, 826, 0, 3.03%, 0, 5, 17, 45.02
1701208317, 1, 659, 1075, 825, 0, 3.03%, 0, 5, 17, 41.80
1701208592, 1, 660, 1075, 824, 0, 3.03%, 0, 5, 17, 44.97
1701208597, 1, 663, 1075, 824, 0, 3.03%, 0, 5, 17, 30.87
1701208786, 1, 664, 1075, 823, 0, 3.03%, 0, 5, 17, 40.33
1701208797, 1, 669, 1075, 823, 0, 3.03%, 0, 5, 17, 40.35
1701208995, 1, 669, 1076, 824, 0, 3.03%, 0, 5, 17, 41.89
1701209046, 1, 673, 1076, 823, 0, 3.03%, 0, 5, 17, 46.26
1701209051, 1, 674, 1076, 823, 0, 3.03%, 0, 5, 17, 45.27
1701209056, 1, 675, 1076, 823, 0, 3.03%, 0, 5, 17, 45.39
1701209066, 1, 679, 1076, 823, 0, 3.03%, 0, 5, 17, 47.42
1701209133, 1, 681, 1076, 822, 0, 3.03%, 0, 5, 17, 44.92
1701209138, 1, 685, 1076, 822, 0, 3.03%, 0, 5, 17, 38.89
1701209230, 1, 687, 1076, 821, 0, 3.03%, 0, 5, 17, 43.21
1701209306, 1, 691, 1076, 820, 0, 3.03%, 0, 5, 17, 37.22
1701209484, 1, 691, 1077, 821, 0, 3.03%, 0, 5, 17, 43.28
1701209504, 1, 692, 1077, 820, 0, 3.03%, 0, 5, 17, 41.82
1701209662, 1, 703, 1077, 819, 0, 3.03%, 0, 5, 17, 42.79
1701209667, 1, 704, 1077, 819, 0, 3.03%, 0, 5, 17, 33.04
1701209672, 1, 705, 1077, 819, 0, 3.03%, 0, 5, 17, 33.42
1701210496, 1, 708, 1077, 818, 0, 3.03%, 0, 5, 17, 43.48
1701210781, 1, 708, 1078, 819, 0, 3.03%, 0, 5, 17, 32.42
1701210827, 1, 709, 1078, 818, 0, 3.03%, 0, 5, 17, 33.49
1701210980, 1, 709, 1079, 819, 0, 3.03%, 0, 5, 17, 45.12
1701211026, 1, 713, 1079, 818, 0, 3.03%, 0, 5, 17, 43.05
1701211729, 1, 714, 1079, 817, 0, 3.03%, 0, 5, 17, 41.47
1701211913, 1, 715, 1079, 816, 0, 3.03%, 0, 5, 17, 36.62
1701211924, 1, 718, 1079, 816, 0, 3.03%, 0, 5, 17, 32.59
1701212184, 1, 718, 1080, 817, 0, 3.03%, 0, 5, 17, 40.72
1701212214, 1, 720, 1080, 816, 0, 3.03%, 0, 5, 17, 40.66
1701212220, 1, 721, 1080, 816, 0, 3.03%, 0, 5, 17, 33.97
1701212230, 1, 723, 1080, 816, 0, 3.03%, 0, 5, 17, 46.70
1701212368, 1, 723, 1081, 817, 0, 3.03%, 0, 5, 17, 43.13
1701212403, 1, 729, 1081, 816, 0, 3.03%, 0, 5, 17, 46.21
1701212414, 1, 731, 1081, 816, 0, 3.03%, 0, 5, 17, 42.93
1701212719, 1, 733, 1081, 815, 0, 3.03%, 0, 5, 17, 43.97
1701213128, 1, 737, 1081, 814, 0, 3.03%, 0, 5, 17, 38.64
1701213749, 1, 743, 1081, 813, 0, 3.03%, 0, 5, 17, 43.58
1701213886, 1, 744, 1081, 812, 0, 3.03%, 0, 5, 17, 45.65
1701213896, 1, 746, 1081, 812, 0, 3.03%, 0, 5, 17, 36.13
1701214055, 1, 750, 1081, 811, 0, 3.03%, 0, 5, 17, 36.02
1701214310, 1, 753, 1081, 810, 0, 3.03%, 0, 5, 17, 34.39
1701214652, 1, 753, 1082, 811, 0, 3.03%, 0, 5, 17, 45.90
1701214692, 1, 753, 1083, 812, 0, 3.03%, 0, 5, 17, 43.92
1701214748, 1, 756, 1083, 811, 0, 3.03%, 0, 5, 17, 45.12
1701215208, 1, 757, 1083, 810, 0, 3.03%, 0, 5, 17, 42.29
1701215503, 1, 760, 1083, 809, 0, 3.03%, 0, 5, 17, 52.39
1701216022, 1, 763, 1083, 808, 0, 3.03%, 0, 5, 17, 49.95
1701216028, 1, 769, 1083, 808, 0, 3.03%, 0, 5, 17, 45.85
1701216038, 1, 771, 1083, 808, 0, 3.03%, 0, 5, 17, 41.11
1701216043, 1, 771, 1084, 809, 0, 3.03%, 0, 5, 17, 33.66
1701216048, 1, 771, 1085, 810, 0, 3.03%, 0, 5, 17, 40.31
1701216114, 1, 771, 1086, 811, 0, 3.03%, 0, 5, 17, 43.97
1701216160, 1, 771, 1087, 812, 0, 3.03%, 0, 5, 17, 47.29
1701216226, 1, 772, 1087, 811, 0, 3.03%, 0, 5, 17, 34.73
1701216400, 1, 781, 1087, 810, 0, 3.03%, 0, 5, 17, 33.04
1701216481, 1, 783, 1087, 809, 0, 3.03%, 0, 5, 17, 45.19
1701216486, 1, 784, 1087, 809, 0, 3.03%, 0, 5, 17, 42.72
1701216492, 1, 788, 1087, 809, 0, 3.03%, 0, 5, 17, 33.71
1701216497, 1, 791, 1087, 809, 0, 3.03%, 0, 5, 17, 45.87
1701216502, 1, 794, 1087, 809, 0, 3.03%, 0, 5, 17, 50.06
1701216507, 1, 796, 1087, 809, 0, 3.03%, 0, 5, 17, 48.86
1701216512, 1, 805, 1087, 809, 0, 3.03%, 0, 5, 17, 47.44
1701216695, 1, 805, 1088, 810, 0, 3.03%, 0, 5, 17, 52.77
1701216700, 1, 805, 1089, 811, 0, 3.03%, 0, 5, 17, 54.74
1701216710, 1, 805, 1090, 812, 0, 3.03%, 0, 5, 17, 54.25
1701216751, 1, 805, 1091, 813, 0, 3.03%, 0, 5, 17, 40.05
1701216913, 1, 805, 1092, 814, 0, 3.03%, 0, 5, 17, 51.02
1701216918, 1, 805, 1093, 815, 0, 3.03%, 0, 5, 17, 43.03
1701216959, 1, 806, 1093, 814, 0, 3.03%, 0, 5, 17, 41.61
1701217354, 1, 806, 1095, 816, 0, 3.03%, 0, 5, 17, 49.28
1701217360, 1, 806, 1096, 817, 0, 3.03%, 0, 5, 17, 51.40
1701217451, 1, 806, 1097, 818, 0, 3.03%, 0, 5, 17, 42.55
1701217497, 1, 806, 1098, 819, 0, 3.03%, 0, 5, 17, 48.66
1701217502, 1, 806, 1099, 820, 0, 3.03%, 0, 5, 17, 48.82
1701217624, 1, 807, 1099, 819, 0, 3.03%, 0, 5, 17, 47.64
1701217629, 1, 807, 1100, 820, 0, 3.03%, 0, 5, 17, 46.21
1701217787, 1, 808, 1100, 819, 0, 3.03%, 0, 5, 17, 47.11
1701217792, 1, 809, 1100, 819, 0, 3.03%, 0, 5, 17, 50.40
1701217797, 1, 812, 1100, 819, 0, 3.03%, 0, 5, 17, 48.97
1701217970, 1, 815, 1100, 818, 0, 3.03%, 0, 5, 17, 46.50
1701218159, 1, 816, 1100, 817, 0, 3.03%, 0, 5, 17, 34.66
1701218358, 1, 823, 1100, 816, 0, 3.03%, 0, 5, 17, 34.17
1701218465, 1, 823, 1101, 817, 0, 3.03%, 0, 5, 17, 45.97
1701218516, 1, 827, 1101, 816, 0, 3.03%, 0, 5, 17, 43.10
1701218536, 1, 827, 1102, 817, 0, 3.03%, 0, 5, 17, 45.03
1701218643, 1, 830, 1102, 816, 0, 3.03%, 0, 5, 17, 42.65
1701218653, 1, 834, 1102, 816, 0, 3.03%, 0, 5, 17, 39.49
1701218761, 1, 836, 1102, 815, 0, 3.03%, 0, 5, 17, 43.36
1701218852, 1, 836, 1103, 816, 0, 3.03%, 0, 5, 17, 37.26
1701218964, 1, 846, 1103, 815, 0, 3.03%, 0, 5, 17, 39.92
1701219162, 1, 850, 1103, 814, 0, 3.03%, 0, 5, 17, 45.60
1701219377, 1, 861, 1103, 813, 0, 3.03%, 0, 5, 17, 43.34
1701219616, 1, 863, 1103, 812, 0, 3.03%, 0, 5, 17, 43.72
1701219626, 1, 864, 1103, 812, 0, 3.03%, 0, 5, 17, 43.42
1701219962, 1, 864, 1104, 813, 0, 3.03%, 0, 5, 17, 43.11
1701219988, 1, 864, 1105, 814, 0, 3.03%, 0, 5, 17, 33.99
1701220019, 1, 864, 1106, 815, 0, 3.03%, 0, 5, 17, 40.49
1701220080, 1, 864, 1107, 816, 0, 3.03%, 0, 5, 17, 47.56
1701220253, 1, 864, 1108, 817, 0, 3.03%, 0, 5, 17, 45.76
1701220258, 1, 865, 1108, 816, 0, 3.03%, 0, 5, 17, 44.66
1701220594, 1, 867, 1108, 815, 0, 3.03%, 0, 5, 17, 43.52
1701220934, 1, 867, 1109, 816, 0, 3.03%, 0, 5, 17, 41.75
1701221005, 1, 879, 1109, 815, 0, 3.03%, 0, 5, 17, 36.35
1701221016, 1, 880, 1109, 815, 0, 3.03%, 0, 5, 17, 38.39
1701221021, 1, 885, 1109, 815, 0, 3.03%, 0, 5, 17, 33.15
1701221159, 1, 890, 1109, 814, 0, 3.03%, 0, 5, 17, 48.65
1701221169, 1, 893, 1109, 814, 0, 3.03%, 0, 5, 17, 47.62
1701221317, 1, 894, 1109, 813, 0, 3.03%, 0, 5, 17, 33.80
1701221322, 1, 899, 1109, 813, 0, 3.03%, 0, 5, 17, 40.06
1701221455, 1, 899, 1111, 815, 0, 3.03%, 0, 5, 17, 41.44
1701221475, 1, 899, 1112, 816, 0, 3.03%, 0, 5, 17, 46.71
1701221735, 1, 904, 1112, 815, 0, 3.03%, 0, 5, 17, 41.97
1701221903, 1, 907, 1112, 814, 0, 3.03%, 0, 5, 17, 48.10
1701222046, 1, 909, 1112, 813, 0, 3.03%, 0, 5, 17, 34.22
1701222163, 1, 913, 1112, 812, 0, 3.03%, 0, 5, 17, 50.66
1701222260, 1, 914, 1112, 811, 0, 3.03%, 0, 5, 17, 40.44
1701222577, 1, 916, 1112, 810, 0, 3.03%, 0, 5, 17, 46.45
1701223168, 1, 916, 1113, 811, 0, 3.03%, 0, 5, 17, 42.30
1701223291, 1, 917, 1113, 810, 0, 3.03%, 0, 5, 17, 34.05
1701223382, 1, 917, 1114, 811, 0, 3.03%, 0, 5, 17, 43.56
1701223464, 1, 1104, 1114, 810, 1, 3.03%, 0, 5, 17, 44.37
1701224571, 1, 1104, 1115, 811, 1, 3.03%, 0, 5, 17, 41.58
1701224581, 1, 1104, 1116, 812, 1, 3.03%, 0, 5, 17, 42.61
1701224683, 1, 1104, 1117, 813, 1, 3.03%, 0, 5, 17, 43.76
1701224805, 1, 1104, 1118, 814, 1, 3.03%, 0, 5, 17, 43.64
1701224866, 1, 1113, 1118, 813, 1, 3.03%, 0, 5, 17, 42.67
1701224928, 1, 1113, 1121, 816, 1, 3.03%, 0, 5, 17, 35.44
1701224933, 1, 1113, 1125, 820, 1, 3.03%, 0, 5, 17, 34.63
1701224989, 1, 1113, 1126, 821, 1, 3.03%, 0, 5, 17, 37.34
1701225136, 1, 1113, 1127, 822, 1, 3.03%, 0, 5, 17, 45.55
1701225208, 1, 1117, 1127, 821, 0, 3.03%, 0, 5, 17, 46.77
1701228180, 1, 1117, 1128, 822, 0, 3.03%, 0, 5, 17, 42.57
1701228349, 1, 1118, 1128, 821, 0, 3.03%, 0, 5, 17, 39.84
1701228615, 2, 3, 1129, 821, 0, 3.03%, 0, 5, 17, 27.20
1701228620, 2, 5, 1129, 821, 0, 3.03%, 0, 5, 17, 26.56
1701230862, 2, 5, 1130, 822, 0, 3.04%, 0, 5, 17, 37.28
1701230877, 2, 5, 1131, 823, 0, 3.04%, 0, 5, 17, 39.95
1701230882, 2, 5, 1132, 824, 0, 3.04%, 0, 5, 17, 33.98
1701231092, 2, 28, 1132, 823, 1, 3.04%, 0, 5, 17, 32.26
1701233341, 2, 106, 1132, 822, 1, 3.04%, 0, 5, 17, 44.73
1701235752, 2, 347, 1132, 821, 1, 3.04%, 0, 5, 17, 47.62
1701235757, 2, 381, 1132, 821, 1, 3.04%, 0, 5, 17, 44.71
1701236057, 2, 381, 1133, 822, 1, 3.04%, 0, 5, 17, 33.81
1701236087, 2, 431, 1133, 821, 1, 3.04%, 0, 5, 17, 44.70
1701236557, 2, 431, 1134, 822, 1, 3.04%, 0, 5, 17, 34.47
1701236607, 2, 693, 1135, 822, 1, 3.04%, 0, 5, 17, 44.03
1701236612, 2, 738, 1135, 822, 1, 3.04%, 0, 5, 17, 42.35
1701236939, 2, 849, 1135, 821, 1, 3.04%, 0, 5, 17, 42.68
1701237163, 2, 906, 1135, 820, 1, 3.04%, 0, 5, 17, 42.61
1701237316, 2, 999, 1135, 819, 1, 3.04%, 0, 5, 17, 39.92
1701237847, 2, 999, 1136, 820, 1, 3.04%, 0, 5, 17, 32.19
1701237857, 2, 999, 1137, 821, 1, 3.04%, 0, 5, 17, 36.87
1701237862, 2, 999, 1139, 823, 1, 3.04%, 0, 5, 17, 42.86
1701237872, 2, 999, 1140, 824, 1, 3.04%, 0, 5, 17, 40.21
1701237903, 2, 999, 1141, 825, 1, 3.04%, 0, 5, 17, 44.10
1701238076, 2, 999, 1142, 826, 1, 3.04%, 0, 5, 17, 38.98
1701238112, 2, 999, 1143, 827, 1, 3.04%, 0, 5, 17, 43.84
1701238163, 2, 1129, 1143, 826, 1, 3.04%, 0, 5, 17, 24.03
1701269112, 2, 1134, 1143, 825, 0, 3.04%, 0, 5, 17, 22.10
