# unix_time, cycles_done, cur_path, paths_total, pending_total, pending_favs, map_size, unique_crashes, unique_hangs, max_depth, execs_per_sec
1701125250, 0, 0, 1, 1, 1, 1.07%, 0, 0, 1, 18.10
1701125255, 0, 0, 21, 21, 1, 1.53%, 0, 0, 2, 31.16
1701125260, 0, 0, 31, 31, 1, 1.65%, 0, 0, 2, 24.37
1701125266, 0, 0, 34, 34, 1, 1.86%, 0, 0, 2, 14.17
1701125271, 0, 0, 40, 40, 1, 1.87%, 0, 0, 2, 15.87
1701125276, 0, 0, 42, 42, 1, 1.87%, 0, 0, 2, 12.79
1701125281, 0, 0, 43, 43, 1, 1.87%, 0, 0, 2, 12.33
1701125286, 0, 0, 46, 46, 1, 1.96%, 0, 0, 2, 12.01
1701125291, 0, 0, 47, 47, 1, 1.99%, 0, 0, 2, 11.37
1701125301, 0, 0, 48, 48, 1, 2.02%, 0, 0, 2, 9.70
1701125307, 0, 0, 49, 49, 1, 2.03%, 0, 0, 2, 9.55
1701125312, 0, 0, 50, 50, 1, 2.03%, 0, 0, 2, 9.42
1701125317, 0, 0, 51, 51, 1, 2.03%, 0, 0, 2, 10.54
1701125327, 0, 0, 52, 52, 1, 2.03%, 0, 0, 2, 10.89
1701125347, 0, 0, 60, 60, 1, 2.03%, 0, 0, 2, 23.81
1701125353, 0, 0, 71, 71, 1, 2.03%, 0, 0, 2, 21.11
1701125358, 0, 0, 84, 84, 1, 2.03%, 0, 0, 2, 22.78
1701125363, 0, 0, 96, 96, 1, 2.03%, 0, 0, 2, 23.04
1701125368, 0, 0, 105, 105, 1, 2.03%, 0, 0, 2, 20.01
1701125373, 0, 0, 115, 115, 1, 2.03%, 0, 0, 2, 19.79
1701125378, 0, 0, 124, 124, 1, 2.03%, 0, 0, 2, 21.58
1701125383, 0, 0, 130, 130, 1, 2.03%, 0, 0, 2, 22.37
1701125389, 0, 0, 135, 135, 1, 2.03%, 0, 0, 2, 22.86
1701125394, 0, 0, 136, 136, 1, 2.03%, 0, 0, 2, 21.71
1701125404, 0, 0, 141, 141, 1, 2.03%, 0, 0, 2, 23.29
1701125409, 0, 0, 144, 144, 1, 2.03%, 0, 0, 2, 23.65
1701125429, 0, 0, 145, 145, 1, 2.03%, 0, 0, 2, 29.96
1701125435, 0, 0, 146, 146, 1, 2.03%, 0, 0, 2, 28.62
1701125440, 0, 0, 148, 148, 1, 2.03%, 0, 0, 2, 31.95
1701125445, 0, 0, 150, 150, 1, 2.03%, 0, 0, 2, 28.25
1701125450, 0, 0, 158, 158, 1, 2.03%, 0, 0, 2, 24.25
1701125455, 0, 0, 167, 167, 1, 2.03%, 0, 0, 2, 24.33
1701125465, 0, 0, 170, 170, 1, 2.03%, 0, 0, 2, 30.70
1701125470, 0, 0, 172, 172, 1, 2.03%, 0, 0, 2, 22.93
1701125481, 0, 0, 174, 174, 1, 2.03%, 0, 0, 2, 20.85
1701125486, 0, 0, 181, 181, 1, 2.03%, 0, 0, 2, 23.75
1701125491, 0, 0, 186, 186, 1, 2.03%, 0, 0, 2, 23.81
1701125496, 0, 0, 190, 190, 1, 2.03%, 0, 0, 2, 18.38
1701125501, 0, 0, 192, 192, 1, 2.03%, 0, 0, 2, 23.64
1701125506, 0, 0, 193, 193, 1, 2.03%, 0, 0, 2, 22.94
1701125511, 0, 0, 196, 196, 1, 2.03%, 0, 0, 2, 20.78
1701125516, 0, 0, 199, 199, 1, 2.03%, 0, 0, 2, 20.36
1701125521, 0, 0, 201, 201, 1, 2.03%, 0, 0, 2, 20.27
1701125547, 0, 0, 202, 202, 1, 2.03%, 0, 0, 2, 21.46
1701125567, 0, 0, 203, 203, 1, 2.03%, 0, 0, 2, 23.03
1701125588, 0, 0, 205, 205, 1, 2.04%, 0, 0, 2, 26.73
1701125598, 0, 0, 206, 206, 1, 2.04%, 0, 0, 2, 33.26
1701125613, 0, 0, 207, 207, 1, 2.04%, 0, 0, 2, 30.55
1701125624, 0, 0, 208, 208, 1, 2.04%, 0, 0, 2, 31.31
1701125629, 0, 0, 210, 210, 1, 2.04%, 0, 0, 2, 24.79
1701125649, 0, 0, 211, 211, 1, 2.04%, 0, 0, 2, 24.86
1701125675, 0, 0, 212, 212, 1, 2.04%, 0, 0, 2, 22.66
1701125695, 0, 0, 213, 213, 1, 2.04%, 0, 0, 2, 21.26
1701125721, 0, 0, 215, 215, 1, 2.06%, 0, 0, 2, 31.43
1701125736, 0, 0, 216, 216, 1, 2.06%, 0, 0, 2, 24.83
1701125782, 0, 0, 217, 217, 1, 2.06%, 0, 0, 2, 21.55
1701125848, 0, 0, 218, 218, 1, 2.06%, 0, 0, 2, 25.77
1701126017, 0, 0, 219, 219, 1, 2.06%, 0, 0, 2, 20.08
1701126073, 0, 0, 221, 221, 1, 2.06%, 0, 0, 2, 25.12
1701126078, 0, 0, 230, 230, 1, 2.12%, 0, 0, 2, 20.29
1701126083, 0, 0, 235, 235, 1, 2.12%, 0, 0, 2, 12.80
1701126088, 0, 0, 238, 238, 1, 2.12%, 0, 0, 2, 22.38
1701126093, 0, 0, 241, 241, 1, 2.12%, 0, 0, 2, 27.66
1701126211, 0, 0, 242, 242, 1, 2.12%, 0, 0, 2, 27.71
1701126380, 0, 0, 243, 243, 1, 2.12%, 0, 0, 2, 22.96
1701126395, 0, 0, 244, 244, 1, 2.12%, 0, 0, 2, 23.68
1701126466, 0, 0, 245, 245, 1, 2.12%, 0, 0, 2, 25.76
1701126998, 0, 0, 246, 246, 1, 2.12%, 0, 0, 2, 26.09
1701127244, 0, 0, 247, 247, 1, 2.12%, 0, 0, 2, 27.78
1701127315, 0, 0, 249, 249, 1, 2.14%, 0, 0, 2, 26.50
1701128103, 0, 0, 251, 251, 1, 2.14%, 0, 0, 2, 30.14
1701128185, 0, 0, 252, 252, 1, 2.15%, 0, 0, 2, 21.08
1701128358, 0, 0, 253, 253, 1, 2.15%, 0, 0, 2, 29.44
1701128379, 0, 2, 253, 252, 31, 2.15%, 0, 0, 2, 2.96
1701128400, 0, 4, 253, 251, 30, 2.15%, 0, 0, 2, 39.12
1701128415, 0, 5, 253, 250, 29, 2.15%, 0, 0, 2, 32.38
1701128436, 0, 6, 254, 250, 28, 2.16%, 0, 0, 3, 33.07
1701128456, 0, 6, 255, 251, 28, 2.16%, 0, 0, 3, 24.82
1701128461, 0, 6, 258, 254, 28, 2.23%, 0, 0, 3, 26.87
1701128466, 0, 6, 262, 258, 28, 2.24%, 0, 0, 3, 28.02
1701128486, 0, 6, 263, 259, 28, 2.24%, 0, 0, 3, 24.14
1701128491, 0, 6, 264, 260, 28, 2.26%, 0, 0, 3, 25.56
1701128507, 0, 6, 265, 261, 28, 2.26%, 0, 0, 3, 34.15
1701128512, 0, 6, 268, 264, 28, 2.26%, 0, 0, 3, 34.48
1701128517, 0, 6, 269, 265, 28, 2.27%, 0, 0, 3, 33.45
1701128537, 0, 6, 270, 266, 28, 2.31%, 0, 0, 3, 23.68
1701128573, 0, 6, 271, 267, 28, 2.31%, 0, 0, 3, 29.46
1701128578, 0, 6, 272, 268, 28, 2.31%, 0, 0, 3, 32.46
1701128584, 0, 6, 273, 269, 28, 2.31%, 0, 0, 3, 31.69
1701128614, 0, 6, 274, 270, 28, 2.32%, 0, 0, 3, 23.82
1701128625, 0, 6, 276, 272, 28, 2.32%, 0, 0, 3, 25.23
1701128640, 0, 6, 278, 274, 28, 2.32%, 0, 0, 3, 25.94
1701128645, 0, 11, 278, 273, 40, 2.32%, 0, 0, 3, 29.12
1701128696, 0, 11, 279, 274, 40, 2.32%, 0, 0, 3, 23.76
1701128712, 0, 14, 279, 273, 39, 2.32%, 0, 0, 3, 30.34
1701128737, 0, 15, 279, 272, 38, 2.32%, 0, 0, 3, 29.84
1701128758, 0, 22, 279, 271, 37, 2.32%, 0, 0, 3, 23.24
1701128784, 0, 25, 279, 270, 36, 2.32%, 0, 0, 3, 27.18
1701128809, 0, 26, 279, 269, 35, 2.32%, 0, 0, 3, 33.47
1701128825, 0, 26, 280, 270, 35, 2.32%, 0, 0, 3, 26.46
1701128830, 0, 27, 280, 269, 34, 2.32%, 0, 0, 3, 24.83
1701128886, 0, 28, 280, 268, 33, 2.32%, 0, 0, 3, 30.32
1701128902, 0, 28, 283, 271, 33, 2.32%, 0, 0, 3, 28.15
1701128948, 0, 28, 285, 273, 33, 2.32%, 0, 0, 3, 29.15
1701128968, 0, 28, 286, 274, 33, 2.32%, 0, 0, 3, 33.78
1701128984, 0, 28, 287, 275, 33, 2.32%, 0, 0, 3, 33.77
1701128999, 0, 28, 288, 276, 33, 2.32%, 0, 0, 3, 32.47
1701129045, 0, 28, 289, 277, 33, 2.32%, 0, 0, 3, 34.10
1701129050, 0, 28, 290, 278, 33, 2.32%, 0, 0, 3, 34.01
1701129055, 0, 28, 292, 280, 33, 2.32%, 0, 0, 3, 34.86
1701129163, 0, 28, 294, 282, 33, 2.33%, 0, 0, 3, 24.29
1701129183, 0, 28, 295, 283, 33, 2.33%, 0, 0, 3, 27.91
1701129203, 0, 28, 296, 284, 33, 2.33%, 0, 0, 3, 29.81
1701129254, 0, 28, 297, 285, 33, 2.33%, 0, 0, 3, 33.75
1701129459, 0, 28, 312, 300, 33, 2.33%, 0, 0, 3, 32.08
1701129464, 0, 28, 317, 305, 33, 2.33%, 0, 0, 3, 26.44
1701129469, 0, 28, 319, 307, 33, 2.33%, 1, 0, 3, 14.42
1701131670, 0, 29, 319, 306, 33, 2.33%, 1, 0, 3, 29.48
1701131696, 0, 30, 319, 305, 32, 2.33%, 1, 0, 3, 34.00
1701131711, 0, 31, 319, 304, 31, 2.33%, 1, 0, 3, 36.33
1701131998, 0, 31, 320, 305, 31, 2.33%, 1, 0, 3, 23.54
1701132488, 0, 32, 320, 304, 31, 2.33%, 1, 0, 3, 20.23
1701132509, 0, 32, 327, 311, 31, 2.34%, 1, 0, 3, 20.43
1701132514, 0, 32, 336, 320, 31, 2.34%, 1, 0, 3, 18.62
1701132519, 0, 32, 344, 328, 31, 2.34%, 1, 0, 3, 15.28
1701132524, 0, 32, 355, 339, 31, 2.34%, 1, 0, 3, 18.31
1701132529, 0, 32, 362, 346, 31, 2.34%, 1, 0, 3, 16.01
1701132534, 0, 32, 368, 352, 31, 2.34%, 1, 0, 3, 15.93
1701132539, 0, 32, 376, 360, 31, 2.34%, 1, 0, 3, 16.56
1701132544, 0, 32, 382, 366, 31, 2.34%, 1, 0, 3, 16.82
1701132549, 0, 32, 385, 369, 31, 2.34%, 1, 0, 3, 15.62
1701132555, 0, 32, 387, 371, 31, 2.34%, 1, 0, 3, 17.39
1701132570, 0, 32, 388, 372, 31, 2.34%, 1, 0, 3, 19.22
1701132575, 0, 32, 394, 378, 31, 2.34%, 1, 0, 3, 17.94
1701132580, 0, 32, 396, 380, 31, 2.34%, 1, 0, 3, 18.06
1701132611, 0, 32, 397, 381, 31, 2.34%, 1, 0, 3, 26.26
1701132621, 0, 32, 399, 383, 31, 2.35%, 1, 0, 3, 29.58
1701132626, 0, 32, 401, 385, 31, 2.35%, 1, 0, 3, 22.35
1701132631, 0, 32, 407, 391, 31, 2.35%, 1, 0, 3, 18.83
1701132636, 0, 32, 412, 396, 31, 2.35%, 1, 0, 3, 16.40
1701132642, 0, 32, 416, 400, 31, 2.35%, 1, 0, 3, 17.41
1701132652, 0, 32, 422, 406, 31, 2.35%, 1, 0, 3, 26.47
1701132657, 0, 32, 424, 408, 31, 2.35%, 1, 0, 3, 25.09
1701132662, 0, 32, 427, 411, 31, 2.35%, 1, 0, 3, 25.22
1701132667, 0, 32, 429, 413, 31, 2.35%, 1, 0, 3, 23.74
1701132672, 0, 32, 432, 416, 31, 2.35%, 1, 0, 3, 20.77
1701132677, 0, 32, 436, 420, 31, 2.35%, 1, 0, 3, 20.35
1701132682, 0, 32, 441, 425, 31, 2.35%, 1, 0, 3, 20.12
1701132688, 0, 32, 443, 427, 31, 2.35%, 1, 0, 3, 17.91
1701132693, 0, 32, 444, 428, 31, 2.35%, 1, 0, 3, 18.18
1701132698, 0, 32, 446, 430, 31, 2.35%, 1, 0, 3, 22.99
1701132708, 0, 32, 448, 432, 31, 2.35%, 1, 0, 3, 19.93
1701132713, 0, 32, 449, 433, 31, 2.35%, 1, 0, 3, 14.47
1701132719, 0, 32, 450, 434, 31, 2.35%, 1, 0, 3, 15.61
1701132739, 0, 32, 452, 436, 31, 2.35%, 1, 0, 3, 19.73
1701132744, 0, 32, 453, 437, 31, 2.35%, 1, 0, 3, 19.14
1701132765, 0, 32, 455, 439, 31, 2.35%, 1, 0, 3, 2.40
1701132801, 0, 32, 458, 442, 31, 2.35%, 1, 0, 3, 20.55
1701132811, 0, 32, 459, 443, 31, 2.35%, 1, 0, 3, 20.31
1701132816, 0, 32, 460, 444, 31, 2.35%, 1, 0, 3, 19.84
1701132841, 0, 32, 462, 446, 31, 2.35%, 1, 0, 3, 25.98
1701132846, 0, 32, 463, 447, 31, 2.35%, 1, 0, 3, 25.12
1701132852, 0, 32, 465, 449, 31, 2.35%, 1, 0, 3, 19.03
1701132857, 0, 32, 466, 450, 31, 2.35%, 1, 0, 3, 20.67
1701132882, 0, 32, 467, 451, 31, 2.35%, 1, 0, 3, 21.81
1701133016, 0, 32, 468, 452, 31, 2.35%, 1, 0, 3, 21.50
1701133061, 0, 32, 469, 453, 31, 2.35%, 1, 0, 3, 14.56
1701133092, 0, 32, 470, 454, 31, 2.35%, 1, 0, 3, 20.67
1701133102, 0, 32, 471, 455, 31, 2.35%, 1, 0, 3, 22.31
1701133118, 0, 32, 472, 456, 31, 2.35%, 1, 0, 3, 25.46
1701133184, 0, 32, 473, 457, 31, 2.35%, 1, 0, 3, 20.81
1701133204, 0, 32, 474, 458, 31, 2.35%, 1, 0, 3, 15.85
1701133383, 0, 32, 476, 460, 31, 2.35%, 1, 0, 3, 28.72
1701133394, 0, 32, 477, 461, 31, 2.35%, 1, 0, 3, 24.90
1701133450, 0, 32, 478, 462, 31, 2.35%, 1, 0, 3, 29.77
1701133496, 0, 32, 479, 463, 31, 2.35%, 1, 0, 3, 30.61
1701133624, 0, 32, 481, 465, 31, 2.35%, 1, 0, 3, 26.81
1701133695, 0, 32, 482, 466, 31, 2.35%, 1, 0, 3, 21.72
1701133874, 0, 32, 483, 467, 31, 2.35%, 1, 0, 3, 20.56
1701134401, 0, 32, 484, 468, 31, 2.35%, 1, 0, 3, 20.53
1701134406, 0, 32, 485, 469, 31, 2.35%, 1, 0, 3, 20.64
1701134671, 0, 32, 486, 470, 31, 2.35%, 1, 0, 3, 20.85
1701134701, 0, 32, 487, 471, 31, 2.35%, 1, 0, 3, 19.81
1701134727, 0, 32, 488, 472, 31, 2.35%, 1, 0, 3, 18.01
1701135637, 0, 32, 489, 473, 31, 2.35%, 1, 0, 3, 21.61
1701135831, 0, 35, 489, 472, 33, 2.35%, 1, 0, 3, 35.15
1701135852, 0, 37, 489, 471, 32, 2.35%, 1, 0, 3, 35.15
1701135867, 0, 44, 489, 470, 31, 2.35%, 1, 0, 3, 30.01
1701135882, 0, 44, 493, 474, 31, 2.35%, 1, 0, 3, 27.38
1701135887, 0, 44, 494, 475, 31, 2.35%, 1, 0, 3, 26.59
1701135943, 0, 44, 495, 476, 31, 2.35%, 1, 0, 3, 20.18
1701135948, 0, 44, 496, 477, 31, 2.35%, 1, 0, 3, 23.39
1701135954, 0, 44, 498, 479, 31, 2.35%, 1, 0, 3, 24.17
1701135959, 0, 44, 499, 480, 31, 2.35%, 1, 0, 3, 22.22
1701135989, 0, 44, 500, 481, 31, 2.35%, 1, 0, 3, 24.58
1701136081, 0, 44, 502, 483, 31, 2.35%, 1, 0, 3, 27.53
1701136122, 0, 44, 504, 485, 31, 2.35%, 1, 0, 3, 23.00
1701136214, 0, 44, 505, 486, 31, 2.35%, 1, 0, 3, 27.99
1701136220, 0, 44, 506, 487, 31, 2.35%, 1, 0, 3, 28.64
1701136563, 0, 44, 507, 488, 31, 2.35%, 1, 0, 3, 20.73
1701136578, 0, 44, 512, 493, 31, 2.35%, 1, 0, 3, 23.33
1701136583, 0, 44, 520, 501, 31, 2.36%, 1, 0, 3, 26.00
1701136588, 0, 44, 525, 506, 31, 2.36%, 1, 0, 3, 19.81
1701139085, 0, 47, 525, 505, 33, 2.36%, 1, 0, 3, 30.08
1701139101, 0, 47, 528, 508, 33, 2.36%, 1, 0, 3, 23.96
1701139177, 0, 47, 529, 509, 33, 2.36%, 1, 0, 3, 31.89
1701139187, 0, 47, 530, 510, 33, 2.36%, 1, 0, 3, 24.96
1701139192, 0, 47, 531, 511, 33, 2.36%, 1, 0, 3, 25.96
1701139218, 0, 47, 532, 512, 33, 2.36%, 1, 0, 3, 23.06
1701139279, 0, 47, 533, 513, 33, 2.36%, 1, 0, 3, 32.18
1701139402, 0, 47, 534, 514, 33, 2.36%, 1, 0, 3, 28.87
1701139739, 0, 47, 537, 517, 33, 2.36%, 1, 0, 3, 22.44
1701139744, 0, 47, 541, 521, 33, 2.36%, 1, 0, 3, 21.38
1701139749, 0, 47, 545, 525, 33, 2.36%, 1, 0, 3, 19.09
1701142037, 0, 48, 545, 524, 34, 2.36%, 1, 0, 3, 29.71
1701142242, 0, 48, 546, 525, 34, 2.36%, 1, 0, 3, 27.83
1701145303, 0, 50, 546, 524, 34, 2.36%, 1, 0, 3, 30.69
1701145324, 0, 50, 554, 532, 34, 2.36%, 1, 0, 3, 21.37
1701145329, 0, 50, 558, 536, 34, 2.36%, 1, 0, 3, 20.48
1701145334, 0, 50, 564, 542, 34, 2.36%, 1, 0, 3, 22.22
1701145355, 0, 50, 566, 544, 34, 2.36%, 1, 0, 3, 23.38
1701145431, 0, 50, 567, 545, 34, 2.36%, 1, 0, 3, 22.68
1701145436, 0, 50, 568, 546, 34, 2.36%, 1, 0, 3, 20.89
1701145447, 0, 50, 569, 547, 34, 2.36%, 1, 0, 3, 25.19
1701145523, 0, 50, 571, 549, 34, 2.36%, 1, 0, 3, 29.47
1701145544, 0, 50, 572, 550, 34, 2.36%, 1, 0, 3, 23.77
1701145677, 0, 50, 574, 552, 34, 2.36%, 1, 0, 3, 19.81
1701145733, 0, 50, 575, 553, 34, 2.36%, 1, 0, 3, 15.74
1701146091, 0, 50, 580, 558, 34, 2.36%, 1, 0, 3, 16.68
1701146096, 0, 50, 583, 561, 34, 2.36%, 1, 0, 3, 21.22
1701146101, 0, 50, 590, 568, 34, 2.36%, 1, 0, 3, 17.95
1701146106, 0, 50, 591, 569, 34, 2.36%, 1, 0, 3, 37.74
1701148552, 0, 70, 591, 568, 34, 2.36%, 1, 0, 3, 1.68
1701151700, 0, 189, 591, 567, 34, 2.36%, 1, 0, 3, 0.50
1701152421, 0, 189, 592, 568, 34, 2.36%, 1, 0, 3, 20.92
1701154832, 0, 217, 592, 567, 34, 2.36%, 1, 0, 3, 3.91
1701154888, 0, 222, 592, 566, 33, 2.36%, 1, 0, 3, 24.45
1701155104, 0, 222, 593, 567, 33, 2.36%, 1, 0, 3, 22.42
1701155626, 0, 222, 595, 569, 33, 2.36%, 1, 0, 3, 26.41
1701155631, 0, 222, 599, 573, 33, 2.36%, 1, 0, 3, 29.02
1701158089, 0, 228, 599, 572, 33, 2.36%, 1, 0, 3, 29.90
1701158104, 0, 228, 600, 573, 33, 2.36%, 1, 0, 3, 18.26
1701158135, 0, 228, 601, 574, 33, 2.36%, 1, 0, 3, 2.22
1701158170, 0, 228, 602, 575, 33, 2.36%, 1, 0, 3, 29.08
1701158831, 0, 228, 603, 576, 33, 2.36%, 1, 0, 3, 23.41
1701161120, 0, 238, 603, 575, 33, 2.36%, 1, 0, 3, 2.82
1701161682, 0, 238, 605, 577, 33, 2.36%, 1, 0, 3, 27.86
1701163525, 0, 248, 605, 576, 31, 2.36%, 1, 0, 3, 31.69
1701163601, 0, 248, 606, 577, 31, 2.44%, 1, 1, 3, 38.36
1701163611, 0, 248, 607, 578, 31, 2.51%, 1, 2, 3, 28.90
1701163647, 0, 251, 607, 577, 31, 2.51%, 1, 2, 3, 28.75
1701164292, 0, 257, 609, 578, 30, 2.52%, 1, 2, 4, 34.09
1701164297, 0, 257, 611, 580, 30, 2.55%, 1, 2, 4, 31.31
1701164308, 0, 257, 614, 583, 30, 2.63%, 1, 2, 4, 32.10
1701164339, 0, 257, 615, 584, 30, 2.64%, 1, 2, 4, 34.99
1701164344, 0, 257, 617, 586, 30, 2.64%, 1, 2, 4, 34.15
1701164349, 0, 260, 617, 585, 36, 2.64%, 1, 2, 4, 33.80
1701164390, 0, 261, 617, 584, 35, 2.64%, 1, 2, 4, 25.77
1701164415, 0, 262, 617, 583, 34, 2.64%, 1, 2, 4, 29.81
1701164420, 0, 264, 617, 582, 33, 2.64%, 1, 2, 4, 31.62
1701164456, 0, 264, 618, 583, 33, 2.64%, 1, 2, 4, 35.90
1701164461, 0, 265, 618, 582, 32, 2.64%, 1, 2, 4, 33.80
1701164471, 0, 268, 618, 581, 31, 2.64%, 1, 2, 4, 29.60
1701164482, 0, 268, 619, 582, 31, 2.64%, 1, 2, 4, 33.45
1701164513, 0, 269, 620, 582, 30, 2.64%, 1, 2, 4, 35.60
1701164528, 0, 269, 621, 583, 30, 2.65%, 1, 2, 4, 36.51
1701164564, 0, 270, 621, 582, 31, 2.65%, 1, 2, 4, 27.37
1701164625, 0, 271, 621, 581, 30, 2.65%, 1, 2, 4, 30.52
1701164630, 0, 271, 622, 582, 30, 2.65%, 1, 2, 4, 32.13
1701164666, 0, 272, 622, 581, 30, 2.65%, 1, 2, 4, 33.84
1701164671, 0, 272, 626, 585, 30, 2.66%, 1, 2, 4, 34.50
1701164676, 0, 272, 628, 587, 30, 2.66%, 1, 2, 4, 34.56
1701164686, 0, 272, 629, 588, 30, 2.66%, 1, 2, 4, 30.50
1701164692, 0, 272, 630, 589, 30, 2.66%, 1, 2, 4, 34.14
1701164702, 0, 272, 632, 591, 30, 2.91%, 1, 2, 4, 33.94
1701164717, 0, 272, 633, 592, 30, 2.91%, 1, 2, 4, 27.40
1701164784, 0, 272, 634, 593, 30, 2.91%, 1, 2, 4, 33.13
1701164809, 0, 272, 635, 594, 30, 2.98%, 1, 2, 4, 30.88
1701164840, 0, 273, 635, 593, 35, 2.98%, 1, 2, 4, 27.69
1701164855, 0, 273, 636, 594, 35, 2.98%, 1, 2, 4, 31.35
1701165009, 0, 275, 636, 593, 35, 2.98%, 1, 2, 4, 28.26
1701165014, 0, 277, 636, 592, 34, 2.98%, 1, 2, 4, 33.85
1701165020, 0, 277, 637, 593, 34, 2.99%, 1, 2, 4, 30.73
1701165066, 0, 277, 638, 594, 34, 2.99%, 1, 2, 4, 36.05
1701165071, 0, 306, 638, 593, 35, 2.99%, 1, 2, 4, 3.88
1701165559, 0, 306, 644, 599, 35, 2.99%, 1, 2, 4, 28.77
1701167514, 0, 319, 644, 598, 34, 2.99%, 1, 2, 4, 15.40
1701168284, 0, 421, 644, 597, 33, 2.99%, 1, 2, 4, 0.52
1701168300, 0, 421, 645, 598, 33, 2.99%, 1, 2, 4, 25.03
1701168305, 0, 421, 647, 600, 33, 2.99%, 1, 2, 4, 22.83
1701168366, 0, 421, 648, 601, 33, 2.99%, 1, 2, 4, 27.64
1701171383, 0, 472, 648, 600, 32, 2.99%, 1, 2, 4, 0.22
1701172398, 0, 472, 649, 601, 32, 2.99%, 1, 2, 4, 30.02
1701172490, 0, 472, 650, 602, 32, 3.00%, 1, 2, 4, 17.06
1701174690, 0, 475, 650, 601, 32, 3.00%, 1, 2, 4, 6.09
1701174705, 0, 475, 651, 602, 32, 3.00%, 1, 2, 4, 27.69
1701174766, 0, 475, 652, 603, 32, 3.00%, 1, 2, 4, 22.46
1701175319, 0, 475, 654, 605, 32, 3.00%, 1, 2, 4, 25.53
1701177453, 0, 512, 654, 604, 31, 3.00%, 1, 2, 4, 0.72
1701177469, 0, 512, 655, 605, 31, 3.00%, 1, 2, 4, 31.18
1701178031, 0, 512, 657, 607, 31, 3.00%, 1, 2, 4, 29.21
1701178036, 0, 512, 658, 608, 31, 3.00%, 1, 2, 4, 32.34
1701179977, 0, 512, 659, 609, 31, 3.00%, 1, 2, 4, 22.43
1701179987, 0, 528, 659, 608, 30, 3.00%, 1, 2, 4, 23.70
1701183144, 0, 542, 659, 607, 29, 3.00%, 1, 2, 4, 32.75
1701186334, 0, 545, 659, 606, 28, 3.00%, 1, 2, 4, 29.26
1701189474, 0, 556, 659, 605, 27, 3.00%, 1, 2, 4, 28.21
1701192657, 0, 569, 659, 604, 27, 3.00%, 1, 2, 4, 2.62
1701193309, 0, 569, 660, 605, 27, 3.00%, 1, 2, 4, 27.35
1701193315, 0, 569, 661, 606, 27, 3.00%, 1, 2, 4, 24.65
1701195513, 0, 569, 662, 607, 27, 3.02%, 1, 2, 4, 20.93
1701195528, 0, 570, 662, 606, 27, 3.02%, 1, 2, 4, 22.40
1701198561, 0, 583, 662, 605, 27, 3.02%, 1, 2, 4, 26.28
1701199306, 0, 583, 666, 609, 27, 3.02%, 1, 2, 4, 29.01
1701201947, 0, 600, 666, 608, 27, 3.02%, 1, 2, 4, 32.73
1701205241, 0, 606, 667, 608, 26, 3.03%, 1, 2, 4, 19.42
1701205251, 0, 606, 668, 609, 26, 3.03%, 1, 2, 4, 8.28
1701205257, 0, 606, 670, 611, 26, 3.06%, 1, 2, 4, 7.50
1701205262, 0, 606, 673, 614, 26, 3.07%, 1, 2, 4, 9.69
1701205308, 0, 606, 674, 615, 26, 3.07%, 1, 2, 4, 9.59
1701205313, 0, 606, 675, 616, 26, 3.07%, 1, 2, 4, 9.02
1701205390, 0, 606, 677, 618, 26, 3.07%, 1, 2, 4, 7.80
1701205396, 0, 606, 679, 620, 26, 3.07%, 1, 2, 4, 7.70
1701205421, 0, 606, 682, 623, 26, 3.08%, 1, 2, 4, 15.70
1701205560, 0, 606, 683, 624, 26, 3.08%, 1, 2, 4, 12.74
1701205668, 0, 606, 684, 625, 26, 3.08%, 1, 2, 4, 7.93
1701205673, 0, 606, 686, 627, 26, 3.09%, 1, 2, 4, 9.09
1701205678, 0, 606, 687, 628, 26, 3.09%, 1, 2, 4, 11.97
1701205694, 0, 607, 687, 627, 36, 3.09%, 1, 2, 4, 24.78
1701205765, 0, 608, 688, 627, 35, 3.09%, 1, 2, 5, 29.10
1701205842, 0, 609, 694, 632, 35, 3.09%, 1, 2, 5, 26.64
1701205909, 0, 611, 694, 631, 34, 3.09%, 1, 2, 5, 24.79
1701205970, 0, 612, 694, 630, 33, 3.09%, 1, 2, 5, 31.18
1701206011, 0, 612, 695, 631, 33, 3.09%, 1, 2, 5, 32.59
1701206032, 0, 614, 695, 630, 33, 3.09%, 1, 2, 5, 26.20
1701206037, 0, 614, 696, 631, 33, 3.11%, 1, 2, 5, 30.88
1701206072, 0, 614, 698, 633, 33, 3.11%, 1, 2, 5, 27.83
1701206098, 0, 615, 698, 632, 33, 3.11%, 1, 2, 5, 23.28
1701206103, 0, 615, 701, 635, 33, 3.11%, 1, 2, 5, 31.63
1701206169, 0, 615, 702, 636, 33, 3.11%, 1, 2, 5, 29.18
1701206174, 0, 615, 703, 637, 33, 3.11%, 1, 2, 5, 31.89
1701206200, 0, 619, 703, 636, 34, 3.11%, 1, 2, 5, 30.45
1701206262, 0, 620, 703, 635, 33, 3.11%, 1, 2, 5, 31.52
1701206267, 0, 620, 705, 637, 33, 3.11%, 1, 2, 5, 34.05
1701206328, 0, 621, 705, 636, 34, 3.11%, 1, 2, 5, 31.78
1701206338, 0, 621, 706, 637, 34, 3.12%, 1, 2, 5, 31.39
1701206379, 0, 624, 706, 636, 34, 3.12%, 1, 2, 5, 15.22
1701206410, 0, 625, 706, 635, 33, 3.12%, 1, 2, 5, 33.93
1701206436, 0, 626, 706, 634, 32, 3.12%, 1, 2, 5, 32.14
1701206461, 0, 626, 707, 635, 32, 3.14%, 1, 2, 5, 30.58
1701206471, 0, 627, 707, 634, 32, 3.14%, 1, 2, 5, 30.98
1701206497, 0, 627, 708, 635, 32, 3.14%, 1, 2, 5, 29.26
1701206507, 0, 630, 708, 634, 32, 3.14%, 1, 2, 5, 32.48
1701206512, 0, 630, 710, 636, 32, 3.15%, 1, 2, 5, 31.11
1701206656, 0, 630, 711, 637, 32, 3.15%, 1, 2, 5, 34.76
1701206661, 0, 630, 714, 640, 32, 3.15%, 1, 2, 5, 33.00
1701206697, 0, 630, 715, 641, 32, 3.15%, 1, 2, 5, 31.23
1701206717, 0, 630, 716, 642, 32, 3.15%, 1, 2, 5, 28.18
1701206855, 0, 630, 717, 643, 32, 3.16%, 1, 2, 5, 30.48
1701206886, 0, 630, 718, 644, 32, 3.16%, 1, 2, 5, 25.77
1701206896, 0, 631, 719, 644, 31, 3.16%, 1, 2, 5, 21.17
1701206906, 0, 631, 723, 648, 31, 3.17%, 1, 2, 5, 18.97
1701206916, 0, 631, 724, 649, 31, 3.17%, 1, 2, 5, 20.15
1701206922, 0, 631, 725, 650, 31, 3.18%, 1, 2, 5, 24.50
1701206942, 0, 631, 726, 651, 31, 3.18%, 1, 2, 5, 23.25
1701206952, 0, 631, 728, 653, 31, 3.18%, 1, 2, 5, 26.02
1701206957, 0, 631, 730, 655, 31, 3.18%, 1, 2, 5, 19.55
1701206968, 0, 631, 731, 656, 31, 3.19%, 1, 2, 5, 21.25
1701206973, 0, 631, 732, 657, 31, 3.19%, 1, 2, 5, 20.92
1701206978, 0, 631, 733, 658, 31, 3.19%, 1, 2, 5, 22.28
1701206998, 0, 631, 734, 659, 31, 3.19%, 1, 2, 5, 26.55
1701207009, 0, 631, 739, 664, 31, 3.23%, 1, 2, 5, 24.83
1701207116, 0, 631, 740, 665, 31, 3.23%, 1, 2, 5, 25.16
1701207173, 0, 631, 741, 666, 31, 3.23%, 1, 2, 5, 23.98
1701207234, 0, 631, 745, 670, 31, 3.23%, 1, 2, 5, 27.38
1701207239, 0, 631, 746, 671, 31, 3.23%, 1, 2, 5, 27.41
1701207260, 0, 631, 750, 675, 31, 3.23%, 1, 2, 5, 29.77
1701207265, 0, 631, 754, 679, 31, 3.23%, 1, 2, 5, 28.80
1701207270, 0, 631, 755, 680, 31, 3.23%, 1, 2, 5, 31.90
1701207280, 0, 631, 758, 683, 31, 3.23%, 1, 2, 5, 31.02
1701207285, 0, 631, 760, 685, 31, 3.25%, 1, 2, 5, 29.55
1701207291, 0, 631, 762, 687, 31, 3.25%, 1, 2, 5, 24.24
1701207296, 0, 631, 763, 688, 31, 3.25%, 1, 2, 5, 21.44
1701207301, 0, 631, 764, 689, 31, 3.25%, 1, 2, 5, 23.86
1701207306, 0, 631, 766, 691, 31, 3.25%, 1, 2, 5, 24.73
1701207311, 0, 631, 769, 694, 31, 3.25%, 1, 2, 5, 23.53
1701207316, 0, 631, 771, 696, 31, 3.25%, 1, 2, 5, 22.29
1701207321, 0, 631, 772, 697, 31, 3.25%, 1, 2, 5, 23.43
1701207337, 0, 631, 773, 698, 31, 3.25%, 1, 2, 5, 26.25
1701207352, 0, 631, 774, 699, 31, 3.26%, 1, 2, 5, 26.69
1701207367, 0, 631, 775, 700, 31, 3.26%, 1, 2, 5, 20.11
1701207372, 0, 631, 776, 701, 31, 3.26%, 1, 2, 5, 23.24
1701207378, 0, 631, 777, 702, 31, 3.26%, 1, 2, 5, 26.76
1701207383, 0, 631, 778, 703, 31, 3.27%, 1, 2, 5, 29.55
1701207403, 0, 631, 779, 704, 31, 3.27%, 1, 2, 5, 27.50
1701207408, 0, 631, 780, 705, 31, 3.27%, 1, 2, 5, 27.77
1701207439, 0, 631, 781, 706, 31, 3.27%, 1, 2, 5, 22.88
1701207459, 0, 631, 782, 707, 31, 3.27%, 1, 2, 5, 28.12
1701207464, 0, 634, 783, 707, 43, 3.27%, 1, 2, 5, 27.19
1701207469, 0, 634, 787, 711, 43, 3.29%, 1, 2, 5, 25.94
1701207474, 0, 634, 792, 716, 43, 3.30%, 1, 2, 5, 28.15
1701207480, 0, 634, 793, 717, 43, 3.30%, 1, 2, 5, 28.65
1701207485, 0, 634, 795, 719, 43, 3.30%, 1, 2, 5, 24.78
1701207510, 0, 634, 796, 720, 43, 3.30%, 1, 2, 5, 25.78
1701207556, 0, 634, 797, 721, 43, 3.30%, 1, 2, 5, 23.57
1701207597, 0, 634, 798, 722, 43, 3.30%, 1, 2, 5, 28.82
1701207602, 0, 634, 801, 725, 43, 3.30%, 1, 2, 5, 28.15
1701207607, 0, 634, 802, 726, 43, 3.30%, 1, 2, 5, 26.65
1701207689, 0, 634, 803, 727, 43, 3.30%, 1, 2, 5, 18.61
1701207735, 0, 634, 804, 728, 43, 3.30%, 1, 2, 5, 29.02
1701207751, 0, 634, 805, 729, 43, 3.30%, 1, 2, 5, 27.16
1701207828, 0, 634, 806, 730, 43, 3.30%, 1, 2, 5, 32.83
1701207838, 0, 635, 807, 730, 50, 3.30%, 1, 2, 5, 32.97
1701208038, 0, 636, 807, 729, 49, 3.30%, 1, 2, 5, 26.24
1701208094, 0, 637, 807, 728, 48, 3.30%, 1, 2, 5, 27.47
1701208161, 0, 649, 807, 727, 47, 3.30%, 1, 2, 5, 29.30
1701211811, 0, 649, 808, 728, 47, 3.30%, 1, 2, 5, 26.29
1701211837, 0, 655, 808, 727, 46, 3.30%, 1, 2, 5, 29.43
1701214432, 0, 657, 808, 726, 45, 3.30%, 1, 2, 5, 27.98
1701216698, 0, 661, 811, 728, 44, 3.30%, 1, 2, 5, 37.85
1701216703, 0, 661, 812, 729, 44, 3.30%, 1, 2, 5, 39.08
1701216708, 0, 661, 821, 738, 44, 3.31%, 1, 2, 5, 38.80
1701216713, 0, 661, 823, 740, 44, 3.31%, 1, 2, 5, 38.90
1701216723, 0, 661, 825, 742, 44, 3.31%, 1, 2, 5, 35.47
1701216739, 0, 661, 826, 743, 44, 3.31%, 1, 2, 5, 37.33
1701216744, 0, 661, 827, 744, 44, 3.31%, 1, 2, 5, 37.40
1701216764, 0, 661, 829, 746, 44, 3.31%, 1, 2, 5, 37.09
1701216770, 0, 661, 830, 747, 44, 3.31%, 1, 2, 5, 30.06
1701216816, 0, 661, 831, 748, 44, 3.31%, 1, 2, 5, 36.99
1701216821, 0, 661, 834, 751, 44, 3.31%, 1, 2, 5, 34.16
1701216990, 0, 661, 835, 752, 44, 3.31%, 1, 2, 5, 36.72
1701217051, 0, 661, 836, 753, 44, 3.31%, 1, 2, 5, 31.50
1701217107, 0, 661, 837, 754, 44, 3.31%, 1, 2, 5, 39.85
1701217112, 0, 661, 842, 759, 44, 3.33%, 1, 2, 5, 36.27
1701217118, 0, 661, 844, 761, 44, 3.33%, 1, 2, 5, 36.50
1701217138, 0, 671, 844, 760, 46, 3.33%, 1, 2, 5, 4.80
1701217235, 0, 671, 848, 764, 46, 3.33%, 1, 2, 5, 20.25
1701217312, 0, 674, 848, 763, 43, 3.33%, 1, 2, 5, 24.30
1701217476, 0, 679, 848, 762, 42, 3.33%, 1, 2, 5, 19.07
1701217884, 0, 680, 848, 761, 41, 3.33%, 1, 2, 5, 25.41
1701218038, 0, 687, 848, 760, 40, 3.33%, 1, 2, 5, 22.30
1701218109, 0, 689, 848, 759, 39, 3.33%, 1, 2, 5, 24.41
1701218181, 0, 694, 848, 758, 39, 3.33%, 1, 2, 5, 23.38
1701218252, 0, 695, 848, 757, 38, 3.33%, 1, 2, 5, 31.93
1701218309, 0, 695, 849, 758, 38, 3.36%, 1, 2, 6, 25.92
1701218329, 0, 695, 850, 759, 38, 3.36%, 1, 2, 6, 25.29
1701218355, 0, 700, 850, 758, 38, 3.36%, 1, 2, 6, 26.69
1701218421, 0, 702, 850, 757, 37, 3.36%, 1, 2, 6, 32.57
1701218473, 0, 702, 851, 758, 37, 3.36%, 1, 2, 6, 32.19
1701218503, 0, 703, 851, 757, 37, 3.36%, 1, 2, 6, 32.42
1701218570, 0, 704, 851, 756, 36, 3.36%, 1, 2, 6, 31.45
1701218636, 0, 705, 851, 755, 35, 3.36%, 1, 2, 6, 28.44
1701218652, 0, 705, 852, 756, 35, 3.36%, 1, 2, 6, 29.85
1701218698, 0, 706, 853, 756, 35, 3.37%, 1, 2, 6, 22.93
1701218713, 0, 706, 854, 757, 35, 3.37%, 1, 2, 6, 16.76
1701218718, 0, 706, 855, 758, 35, 3.38%, 1, 2, 6, 16.86
1701218866, 0, 706, 856, 759, 35, 3.38%, 1, 2, 6, 25.04
1701218876, 0, 706, 857, 760, 35, 3.38%, 1, 2, 6, 24.66
1701218882, 0, 706, 859, 762, 35, 3.38%, 1, 2, 6, 26.47
1701219147, 0, 706, 860, 763, 35, 3.38%, 1, 2, 6, 29.23
1701219152, 0, 706, 861, 764, 35, 3.38%, 1, 2, 6, 31.25
1701219157, 0, 706, 862, 765, 35, 3.39%, 1, 2, 6, 31.68
1701219167, 0, 706, 863, 766, 35, 3.39%, 1, 2, 6, 27.61
1701219172, 0, 706, 864, 767, 35, 3.39%, 1, 2, 6, 23.43
1701219178, 0, 706, 867, 770, 35, 3.39%, 1, 2, 6, 26.93
1701219193, 0, 706, 868, 771, 35, 3.39%, 1, 2, 6, 19.85
1701219208, 0, 706, 869, 772, 35, 3.39%, 1, 2, 6, 28.75
1701219213, 0, 706, 870, 773, 35, 3.39%, 1, 2, 6, 30.40
1701219224, 0, 706, 871, 774, 35, 3.39%, 1, 2, 6, 24.26
1701219239, 0, 706, 872, 775, 35, 3.40%, 1, 2, 6, 21.43
1701219244, 0, 706, 873, 776, 35, 3.40%, 1, 2, 6, 20.12
1701219249, 0, 706, 875, 778, 35, 3.40%, 1, 2, 6, 26.30
1701219259, 0, 706, 876, 779, 35, 3.40%, 1, 2, 6, 24.62
1701219269, 0, 706, 877, 780, 35, 3.40%, 1, 2, 6, 28.25
1701219280, 0, 706, 879, 782, 35, 3.40%, 1, 2, 6, 24.99
1701219285, 0, 706, 880, 783, 35, 3.40%, 1, 2, 6, 24.28
1701219326, 0, 706, 881, 784, 35, 3.40%, 1, 2, 6, 24.70
1701219341, 0, 708, 882, 784, 40, 3.40%, 1, 2, 6, 28.62
1701219504, 0, 708, 883, 785, 40, 3.40%, 1, 2, 6, 28.28
1701219510, 0, 708, 885, 787, 40, 3.40%, 1, 2, 6, 31.02
1701219520, 0, 708, 887, 789, 40, 3.40%, 1, 2, 6, 32.61
1701219525, 0, 708, 888, 790, 40, 3.40%, 1, 2, 6, 31.55
1701219530, 0, 708, 889, 791, 40, 3.40%, 1, 2, 6, 31.50
1701219535, 0, 708, 890, 792, 40, 3.40%, 1, 2, 6, 31.30
1701219540, 0, 708, 891, 793, 40, 3.40%, 1, 2, 6, 2.95
1701219545, 0, 708, 893, 795, 40, 3.40%, 1, 2, 6, 32.96
1701219556, 0, 708, 894, 796, 40, 3.40%, 1, 2, 6, 31.93
1701219566, 0, 708, 895, 797, 40, 3.41%, 1, 2, 6, 26.63
1701219571, 0, 708, 896, 798, 40, 3.41%, 1, 2, 6, 29.36
1701219663, 0, 708, 898, 800, 40, 3.41%, 1, 2, 6, 32.45
1701219724, 0, 708, 899, 801, 40, 3.42%, 1, 2, 6, 23.34
1701219729, 0, 716, 899, 800, 42, 3.42%, 1, 2, 6, 27.41
1701219734, 0, 716, 902, 803, 42, 3.42%, 1, 2, 6, 21.21
1701219745, 0, 716, 904, 805, 42, 3.42%, 1, 2, 6, 19.80
1701219750, 0, 716, 905, 806, 42, 3.42%, 1, 2, 6, 14.18
1701219755, 0, 716, 906, 807, 42, 3.42%, 1, 2, 6, 16.50
1701219837, 0, 716, 909, 810, 42, 3.42%, 1, 2, 6, 13.29
1701219868, 0, 716, 911, 812, 42, 3.42%, 1, 2, 6, 24.73
1701219878, 0, 716, 913, 814, 42, 3.42%, 1, 2, 6, 24.53
1701219940, 0, 722, 913, 813, 43, 3.42%, 1, 2, 6, 5.15
1701220294, 0, 722, 914, 814, 43, 3.42%, 1, 2, 6, 27.14
1701220299, 0, 722, 915, 815, 43, 3.42%, 1, 2, 6, 24.75
1701220320, 0, 722, 916, 816, 43, 3.42%, 1, 2, 6, 28.41
1701220386, 0, 722, 917, 817, 43, 3.42%, 1, 2, 6, 30.96
1701220468, 0, 730, 917, 816, 42, 3.42%, 1, 2, 6, 19.10
1701220535, 0, 730, 919, 818, 42, 3.42%, 1, 2, 6, 27.66
1701220565, 0, 730, 920, 819, 42, 3.43%, 1, 2, 6, 22.62
1701220790, 0, 742, 920, 818, 42, 3.43%, 1, 2, 6, 23.89
1701220800, 0, 742, 921, 819, 42, 3.46%, 1, 2, 6, 27.29
1701220826, 0, 742, 922, 820, 42, 3.46%, 1, 2, 6, 27.30
1701220882, 0, 742, 923, 821, 42, 3.47%, 1, 2, 6, 26.08
1701221153, 0, 742, 925, 823, 42, 3.47%, 1, 2, 6, 29.49
1701221179, 0, 742, 926, 824, 42, 3.47%, 1, 2, 6, 29.17
1701221204, 0, 742, 927, 825, 42, 3.47%, 1, 2, 6, 30.95
1701221255, 0, 742, 929, 827, 42, 3.47%, 1, 2, 6, 31.30
1701221281, 0, 742, 930, 828, 42, 3.47%, 1, 2, 6, 26.11
1701221306, 0, 759, 930, 827, 45, 3.47%, 1, 2, 6, 19.64
1701221584, 0, 760, 930, 826, 44, 3.47%, 1, 2, 6, 31.14
1701221635, 0, 760, 931, 827, 44, 3.47%, 1, 2, 6, 26.37
1701221666, 0, 770, 931, 826, 43, 3.47%, 1, 2, 6, 23.74
1701222280, 0, 770, 932, 827, 43, 3.47%, 1, 2, 6, 19.49
1701223224, 0, 770, 935, 830, 43, 3.47%, 1, 2, 6, 20.14
1701223229, 0, 770, 936, 831, 43, 3.47%, 1, 2, 6, 25.61
1701223239, 0, 770, 937, 832, 43, 3.47%, 1, 2, 6, 23.34
1701223244, 0, 770, 938, 833, 43, 3.47%, 1, 2, 6, 25.69
1701223254, 0, 770, 940, 835, 43, 3.47%, 1, 2, 6, 26.78
1701223265, 0, 770, 941, 836, 43, 3.47%, 1, 2, 6, 27.71
1701223301, 0, 770, 942, 837, 43, 3.47%, 1, 2, 6, 29.04
1701223306, 0, 770, 943, 838, 43, 3.47%, 1, 2, 6, 29.29
1701223316, 0, 770, 946, 841, 43, 3.48%, 1, 2, 6, 23.72
1701223341, 0, 770, 947, 842, 43, 3.48%, 1, 2, 6, 26.47
1701223362, 0, 770, 948, 843, 43, 3.48%, 1, 2, 6, 27.18
1701223367, 0, 770, 949, 844, 43, 3.48%, 1, 2, 6, 28.13
1701223397, 0, 770, 950, 845, 43, 3.48%, 1, 2, 6, 24.10
1701223403, 0, 770, 951, 846, 43, 3.48%, 1, 2, 6, 21.00
1701223423, 0, 774, 951, 845, 43, 3.48%, 1, 2, 6, 24.00
1701223433, 0, 774, 952, 846, 43, 3.48%, 1, 2, 6, 20.56
1701223438, 0, 774, 956, 850, 43, 3.48%, 1, 2, 6, 18.52
1701223443, 0, 774, 957, 851, 43, 3.48%, 1, 2, 6, 21.70
1701223469, 0, 774, 958, 852, 43, 3.48%, 1, 2, 6, 22.87
1701223607, 0, 774, 959, 853, 43, 3.48%, 1, 2, 6, 22.08
1701223612, 0, 774, 960, 854, 43, 3.48%, 1, 2, 6, 19.92
1701223622, 0, 774, 962, 856, 43, 3.48%, 1, 2, 6, 20.37
1701223724, 0, 774, 963, 857, 43, 3.48%, 1, 2, 6, 25.52
1701224342, 0, 774, 965, 859, 43, 3.48%, 1, 2, 6, 26.31
1701224372, 0, 774, 967, 861, 43, 3.48%, 1, 2, 6, 27.16
1701224393, 0, 774, 968, 862, 43, 3.48%, 1, 2, 6, 29.01
1701224398, 0, 774, 969, 863, 43, 3.48%, 1, 2, 6, 30.66
1701224408, 0, 774, 970, 864, 43, 3.48%, 1, 2, 6, 21.89
1701224433, 0, 774, 971, 865, 43, 3.49%, 1, 2, 6, 26.91
1701224439, 0, 774, 972, 866, 43, 3.49%, 1, 2, 6, 26.48
1701224495, 0, 774, 973, 867, 43, 3.49%, 1, 2, 6, 24.61
1701224526, 0, 776, 973, 866, 44, 3.49%, 1, 2, 6, 26.28
1701224889, 0, 776, 974, 867, 44, 3.49%, 1, 2, 6, 23.27
1701224919, 0, 777, 974, 866, 43, 3.49%, 1, 2, 6, 26.40
1701225456, 0, 778, 974, 865, 42, 3.49%, 1, 2, 6, 23.22
1701225736, 0, 784, 974, 864, 41, 3.49%, 1, 2, 6, 20.90
1701225746, 0, 784, 975, 865, 41, 3.50%, 1, 2, 6, 29.08
1701225777, 0, 784, 976, 866, 41, 3.50%, 1, 2, 6, 29.03
1701225854, 0, 785, 976, 865, 41, 3.50%, 1, 2, 6, 25.54
1701225982, 0, 787, 976, 864, 40, 3.50%, 1, 2, 6, 28.12
1701226110, 0, 789, 976, 863, 39, 3.50%, 1, 2, 6, 27.74
1701226120, 0, 789, 977, 864, 39, 3.50%, 1, 2, 6, 26.05
1701226238, 0, 790, 977, 863, 39, 3.50%, 1, 2, 6, 27.73
1701226361, 0, 791, 977, 862, 38, 3.50%, 1, 2, 6, 28.57
1701226448, 0, 794, 977, 861, 37, 3.50%, 1, 2, 6, 31.55
1701226565, 0, 795, 977, 860, 37, 3.50%, 1, 2, 6, 25.06
1701226606, 0, 795, 978, 861, 37, 3.50%, 1, 2, 6, 30.66
1701226699, 0, 802, 978, 860, 37, 3.50%, 1, 2, 6, 21.85
1701226714, 0, 813, 978, 859, 36, 3.50%, 1, 2, 6, 24.65
1701227220, 0, 813, 980, 861, 36, 3.50%, 1, 2, 6, 23.47
1701227225, 0, 813, 983, 864, 36, 3.50%, 1, 2, 6, 23.51
1701227245, 0, 813, 984, 865, 36, 3.50%, 1, 2, 6, 24.65
1701227266, 0, 826, 984, 864, 35, 3.50%, 1, 2, 6, 28.19
1701227408, 0, 826, 985, 865, 35, 3.50%, 1, 2, 6, 24.18
1701227710, 0, 826, 986, 866, 35, 3.50%, 1, 2, 6, 23.24
1701227813, 0, 829, 986, 865, 35, 3.50%, 1, 2, 6, 27.35
1701228370, 0, 845, 986, 864, 34, 3.50%, 1, 2, 6, 24.56
1701228386, 0, 845, 987, 865, 34, 3.50%, 1, 2, 6, 19.37
1701228396, 0, 845, 988, 866, 34, 3.50%, 1, 2, 6, 19.76
1701228432, 0, 845, 989, 867, 34, 3.50%, 1, 2, 6, 19.72
1701228437, 0, 845, 991, 869, 34, 3.50%, 1, 2, 6, 15.21
1701228493, 0, 845, 992, 870, 34, 3.50%, 1, 2, 6, 23.46
1701228591, 0, 847, 992, 869, 34, 3.50%, 1, 2, 6, 20.72
1701228801, 0, 848, 992, 868, 33, 3.50%, 1, 2, 6, 25.71
1701228806, 0, 848, 995, 871, 33, 3.51%, 1, 2, 7, 21.23
1701228816, 0, 848, 996, 872, 33, 3.51%, 1, 2, 7, 26.41
1701228836, 0, 848, 1002, 878, 33, 3.51%, 1, 2, 7, 30.30
1701228990, 0, 849, 1002, 877, 34, 3.51%, 1, 2, 7, 30.52
1701228995, 0, 849, 1005, 880, 34, 3.51%, 1, 2, 7, 27.16
1701229000, 0, 849, 1007, 882, 34, 3.51%, 1, 2, 7, 25.55
1701229010, 0, 849, 1008, 883, 34, 3.51%, 1, 2, 7, 30.23
1701229123, 0, 849, 1009, 884, 34, 3.51%, 1, 2, 7, 30.30
1701229128, 0, 849, 1010, 885, 34, 3.51%, 1, 2, 7, 23.87
1701229134, 0, 849, 1011, 886, 34, 3.51%, 1, 2, 7, 23.05
1701229149, 0, 849, 1012, 887, 34, 3.51%, 1, 2, 7, 25.95
1701229154, 0, 849, 1013, 888, 34, 3.51%, 1, 2, 7, 22.07
1701229174, 0, 849, 1014, 889, 34, 3.51%, 1, 2, 7, 26.30
1701229190, 0, 851, 1014, 888, 33, 3.51%, 1, 2, 7, 31.39
1701229195, 0, 851, 1015, 889, 33, 3.51%, 1, 2, 7, 25.59
1701229211, 0, 851, 1016, 890, 33, 3.52%, 1, 2, 7, 24.84
1701229251, 0, 852, 1016, 889, 34, 3.52%, 1, 2, 7, 22.75
1701229717, 0, 854, 1016, 888, 33, 3.52%, 1, 2, 7, 22.50
1701229896, 0, 854, 1017, 889, 33, 3.53%, 1, 2, 7, 25.64
1701230192, 0, 854, 1018, 890, 33, 3.53%, 1, 2, 7, 28.92
1701230234, 0, 857, 1018, 889, 34, 3.53%, 1, 2, 7, 9.92
1701230690, 0, 857, 1020, 891, 34, 3.53%, 1, 2, 7, 25.14
1701230721, 0, 857, 1021, 892, 34, 3.53%, 1, 2, 7, 23.29
1701230793, 0, 857, 1022, 893, 34, 3.53%, 1, 2, 7, 29.59
1701230860, 0, 858, 1022, 892, 33, 3.53%, 1, 2, 7, 24.01
1701231361, 0, 868, 1022, 891, 32, 3.53%, 1, 2, 7, 4.36
1701231729, 0, 874, 1022, 890, 31, 3.53%, 1, 2, 7, 22.80
1701232036, 0, 879, 1023, 890, 30, 3.53%, 1, 2, 7, 25.46
1701232323, 0, 881, 1024, 890, 29, 3.53%, 1, 2, 7, 29.92
1701232328, 0, 881, 1025, 891, 29, 3.53%, 1, 2, 7, 24.98
1701232339, 0, 881, 1027, 893, 29, 3.53%, 1, 2, 7, 28.60
1701232344, 0, 881, 1028, 894, 29, 3.53%, 1, 2, 7, 25.93
1701232415, 0, 881, 1029, 895, 29, 3.54%, 1, 2, 7, 31.00
1701232451, 0, 881, 1030, 896, 29, 3.54%, 1, 2, 7, 30.43
1701232518, 0, 897, 1031, 896, 30, 3.54%, 1, 2, 7, 23.10
1701232528, 0, 897, 1032, 897, 30, 3.54%, 1, 2, 7, 29.39
1701232727, 0, 898, 1032, 896, 29, 3.54%, 1, 2, 7, 29.58
1701232916, 0, 900, 1032, 895, 28, 3.54%, 1, 2, 7, 27.07
1701233094, 0, 900, 1033, 896, 28, 3.55%, 1, 2, 7, 25.04
1701233120, 0, 903, 1033, 895, 28, 3.55%, 1, 2, 7, 23.73
1701233125, 0, 903, 1034, 896, 28, 3.55%, 1, 2, 7, 19.01
1701233130, 0, 903, 1035, 897, 28, 3.55%, 1, 2, 7, 17.21
1701233140, 0, 903, 1036, 898, 28, 3.55%, 1, 2, 7, 16.95
1701233146, 0, 903, 1038, 900, 28, 3.55%, 1, 2, 7, 15.25
1701233248, 0, 903, 1039, 901, 28, 3.55%, 1, 2, 7, 11.06
1701233283, 0, 903, 1041, 903, 28, 3.55%, 1, 2, 7, 21.38
1701233294, 0, 903, 1042, 904, 28, 3.55%, 1, 2, 7, 16.20
1701233299, 0, 903, 1043, 905, 28, 3.55%, 1, 2, 7, 22.74
1701233350, 0, 903, 1044, 906, 28, 3.55%, 1, 2, 7, 20.94
1701233371, 0, 912, 1044, 905, 29, 3.55%, 1, 2, 7, 22.76
1701233376, 0, 912, 1045, 906, 29, 3.55%, 1, 2, 7, 18.82
1701233427, 0, 912, 1046, 907, 29, 3.55%, 1, 2, 7, 18.49
1701233581, 0, 916, 1046, 906, 28, 3.55%, 1, 2, 7, 27.05
1701233945, 0, 921, 1046, 905, 27, 3.55%, 1, 2, 7, 20.50
1701233970, 0, 921, 1047, 906, 27, 3.55%, 1, 2, 7, 23.97
1701233986, 0, 921, 1048, 907, 27, 3.55%, 1, 2, 7, 20.04
1701234292, 0, 921, 1050, 909, 27, 3.55%, 1, 2, 7, 28.23
1701234312, 0, 921, 1051, 910, 27, 3.55%, 1, 2, 7, 22.13
1701234317, 0, 921, 1052, 911, 27, 3.55%, 1, 2, 7, 26.81
1701234322, 0, 921, 1053, 912, 27, 3.55%, 1, 2, 7, 29.53
1701234373, 0, 921, 1054, 913, 27, 3.55%, 1, 2, 7, 23.44
1701234430, 0, 921, 1055, 914, 27, 3.55%, 1, 2, 7, 29.49
1701234476, 0, 922, 1055, 913, 26, 3.55%, 1, 2, 7, 22.66
1701234808, 0, 925, 1055, 912, 25, 3.55%, 1, 2, 7, 26.38
1701235110, 0, 929, 1055, 911, 24, 3.55%, 1, 2, 7, 18.42
1701235458, 0, 931, 1055, 910, 23, 3.55%, 1, 2, 7, 26.61
1701235765, 0, 943, 1055, 909, 22, 3.55%, 1, 2, 7, 21.18
1701235770, 0, 943, 1056, 910, 22, 3.55%, 1, 2, 7, 23.23
1701235806, 0, 943, 1057, 911, 22, 3.55%, 1, 2, 7, 24.27
1701235847, 0, 943, 1058, 912, 22, 3.55%, 1, 2, 7, 26.90
1701236444, 0, 943, 1059, 913, 22, 3.55%, 1, 2, 7, 24.32
1701236464, 0, 943, 1060, 914, 22, 3.55%, 1, 2, 7, 25.01
1701236469, 0, 943, 1061, 915, 22, 3.55%, 1, 2, 7, 26.46
1701236480, 0, 943, 1062, 916, 22, 3.55%, 1, 2, 7, 19.89
1701236515, 0, 943, 1063, 917, 22, 3.55%, 1, 2, 7, 20.41
1701236571, 0, 943, 1065, 919, 22, 3.55%, 1, 2, 7, 21.82
1701236607, 0, 943, 1066, 920, 22, 3.55%, 1, 2, 7, 27.64
1701236638, 0, 945, 1066, 919, 23, 3.55%, 1, 2, 7, 26.42
1701238309, 0, 945, 1067, 920, 23, 3.55%, 1, 2, 7, 25.60
1701238360, 0, 951, 1067, 919, 24, 3.55%, 1, 2, 7, 24.97
1701238610, 0, 951, 1068, 920, 24, 3.55%, 1, 2, 7, 21.08
1701239120, 0, 951, 1069, 921, 24, 3.55%, 1, 2, 7, 20.86
1701239150, 0, 974, 1069, 920, 23, 3.55%, 1, 2, 7, 31.68
1701239212, 0, 974, 1070, 921, 23, 3.55%, 1, 2, 7, 32.29
1701239263, 0, 976, 1070, 920, 23, 3.55%, 1, 2, 7, 26.46
1701239330, 0, 976, 1071, 921, 23, 3.55%, 1, 2, 7, 24.93
1701239335, 0, 976, 1072, 922, 23, 3.55%, 1, 2, 7, 22.79
1701239376, 0, 976, 1073, 923, 23, 3.55%, 1, 2, 7, 31.72
1701239401, 0, 977, 1073, 922, 23, 3.55%, 1, 2, 7, 27.06
1701239504, 0, 977, 1074, 923, 23, 3.55%, 1, 2, 7, 27.35
1701239509, 0, 977, 1075, 924, 23, 3.55%, 1, 2, 7, 28.14
1701239529, 0, 989, 1075, 923, 22, 3.55%, 1, 2, 7, 29.47
1701239586, 0, 989, 1076, 924, 22, 3.55%, 1, 2, 7, 16.83
1701239718, 0, 994, 1076, 923, 21, 3.55%, 1, 2, 7, 26.53
1701239897, 0, 1001, 1076, 922, 20, 3.55%, 1, 2, 7, 27.80
1701240071, 0, 1002, 1076, 921, 19, 3.55%, 1, 2, 7, 26.20
1701240209, 0, 1002, 1077, 922, 19, 3.55%, 1, 2, 8, 29.16
1701240224, 0, 1002, 1078, 923, 19, 3.55%, 1, 2, 8, 30.79
1701240260, 0, 1002, 1080, 925, 19, 3.57%, 1, 2, 8, 25.83
1701240270, 0, 1002, 1081, 926, 19, 3.57%, 1, 2, 8, 25.41
1701240296, 0, 1002, 1082, 927, 19, 3.57%, 1, 2, 8, 28.71
1701240311, 0, 1002, 1083, 928, 19, 3.57%, 1, 2, 8, 31.59
1701240332, 0, 1002, 1084, 929, 19, 3.57%, 1, 2, 8, 34.73
1701240373, 0, 1002, 1085, 930, 19, 3.57%, 1, 2, 8, 29.14
1701240445, 0, 1002, 1087, 932, 19, 3.57%, 1, 2, 8, 29.60
1701240481, 0, 1014, 1087, 931, 22, 3.57%, 1, 2, 8, 27.81
1701240537, 0, 1015, 1087, 930, 21, 3.57%, 1, 2, 8, 32.17
1701240593, 0, 1016, 1087, 929, 20, 3.57%, 1, 2, 8, 30.46
1701241070, 0, 1017, 1087, 928, 19, 3.57%, 1, 2, 8, 27.74
1701241555, 0, 1017, 1088, 929, 19, 3.57%, 1, 2, 8, 27.83
1701241560, 0, 1017, 1089, 930, 19, 3.57%, 1, 2, 8, 25.28
1701241565, 0, 1017, 1090, 931, 19, 3.57%, 1, 2, 8, 24.75
1701241581, 0, 1017, 1091, 932, 19, 3.57%, 1, 2, 8, 29.31
1701241744, 0, 1020, 1091, 931, 18, 3.57%, 1, 2, 8, 25.99
1701241749, 0, 1020, 1094, 934, 18, 3.58%, 1, 2, 8, 26.16
1701241754, 0, 1020, 1097, 937, 18, 3.58%, 1, 2, 8, 24.47
1701242397, 0, 1020, 1098, 938, 18, 3.58%, 1, 2, 8, 26.34
1701242443, 0, 1022, 1098, 937, 19, 3.58%, 1, 2, 8, 23.36
1701242646, 0, 1026, 1098, 936, 18, 3.58%, 1, 2, 8, 10.56
1701242651, 0, 1026, 1099, 937, 18, 3.58%, 1, 2, 8, 23.98
1701242728, 0, 1026, 1100, 938, 18, 3.58%, 1, 2, 8, 32.40
1701242815, 0, 1026, 1101, 939, 18, 3.58%, 1, 2, 8, 26.47
1701242820, 0, 1026, 1102, 940, 18, 3.58%, 1, 2, 8, 24.19
1701242836, 0, 1026, 1103, 941, 18, 3.58%, 1, 2, 8, 34.16
1701242856, 0, 1026, 1104, 942, 18, 3.58%, 1, 2, 8, 28.98
1701243030, 0, 1026, 1105, 943, 18, 3.58%, 1, 2, 8, 26.03
1701243045, 0, 1028, 1105, 942, 18, 3.58%, 1, 2, 8, 24.27
1701243051, 0, 1028, 1107, 944, 18, 3.58%, 1, 2, 8, 23.99
1701243056, 0, 1028, 1108, 945, 18, 3.58%, 1, 2, 8, 25.67
1701243096, 0, 1028, 1112, 949, 18, 3.58%, 1, 2, 8, 25.28
1701243255, 0, 1032, 1112, 948, 18, 3.58%, 1, 2, 8, 19.56
1701243260, 0, 1032, 1113, 949, 18, 3.58%, 1, 2, 8, 31.85
1701243270, 0, 1032, 1114, 950, 18, 3.58%, 1, 2, 8, 26.51
1701243526, 0, 1032, 1115, 951, 18, 3.58%, 1, 2, 8, 28.70
1701243551, 0, 1033, 1115, 950, 18, 3.58%, 1, 2, 8, 27.98
1701243730, 0, 1043, 1115, 949, 17, 3.58%, 1, 2, 8, 19.68
1701243736, 0, 1043, 1116, 950, 17, 3.58%, 1, 2, 8, 19.58
1701243741, 0, 1043, 1117, 951, 17, 3.58%, 1, 2, 8, 22.52
1701243986, 0, 1056, 1117, 950, 16, 3.58%, 1, 2, 8, 22.93
1701244651, 0, 1056, 1119, 952, 16, 3.58%, 1, 2, 8, 19.22
1701244656, 0, 1056, 1120, 953, 16, 3.58%, 1, 2, 8, 23.91
1701244661, 0, 1056, 1121, 954, 16, 3.58%, 1, 2, 8, 24.29
1701244737, 0, 1056, 1122, 955, 16, 3.58%, 1, 2, 8, 22.43
1701244860, 0, 1057, 1122, 954, 15, 3.58%, 1, 2, 8, 12.68
1701245549, 0, 1066, 1122, 953, 14, 3.58%, 1, 2, 8, 26.48
1701247352, 0, 1066, 1123, 954, 14, 3.58%, 1, 2, 8, 23.87
1701247357, 0, 1066, 1124, 955, 14, 3.58%, 1, 2, 8, 23.13
1701247362, 0, 1066, 1125, 956, 14, 3.58%, 1, 2, 8, 23.53
1701247372, 0, 1066, 1126, 957, 14, 3.58%, 1, 2, 8, 28.37
1701247388, 0, 1066, 1127, 958, 14, 3.58%, 1, 2, 8, 23.04
1701247408, 0, 1066, 1128, 959, 14, 3.58%, 1, 2, 8, 26.49
1701247459, 0, 1066, 1129, 960, 14, 3.58%, 1, 2, 8, 24.87
1701247474, 0, 1066, 1130, 961, 14, 3.58%, 1, 2, 8, 26.48
1701247541, 0, 1067, 1130, 960, 13, 3.58%, 1, 2, 8, 22.90
1701247561, 0, 1067, 1131, 961, 13, 3.58%, 1, 2, 8, 27.12
1701248098, 0, 1069, 1131, 960, 12, 3.58%, 1, 2, 8, 31.17
1701248215, 0, 1072, 1132, 960, 11, 3.58%, 1, 2, 8, 28.64
1701248318, 0, 1077, 1132, 959, 10, 3.58%, 1, 2, 8, 31.21
1701248369, 0, 1077, 1133, 960, 10, 3.58%, 1, 2, 9, 28.36
1701248445, 0, 1077, 1134, 961, 10, 3.58%, 1, 2, 9, 27.47
1701248466, 0, 1077, 1136, 963, 10, 3.58%, 1, 2, 9, 25.58
1701248506, 0, 1077, 1137, 964, 10, 3.58%, 1, 2, 9, 28.47
1701248512, 0, 1077, 1138, 965, 10, 3.58%, 1, 2, 9, 32.42
1701248527, 0, 1077, 1139, 966, 10, 3.58%, 1, 2, 9, 30.65
1701248553, 0, 1077, 1140, 967, 10, 3.58%, 1, 2, 9, 29.83
1701248563, 0, 1077, 1141, 968, 10, 3.58%, 1, 2, 9, 25.50
1701248614, 0, 1077, 1142, 969, 10, 3.58%, 1, 2, 9, 28.78
1701248624, 0, 1079, 1143, 969, 10, 3.58%, 1, 2, 9, 24.99
1701248655, 0, 1079, 1144, 970, 10, 3.58%, 1, 2, 9, 21.98
1701248691, 0, 1079, 1146, 972, 10, 3.58%, 1, 2, 9, 24.74
1701248828, 0, 1079, 1147, 973, 10, 3.58%, 1, 2, 9, 23.36
1701248880, 0, 1079, 1149, 975, 10, 3.58%, 1, 2, 9, 28.15
1701248901, 0, 1079, 1150, 976, 10, 3.58%, 1, 2, 9, 33.85
1701248936, 0, 1079, 1151, 977, 10, 3.58%, 1, 2, 9, 31.21
1701248977, 0, 1079, 1152, 978, 10, 3.58%, 1, 2, 9, 28.89
1701249049, 0, 1079, 1153, 979, 10, 3.58%, 1, 2, 9, 27.02
1701249074, 0, 1084, 1153, 978, 10, 3.58%, 1, 2, 9, 11.13
1701249085, 0, 1084, 1154, 979, 10, 3.58%, 1, 2, 9, 26.45
1701249217, 0, 1084, 1155, 980, 10, 3.58%, 1, 2, 9, 29.16
1701249319, 0, 1092, 1155, 979, 10, 3.58%, 1, 2, 9, 10.06
1701249953, 0, 1092, 1156, 980, 10, 3.58%, 1, 2, 9, 25.65
1701249994, 0, 1092, 1157, 981, 10, 3.58%, 1, 2, 9, 29.34
1701250009, 0, 1092, 1158, 982, 10, 3.58%, 1, 2, 9, 29.46
1701250086, 0, 1097, 1158, 981, 10, 3.58%, 1, 2, 9, 20.50
1701250489, 0, 1102, 1158, 980, 9, 3.58%, 1, 2, 9, 17.15
1701250703, 0, 1111, 1159, 980, 8, 3.58%, 1, 2, 9, 30.04
1701250709, 0, 1111, 1162, 983, 8, 3.58%, 1, 2, 9, 31.22
1701250714, 0, 1111, 1163, 984, 8, 3.58%, 1, 2, 9, 26.61
1701250918, 0, 1112, 1163, 983, 10, 3.58%, 1, 2, 9, 29.54
1701250933, 0, 1112, 1164, 984, 10, 3.58%, 1, 2, 9, 27.11
1701251179, 0, 1112, 1165, 985, 10, 3.58%, 1, 2, 9, 26.42
1701251225, 0, 1132, 1165, 984, 9, 3.58%, 1, 2, 9, 35.06
1701251400, 0, 1137, 1165, 983, 8, 3.58%, 1, 2, 9, 25.86
1701251461, 0, 1137, 1166, 984, 8, 3.58%, 1, 2, 10, 31.18
1701251487, 0, 1137, 1167, 985, 8, 3.58%, 1, 2, 10, 24.51
1701251610, 0, 1137, 1168, 986, 8, 3.58%, 1, 2, 10, 25.36
1701251681, 0, 1143, 1168, 985, 7, 3.58%, 1, 2, 10, 28.93
1701251968, 0, 1155, 1168, 984, 6, 3.58%, 1, 2, 10, 23.64
1701251988, 0, 1155, 1169, 985, 6, 3.58%, 1, 2, 10, 25.55
1701252198, 0, 1155, 1172, 988, 6, 3.61%, 1, 2, 10, 19.45
1701252209, 0, 1155, 1174, 990, 6, 3.61%, 1, 2, 10, 21.31
1701252700, 0, 1155, 1175, 991, 6, 3.61%, 1, 2, 10, 32.35
1701252710, 0, 1155, 1176, 992, 6, 3.61%, 1, 2, 10, 30.46
1701252812, 0, 1158, 1176, 991, 8, 3.61%, 1, 2, 10, 28.02
1701253002, 0, 1161, 1176, 990, 7, 3.61%, 1, 2, 10, 24.95
1701253201, 0, 1161, 1177, 991, 7, 3.61%, 1, 2, 10, 29.79
1701253242, 0, 1165, 1177, 990, 7, 3.61%, 1, 2, 10, 28.53
1701253478, 0, 1165, 1178, 991, 7, 3.61%, 1, 2, 11, 22.93
1701253498, 0, 1168, 1178, 990, 6, 3.61%, 1, 2, 11, 28.57
1701253524, 0, 1168, 1182, 994, 6, 3.64%, 1, 2, 11, 20.44
1701253728, 0, 1168, 1184, 996, 6, 3.64%, 1, 2, 11, 25.76
1701253733, 0, 1168, 1185, 997, 6, 3.64%, 1, 2, 11, 20.01
1701254243, 0, 1168, 1186, 998, 6, 3.64%, 1, 2, 11, 26.12
1701254248, 0, 1168, 1187, 999, 6, 3.64%, 1, 2, 11, 27.95
1701254274, 0, 1168, 1189, 1001, 6, 3.64%, 1, 2, 11, 24.24
1701254279, 0, 1168, 1190, 1002, 6, 3.64%, 1, 2, 11, 28.33
1701254289, 0, 1168, 1191, 1003, 6, 3.64%, 1, 2, 11, 28.25
1701254304, 0, 1168, 1192, 1004, 6, 3.64%, 1, 2, 11, 19.48
1701254381, 0, 1170, 1192, 1003, 8, 3.64%, 1, 2, 11, 24.68
1701255126, 0, 1170, 1193, 1004, 8, 3.64%, 1, 2, 11, 29.98
1701255137, 0, 1170, 1194, 1005, 8, 3.64%, 1, 2, 11, 33.35
1701255259, 0, 1171, 1194, 1004, 8, 3.64%, 1, 2, 11, 19.90
1701255280, 0, 1171, 1195, 1005, 8, 3.65%, 1, 2, 11, 25.22
1701256015, 0, 1171, 1196, 1006, 8, 3.65%, 1, 2, 11, 29.27
1701256036, 0, 1171, 1197, 1007, 8, 3.65%, 1, 2, 11, 30.87
1701256072, 0, 1171, 1198, 1008, 8, 3.65%, 1, 2, 11, 34.96
1701256102, 0, 1171, 1199, 1009, 8, 3.65%, 1, 2, 11, 25.39
1701256133, 0, 1176, 1199, 1008, 9, 3.65%, 1, 2, 11, 28.53
1701256364, 0, 1176, 1200, 1009, 9, 3.65%, 1, 2, 11, 24.16
1701256410, 0, 1179, 1200, 1008, 8, 3.65%, 1, 2, 11, 26.86
1701257171, 0, 1179, 1201, 1009, 8, 3.65%, 1, 2, 12, 30.55
1701257237, 0, 1186, 1201, 1008, 7, 3.65%, 1, 2, 12, 24.12
1701257922, 0, 1186, 1202, 1009, 7, 3.65%, 1, 2, 12, 30.98
1701257984, 0, 1190, 1202, 1008, 6, 3.65%, 1, 2, 12, 22.86
1701257999, 0, 1190, 1203, 1009, 6, 3.65%, 1, 2, 12, 22.60
1701258189, 0, 1190, 1204, 1010, 6, 3.65%, 1, 2, 12, 20.90
1701258684, 0, 1190, 1205, 1011, 6, 3.65%, 1, 2, 12, 30.42
1701258695, 0, 1190, 1206, 1012, 6, 3.65%, 1, 2, 12, 32.42
1701258812, 0, 1193, 1206, 1011, 5, 3.65%, 1, 2, 12, 27.15
1701258837, 0, 1193, 1207, 1012, 5, 3.65%, 1, 2, 12, 25.57
1701259669, 0, 1193, 1209, 1014, 5, 3.65%, 1, 2, 12, 25.31
1701259746, 0, 1193, 1210, 1015, 5, 3.65%, 1, 2, 12, 28.37
1701259776, 0, 1193, 1211, 1016, 5, 3.65%, 1, 2, 12, 27.85
1701259812, 0, 1194, 1211, 1015, 4, 3.65%, 1, 2, 12, 25.36
1701259833, 0, 1194, 1212, 1016, 4, 3.65%, 1, 2, 12, 22.62
1701260553, 0, 1194, 1213, 1017, 4, 3.65%, 1, 2, 12, 25.42
1701260599, 0, 1194, 1214, 1018, 4, 3.65%, 1, 2, 12, 22.38
1701260701, 0, 1196, 1214, 1017, 5, 3.65%, 1, 2, 12, 18.63
1701261498, 0, 1199, 1215, 1017, 4, 3.65%, 1, 2, 12, 28.81
1701261589, 0, 1199, 1216, 1018, 4, 3.65%, 1, 2, 12, 26.96
1701262301, 0, 1199, 1217, 1019, 4, 3.65%, 1, 2, 12, 28.85
1701262311, 0, 1199, 1218, 1020, 4, 3.65%, 1, 2, 12, 37.06
1701262368, 0, 1211, 1218, 1019, 4, 3.65%, 1, 2, 12, 9.30
1701262388, 0, 1211, 1220, 1021, 4, 3.66%, 1, 2, 13, 24.27
1701262587, 0, 1211, 1223, 1024, 4, 3.67%, 1, 2, 13, 23.37
1701263129, 0, 1211, 1224, 1025, 4, 3.67%, 1, 2, 13, 25.46
1701263174, 0, 1213, 1224, 1024, 8, 3.67%, 1, 2, 13, 17.80
1701263236, 0, 1213, 1225, 1025, 8, 3.67%, 1, 2, 13, 24.78
1701263955, 0, 1213, 1226, 1026, 8, 3.67%, 1, 2, 13, 23.67
1701263981, 0, 1213, 1227, 1027, 8, 3.67%, 1, 2, 13, 25.70
1701264094, 0, 1218, 1227, 1026, 8, 3.67%, 1, 2, 13, 23.55
1701264119, 0, 1218, 1228, 1027, 8, 3.67%, 1, 2, 14, 22.59
1701264145, 0, 1218, 1229, 1028, 8, 3.68%, 1, 2, 14, 26.64
1701264862, 0, 1218, 1230, 1029, 8, 3.68%, 1, 2, 14, 24.71
1701264923, 0, 1219, 1230, 1028, 9, 3.68%, 1, 2, 14, 18.77
1701264974, 0, 1219, 1231, 1029, 9, 3.68%, 1, 2, 14, 20.71
1701265714, 0, 1219, 1232, 1030, 9, 3.68%, 1, 2, 14, 23.54
1701265775, 0, 1220, 1232, 1029, 9, 3.68%, 1, 2, 14, 21.58
1701266547, 0, 1220, 1233, 1030, 9, 3.68%, 1, 2, 14, 28.40
1701266603, 0, 1221, 1233, 1029, 8, 3.68%, 1, 2, 14, 30.99
1701266654, 0, 1221, 1235, 1031, 8, 3.68%, 1, 2, 14, 21.24
1701267355, 0, 1221, 1236, 1032, 8, 3.68%, 1, 2, 14, 22.68
1701267422, 0, 1222, 1236, 1031, 8, 3.68%, 1, 2, 14, 27.28
1701268200, 0, 1222, 1237, 1032, 8, 3.68%, 1, 2, 14, 27.53
1701268266, 0, 1224, 1237, 1031, 7, 3.68%, 1, 2, 14, 28.34
1701269049, 0, 1224, 1238, 1032, 7, 3.68%, 1, 2, 14, 22.93
1701269095, 0, 1227, 1238, 1031, 7, 3.68%, 1, 2, 14, 21.85
1701269850, 0, 1227, 1239, 1032, 7, 3.68%, 1, 2, 15, 23.16
1701269876, 0, 1227, 1240, 1033, 7, 3.68%, 1, 2, 15, 23.52
1701269906, 0, 1227, 1241, 1034, 7, 3.69%, 1, 2, 15, 24.15
1701270008, 0, 1227, 1242, 1035, 7, 3.69%, 1, 2, 15, 23.58
1701270059, 0, 1228, 1242, 1034, 7, 3.69%, 1, 2, 15, 25.17
1701270851, 0, 1228, 1243, 1035, 7, 3.69%, 1, 2, 15, 30.51
1701270938, 0, 1230, 1243, 1034, 6, 3.69%, 1, 2, 15, 26.16
1701271659, 0, 1230, 1244, 1035, 6, 3.69%, 1, 2, 15, 29.01
1701271664, 0, 1230, 1245, 1036, 6, 3.69%, 1, 2, 15, 22.01
1701271817, 0, 1230, 1246, 1037, 6, 3.69%, 1, 2, 15, 30.18
1701271837, 0, 1234, 1246, 1036, 6, 3.69%, 1, 2, 15, 27.21
1701272670, 0, 1237, 1246, 1035, 5, 3.69%, 1, 2, 15, 19.25
1701273345, 0, 1237, 1247, 1036, 5, 3.69%, 1, 2, 15, 22.54
1701273360, 0, 1237, 1248, 1037, 5, 3.69%, 1, 2, 15, 24.54
1701273523, 0, 1240, 1248, 1036, 4, 3.69%, 1, 2, 15, 26.85
1701273544, 0, 1240, 1249, 1037, 4, 3.69%, 1, 2, 16, 27.68
1701274111, 0, 1240, 1250, 1038, 4, 3.69%, 1, 2, 16, 25.01
1701274117, 0, 1240, 1251, 1039, 4, 3.69%, 1, 2, 16, 25.59
1701274198, 0, 1240, 1252, 1040, 4, 3.69%, 1, 2, 16, 22.25
1701274208, 0, 1240, 1253, 1041, 4, 3.69%, 1, 2, 16, 22.61
1701274373, 0, 1245, 1253, 1040, 4, 3.69%, 1, 2, 16, 23.74
1701275371, 0, 1245, 1254, 1041, 4, 3.69%, 1, 2, 16, 22.82
1701275386, 0, 1245, 1255, 1042, 4, 3.69%, 1, 2, 16, 25.13
1701275539, 0, 1245, 1256, 1043, 4, 3.69%, 1, 2, 16, 24.04
1701275560, 0, 1248, 1256, 1042, 3, 3.69%, 1, 2, 16, 26.15
1701276136, 1, 1, 1256, 1041, 2, 3.69%, 1, 2, 16, 30.65
1701276162, 1, 93, 1256, 1040, 2, 3.69%, 1, 2, 16, 0.14
1701279560, 1, 186, 1256, 1039, 2, 3.69%, 1, 2, 16, 0.56
1701283013, 1, 489, 1256, 1038, 2, 3.69%, 1, 2, 16, 0.19
1701286388, 1, 501, 1256, 1037, 2, 3.69%, 1, 2, 16, 28.47
1701289471, 1, 648, 1256, 1036, 2, 3.69%, 1, 2, 16, 0.34
1701289568, 1, 648, 1258, 1038, 2, 3.69%, 1, 2, 16, 31.16
1701289573, 1, 648, 1259, 1039, 2, 3.69%, 1, 2, 16, 22.99
1701292515, 1, 648, 1260, 1040, 2, 3.69%, 1, 2, 16, 25.06
1701293345, 1, 682, 1260, 1039, 2, 3.69%, 1, 2, 16, 2.33
1701293453, 1, 682, 1262, 1041, 2, 3.69%, 1, 2, 16, 10.43
1701293680, 1, 736, 1262, 1040, 2, 3.69%, 1, 2, 16, 0.25
1701294053, 1, 773, 1262, 1039, 2, 3.69%, 1, 2, 16, 0.65
1701294339, 1, 859, 1262, 1038, 2, 3.69%, 1, 2, 16, 0.53
1701294676, 1, 859, 1263, 1039, 2, 3.69%, 1, 2, 16, 24.83
1701294681, 1, 859, 1264, 1040, 2, 3.69%, 1, 2, 16, 31.28
1701294701, 1, 859, 1265, 1041, 2, 3.69%, 1, 2, 16, 26.40
1701294839, 1, 905, 1265, 1040, 1, 3.69%, 1, 2, 16, 24.39
1701295028, 1, 911, 1265, 1039, 1, 3.69%, 1, 2, 16, 29.09
1701295226, 1, 1027, 1265, 1038, 1, 3.69%, 1, 2, 16, 0.11
1701295385, 1, 1029, 1265, 1037, 0, 3.69%, 1, 2, 16, 13.01
1701295575, 1, 1033, 1265, 1036, 0, 3.69%, 1, 2, 16, 26.15
1701295580, 1, 1036, 1265, 1036, 0, 3.69%, 1, 2, 16, 22.64
1701295806, 1, 1037, 1265, 1035, 0, 3.69%, 1, 2, 16, 26.80
1701296041, 1, 1039, 1265, 1034, 0, 3.69%, 1, 2, 16, 19.66
1701296293, 1, 1039, 1266, 1035, 0, 3.69%, 1, 2, 16, 19.81
1701296374, 1, 1039, 1266, 1035, 0, 3.69%, 1, 3, 16, 28.19
1701296385, 1, 1043, 1266, 1034, 0, 3.69%, 1, 3, 16, 26.04
1701296390, 1, 1046, 1266, 1034, 0, 3.69%, 1, 3, 16, 25.59
1701296727, 1, 1046, 1267, 1035, 0, 3.69%, 1, 3, 16, 28.66
1701296737, 1, 1046, 1268, 1036, 0, 3.69%, 1, 3, 16, 30.05
1701296783, 1, 1046, 1269, 1037, 0, 3.69%, 1, 3, 16, 30.61
1701296804, 1, 1046, 1270, 1038, 0, 3.69%, 1, 3, 16, 29.31
1701296896, 1, 1050, 1270, 1037, 0, 3.69%, 1, 3, 16, 29.27
1701297447, 1, 1050, 1271, 1038, 0, 3.69%, 1, 3, 16, 25.34
1701297473, 1, 1050, 1272, 1039, 0, 3.69%, 1, 3, 16, 10.97
1701297549, 1, 1053, 1272, 1038, 0, 3.69%, 1, 3, 16, 25.96
1701297758, 1, 1053, 1273, 1039, 0, 3.69%, 1, 3, 16, 23.13
