# unix_time, cycles_done, cur_path, paths_total, pending_total, pending_favs, map_size, unique_crashes, unique_hangs, max_depth, execs_per_sec
1701298038, 0, 0, 1, 1, 1, 0.28%, 0, 0, 1, 2.72
1701298043, 0, 0, 4, 4, 1, 0.31%, 0, 0, 2, 46.40
1701298048, 0, 0, 10, 10, 1, 0.34%, 0, 0, 2, 54.57
1701298069, 0, 0, 11, 11, 1, 0.35%, 0, 0, 2, 39.34
1701298074, 0, 0, 13, 13, 1, 0.39%, 0, 0, 2, 28.75
1701298100, 0, 0, 14, 14, 1, 0.41%, 0, 0, 2, 17.89
1701298172, 0, 0, 17, 17, 1, 0.41%, 0, 0, 2, 17.97
1701298177, 0, 0, 19, 19, 1, 0.41%, 0, 0, 2, 18.63
1701298248, 0, 0, 19, 19, 1, 0.41%, 1, 0, 2, 19.83
1701298346, 0, 0, 20, 20, 1, 0.42%, 1, 0, 2, 22.31
1701298534, 0, 0, 21, 21, 1, 0.42%, 1, 0, 2, 22.78
1701298555, 0, 0, 22, 22, 1, 0.43%, 1, 0, 2, 22.65
1701298560, 0, 0, 23, 23, 1, 0.43%, 1, 0, 2, 23.17
1701298595, 0, 0, 24, 24, 1, 0.43%, 1, 0, 2, 21.26
1701298600, 0, 0, 25, 25, 1, 0.43%, 1, 0, 2, 20.87
1701298718, 0, 0, 26, 26, 1, 0.43%, 1, 0, 2, 17.57
1701298790, 0, 0, 27, 27, 1, 0.43%, 1, 0, 2, 20.19
1701299327, 0, 0, 27, 27, 1, 0.43%, 2, 0, 2, 21.23
1701299332, 0, 0, 29, 29, 1, 0.44%, 2, 0, 2, 23.05
1701300140, 0, 0, 30, 30, 1, 0.44%, 2, 0, 2, 19.28
1701300145, 0, 0, 31, 31, 1, 0.44%, 2, 0, 2, 17.43
1701301143, 0, 4, 31, 30, 15, 0.44%, 2, 0, 2, 19.11
1701301219, 0, 4, 32, 31, 15, 0.44%, 2, 0, 3, 19.51
1701301311, 0, 4, 33, 32, 15, 0.45%, 2, 0, 3, 22.97
1701301699, 0, 4, 34, 33, 15, 0.45%, 2, 0, 3, 24.07
1701301812, 0, 4, 35, 34, 15, 0.45%, 2, 0, 3, 19.66
1701304226, 0, 4, 36, 35, 15, 0.45%, 2, 0, 3, 19.83
1701304241, 0, 5, 36, 34, 16, 0.45%, 2, 0, 3, 20.70
1701304757, 0, 5, 37, 35, 16, 0.45%, 2, 0, 3, 25.35
1701304777, 0, 5, 38, 36, 16, 0.45%, 2, 0, 3, 24.20
1701304890, 0, 5, 39, 37, 16, 0.45%, 2, 0, 3, 16.38
1701307362, 0, 6, 39, 36, 16, 0.45%, 2, 0, 3, 23.59
1701307806, 0, 7, 39, 35, 15, 0.45%, 2, 0, 3, 17.85
1701307816, 0, 7, 40, 36, 15, 0.45%, 2, 0, 3, 23.69
1701307913, 0, 7, 41, 37, 15, 0.45%, 2, 0, 3, 23.54
1701308317, 0, 8, 41, 36, 14, 0.45%, 2, 0, 3, 19.99
1701310066, 0, 9, 41, 35, 13, 0.45%, 2, 0, 3, 21.32
1701310746, 0, 9, 42, 36, 13, 0.45%, 2, 0, 3, 18.51
1701313144, 0, 12, 42, 35, 12, 0.45%, 2, 0, 3, 22.26
1701313267, 0, 12, 43, 36, 12, 0.45%, 2, 0, 3, 16.83
1701316732, 0, 13, 43, 35, 11, 0.45%, 2, 0, 3, 23.04
1701319452, 0, 19, 43, 34, 10, 0.45%, 2, 0, 3, 22.73
1701320444, 0, 19, 44, 35, 10, 0.45%, 2, 0, 3, 24.28
1701322156, 0, 21, 44, 34, 9, 0.45%, 2, 0, 3, 20.68
1701322630, 0, 21, 45, 35, 9, 0.45%, 2, 0, 3, 24.86
1701323203, 0, 21, 46, 36, 9, 0.45%, 2, 0, 3, 19.87
1701324942, 0, 22, 46, 35, 9, 0.45%, 2, 0, 3, 22.15
1701325904, 0, 26, 46, 34, 8, 0.45%, 2, 0, 3, 20.04
1701326328, 0, 26, 47, 35, 8, 0.45%, 2, 0, 3, 25.04
1701326677, 0, 26, 48, 36, 8, 0.45%, 2, 0, 3, 23.84
1701327806, 0, 27, 48, 35, 8, 0.45%, 2, 0, 3, 22.09
1701329695, 0, 27, 49, 36, 8, 0.45%, 2, 0, 3, 23.91
1701330667, 0, 32, 49, 35, 7, 0.45%, 2, 0, 3, 18.22
1701331648, 0, 35, 49, 34, 6, 0.45%, 2, 0, 3, 23.53
1701332757, 0, 36, 49, 33, 5, 0.45%, 2, 0, 3, 22.09
1701333748, 0, 43, 49, 32, 4, 0.45%, 2, 0, 3, 17.80
1701333820, 0, 43, 50, 33, 4, 0.45%, 2, 0, 4, 22.52
1701335997, 0, 44, 50, 32, 3, 0.45%, 2, 0, 4, 22.57
1701336038, 0, 44, 51, 33, 3, 0.45%, 2, 0, 4, 22.74
1701337823, 0, 47, 51, 32, 2, 0.45%, 2, 0, 4, 21.18
1701337833, 0, 47, 52, 33, 2, 0.45%, 2, 0, 4, 24.00
1701337899, 0, 47, 53, 34, 2, 0.45%, 2, 0, 4, 21.08
1701339811, 0, 48, 53, 33, 2, 0.45%, 2, 0, 4, 18.76
1701345002, 0, 51, 53, 32, 1, 0.45%, 2, 0, 4, 19.90
1701345079, 0, 51, 54, 33, 1, 0.45%, 2, 0, 5, 26.31
1701345410, 0, 51, 55, 34, 1, 0.45%, 2, 0, 5, 11.21
1701345553, 0, 51, 56, 35, 1, 0.45%, 2, 0, 5, 19.87
1701347061, 0, 53, 56, 34, 1, 0.45%, 2, 0, 5, 24.21
1701347158, 0, 53, 57, 35, 1, 0.45%, 2, 0, 6, 21.11
1701348877, 1, 5, 57, 34, 0, 0.45%, 2, 0, 6, 23.41
1701348882, 1, 6, 57, 34, 0, 0.45%, 2, 0, 6, 24.53
1701348887, 1, 8, 57, 34, 0, 0.45%, 2, 0, 6, 26.92
1701348892, 1, 9, 57, 34, 0, 0.45%, 2, 0, 6, 23.88
1701348897, 1, 11, 57, 34, 0, 0.45%, 2, 0, 6, 19.75
1701352594, 1, 13, 57, 33, 0, 0.45%, 2, 0, 6, 21.46
1701352599, 1, 15, 57, 33, 0, 0.45%, 2, 0, 6, 18.37
1701355477, 1, 16, 57, 32, 0, 0.45%, 2, 0, 6, 21.02
1701358384, 1, 17, 57, 31, 0, 0.45%, 2, 0, 6, 24.93
1701358839, 1, 22, 57, 30, 0, 0.45%, 2, 0, 6, 25.03
1701358844, 1, 23, 57, 30, 0, 0.45%, 2, 0, 6, 23.88
1701359252, 1, 23, 58, 31, 0, 0.45%, 2, 0, 6, 19.79
1701360795, 1, 27, 58, 30, 0, 0.45%, 2, 0, 6, 20.06
1701360800, 1, 29, 58, 30, 0, 0.45%, 2, 0, 6, 19.12
1701361528, 1, 30, 58, 29, 0, 0.45%, 2, 0, 6, 21.64
1701362546, 1, 30, 59, 30, 0, 0.45%, 2, 0, 6, 18.12
1701365394, 1, 58, 59, 29, 1, 0.45%, 2, 0, 6, 19.47
1701368417, 2, 3, 59, 28, 0, 0.45%, 2, 0, 6, 11.29
1701371958, 2, 3, 60, 29, 0, 0.45%, 2, 0, 6, 19.58
1701371979, 2, 3, 61, 30, 0, 0.45%, 2, 0, 6, 23.57
1701372010, 2, 5, 61, 29, 0, 0.45%, 2, 0, 6, 21.88
1701372015, 2, 5, 62, 30, 0, 0.45%, 2, 0, 6, 23.13
1701372020, 2, 6, 62, 30, 0, 0.45%, 2, 0, 6, 21.97
1701372025, 2, 8, 62, 30, 0, 0.45%, 2, 0, 6, 21.00
1701372030, 2, 9, 62, 30, 0, 0.45%, 2, 0, 6, 21.36
1701372035, 2, 10, 62, 30, 0, 0.45%, 2, 0, 6, 19.53
1701374531, 2, 22, 62, 29, 0, 0.45%, 2, 0, 6, 21.30
1701374536, 2, 31, 62, 29, 0, 0.45%, 2, 0, 6, 24.37
1701378148, 2, 35, 62, 28, 0, 0.45%, 2, 0, 6, 20.36
1701378153, 2, 44, 62, 28, 0, 0.45%, 2, 0, 6, 25.17
1701378158, 2, 49, 62, 28, 0, 0.45%, 2, 0, 6, 22.98
1701378234, 2, 49, 63, 29, 0, 0.45%, 2, 0, 6, 24.72
1701378669, 2, 49, 65, 31, 0, 0.45%, 2, 0, 6, 24.30
1701380326, 2, 64, 65, 30, 1, 0.45%, 2, 0, 6, 22.88
1701382529, 3, 3, 65, 29, 0, 0.45%, 2, 0, 6, 21.62
1701382534, 3, 4, 65, 29, 0, 0.45%, 2, 0, 6, 22.68
1701382540, 3, 5, 65, 29, 0, 0.45%, 2, 0, 6, 21.52
1701382545, 3, 7, 65, 29, 0, 0.45%, 2, 0, 6, 21.20
1701382550, 3, 8, 65, 29, 0, 0.45%, 2, 0, 6, 24.94
1701382555, 3, 9, 65, 29, 0, 0.45%, 2, 0, 6, 19.80
1701382560, 3, 12, 65, 29, 0, 0.45%, 2, 0, 6, 19.15
1701382565, 3, 27, 65, 29, 0, 0.45%, 2, 0, 6, 21.92
1701382570, 3, 32, 66, 30, 0, 0.45%, 2, 0, 6, 25.36
1701382575, 3, 33, 66, 30, 0, 0.45%, 2, 0, 6, 23.68
1701382948, 3, 33, 67, 31, 0, 0.45%, 2, 0, 6, 19.79
1701384495, 3, 36, 67, 30, 0, 0.45%, 2, 0, 6, 24.69
1701384500, 3, 50, 67, 30, 0, 0.45%, 2, 0, 6, 23.84
1701384556, 3, 50, 68, 31, 0, 0.45%, 2, 0, 6, 19.90
1701384874, 3, 50, 69, 32, 0, 0.45%, 2, 0, 6, 23.83
1701386374, 3, 52, 69, 31, 0, 0.45%, 2, 0, 6, 11.80
1701388386, 3, 53, 69, 30, 0, 0.45%, 2, 0, 6, 22.81
1701388396, 3, 59, 69, 30, 0, 0.45%, 2, 0, 6, 18.90
1701416712, 3, 64, 69, 29, 0, 0.45%, 2, 0, 6, 24.91
1701416717, 3, 67, 69, 29, 0, 0.45%, 2, 0, 6, 24.77
1701418424, 4, 5, 69, 28, 0, 0.45%, 2, 0, 6, 21.72
1701418429, 4, 6, 69, 28, 0, 0.45%, 2, 0, 6, 20.84
1701418434, 4, 7, 69, 28, 0, 0.45%, 2, 0, 6, 21.03
1701418440, 4, 9, 69, 28, 0, 0.45%, 2, 0, 6, 22.12
1701418445, 4, 10, 69, 28, 0, 0.45%, 2, 0, 6, 22.76
1701418450, 4, 22, 69, 28, 0, 0.45%, 2, 0, 6, 24.44
1701418455, 4, 32, 69, 28, 0, 0.45%, 2, 0, 6, 21.13
1701418460, 4, 36, 69, 28, 0, 0.45%, 2, 0, 6, 19.04
1701418465, 4, 40, 69, 28, 0, 0.45%, 2, 0, 6, 19.17
1701419048, 4, 41, 69, 27, 0, 0.45%, 2, 0, 6, 23.33
1701420040, 4, 41, 70, 28, 0, 0.45%, 2, 0, 6, 21.06
1701423007, 4, 42, 70, 27, 0, 0.45%, 2, 0, 6, 20.59
1701424946, 4, 44, 70, 26, 0, 0.45%, 2, 0, 6, 25.04
1701424951, 4, 45, 70, 26, 0, 0.45%, 2, 0, 6, 23.69
1701427247, 4, 53, 70, 25, 0, 0.45%, 2, 0, 6, 22.76
1701427252, 4, 56, 70, 25, 0, 0.45%, 2, 0, 6, 19.79
1701428945, 4, 64, 70, 24, 0, 0.45%, 2, 0, 6, 20.89
1701428950, 4, 68, 70, 24, 0, 0.45%, 2, 0, 6, 23.49
1701430802, 4, 69, 70, 23, 0, 0.45%, 2, 0, 6, 17.75
1701431192, 4, 69, 71, 24, 0, 0.45%, 2, 0, 6, 22.53
1701431345, 4, 69, 72, 25, 0, 0.45%, 2, 0, 6, 23.55
1701432689, 5, 4, 72, 24, 0, 0.45%, 2, 0, 6, 25.54
1701432694, 5, 6, 72, 24, 0, 0.45%, 2, 0, 6, 23.91
1701432699, 5, 7, 72, 24, 0, 0.45%, 2, 0, 6, 21.95
1701432704, 5, 8, 72, 24, 0, 0.45%, 2, 0, 6, 19.94
1701432709, 5, 9, 72, 24, 0, 0.45%, 2, 0, 6, 17.67
1701432714, 5, 12, 72, 24, 0, 0.45%, 2, 0, 6, 18.77
1701432720, 5, 17, 72, 24, 0, 0.45%, 2, 0, 6, 18.99
1701432725, 5, 18, 72, 24, 0, 0.45%, 2, 0, 6, 19.10
1701433292, 5, 22, 72, 23, 0, 0.45%, 2, 0, 6, 25.49
1701433297, 5, 24, 72, 23, 0, 0.45%, 2, 0, 6, 22.63
1701435201, 5, 25, 72, 22, 0, 0.45%, 2, 0, 6, 21.68
1701438292, 5, 25, 73, 23, 0, 0.45%, 2, 0, 6, 15.05
1701438671, 5, 32, 73, 22, 0, 0.45%, 2, 0, 6, 23.60
1701438676, 5, 36, 73, 22, 0, 0.45%, 2, 0, 6, 23.21
1701438681, 5, 53, 73, 22, 0, 0.45%, 2, 0, 6, 20.59
1701438686, 5, 55, 73, 22, 0, 0.45%, 2, 0, 6, 23.70
1701438768, 5, 55, 74, 23, 0, 0.45%, 2, 0, 6, 20.82
1701439106, 5, 55, 75, 24, 0, 0.45%, 2, 0, 6, 27.13
1701440561, 5, 64, 75, 23, 0, 0.45%, 2, 0, 6, 22.94
1701440566, 6, 2, 75, 23, 0, 0.45%, 2, 0, 6, 19.79
1701441520, 6, 4, 75, 22, 0, 0.45%, 2, 0, 6, 26.67
1701441525, 6, 5, 75, 22, 0, 0.45%, 2, 0, 6, 26.69
1701441530, 6, 7, 75, 22, 0, 0.45%, 2, 0, 6, 27.34
1701441535, 6, 9, 75, 22, 0, 0.45%, 2, 0, 6, 27.16
1701441540, 6, 10, 75, 22, 0, 0.45%, 2, 0, 6, 21.96
1701441546, 6, 22, 75, 22, 0, 0.45%, 2, 0, 6, 22.12
1701441551, 6, 28, 75, 22, 0, 0.45%, 2, 0, 6, 21.86
1701444457, 6, 32, 75, 21, 0, 0.45%, 2, 0, 6, 19.86
1701444462, 6, 36, 75, 21, 0, 0.45%, 2, 0, 6, 20.18
1701444467, 6, 53, 75, 21, 0, 0.45%, 2, 0, 6, 21.86
1701444472, 6, 55, 75, 21, 0, 0.45%, 2, 0, 6, 24.44
1701444477, 6, 57, 75, 21, 0, 0.45%, 2, 0, 6, 19.94
1701446412, 6, 58, 75, 20, 0, 0.45%, 2, 0, 6, 25.91
1701446417, 6, 61, 75, 20, 0, 0.45%, 2, 0, 6, 23.24
1701457495, 6, 62, 75, 19, 0, 0.45%, 2, 0, 6, 19.95
1701459386, 6, 64, 75, 18, 0, 0.45%, 2, 0, 6, 23.07
1701459391, 6, 65, 75, 18, 0, 0.45%, 2, 0, 6, 22.90
