# unix_time, cycles_done, cur_path, paths_total, pending_total, pending_favs, map_size, unique_crashes, unique_hangs, max_depth, execs_per_sec
1700633279, 0, 0, 1, 1, 1, 0.02%, 0, 0, 1, 16.91
1700633284, 0, 0, 14, 14, 1, 0.20%, 0, 0, 2, 28.83
1700633289, 0, 0, 20, 20, 1, 0.25%, 0, 0, 2, 49.96
1700633294, 0, 0, 26, 26, 1, 0.52%, 0, 0, 2, 80.20
1700633299, 0, 0, 30, 30, 1, 0.54%, 1, 0, 2, 70.82
1700633304, 0, 17, 30, 28, 9, 0.54%, 1, 0, 2, 212.94
1700633309, 0, 17, 37, 35, 9, 0.54%, 2, 0, 3, 195.47
1700633315, 0, 17, 38, 36, 9, 0.54%, 2, 0, 3, 227.77
1700633330, 0, 22, 43, 40, 9, 0.56%, 2, 0, 3, 259.13
1700633335, 0, 22, 44, 41, 9, 0.56%, 2, 0, 3, 365.95
1700633340, 0, 22, 44, 41, 9, 0.56%, 3, 0, 3, 200.03
1700633360, 0, 22, 46, 43, 9, 0.57%, 3, 0, 3, 218.67
1700633365, 0, 22, 47, 44, 9, 0.57%, 3, 0, 3, 224.38
1700633376, 0, 22, 48, 45, 9, 0.58%, 3, 0, 3, 171.00
1700633411, 0, 22, 48, 45, 9, 0.58%, 4, 0, 3, 191.08
1700633549, 0, 23, 48, 44, 16, 0.58%, 4, 0, 3, 162.55
1700633579, 0, 23, 48, 44, 16, 0.58%, 5, 0, 3, 211.29
1700633600, 0, 24, 54, 49, 15, 0.61%, 5, 0, 3, 208.48
1700633605, 0, 24, 55, 50, 15, 0.61%, 5, 0, 3, 136.44
1700633610, 0, 24, 56, 51, 15, 0.62%, 5, 0, 3, 134.76
1700633615, 0, 24, 63, 58, 15, 0.64%, 5, 0, 3, 198.27
1700633620, 0, 24, 64, 59, 15, 0.64%, 5, 0, 3, 143.92
1700633625, 0, 24, 66, 61, 15, 0.65%, 5, 0, 3, 120.64
1700633635, 0, 24, 68, 63, 15, 0.65%, 5, 0, 3, 164.96
1700633645, 0, 24, 69, 64, 15, 0.65%, 5, 0, 3, 130.57
1700633681, 0, 24, 71, 66, 15, 0.66%, 5, 0, 3, 148.75
1700633706, 0, 24, 79, 74, 15, 0.66%, 5, 0, 3, 142.98
1700633711, 0, 24, 80, 75, 15, 0.66%, 5, 0, 3, 182.96
1700633788, 0, 24, 80, 75, 15, 0.66%, 6, 0, 3, 134.42
1700633803, 0, 24, 81, 76, 15, 0.66%, 6, 0, 3, 189.65
1700633895, 0, 24, 82, 77, 15, 0.66%, 6, 0, 3, 270.21
1700633976, 0, 24, 84, 79, 15, 0.66%, 6, 0, 3, 153.61
1700633996, 0, 25, 85, 79, 24, 0.66%, 6, 0, 3, 217.43
1700634002, 0, 25, 85, 79, 24, 0.66%, 7, 0, 3, 213.53
1700634007, 0, 25, 85, 79, 24, 0.66%, 8, 0, 3, 252.02
1700634017, 0, 26, 85, 78, 23, 0.66%, 8, 0, 3, 19.40
1700634027, 0, 26, 87, 80, 23, 0.66%, 9, 0, 3, 20.90
1700634033, 0, 26, 87, 80, 23, 0.66%, 10, 0, 3, 10.12
1700634084, 0, 26, 88, 81, 23, 0.66%, 10, 0, 3, 199.18
1700634161, 0, 26, 88, 81, 23, 0.66%, 11, 0, 3, 42.23
1700634166, 0, 26, 88, 81, 23, 0.66%, 13, 0, 3, 231.44
1700634181, 0, 26, 88, 81, 23, 0.66%, 14, 0, 3, 137.88
1700634355, 0, 26, 89, 82, 23, 0.66%, 14, 0, 3, 155.35
1700634704, 0, 26, 89, 82, 23, 0.66%, 15, 0, 3, 147.89
1700634770, 0, 26, 90, 83, 23, 0.66%, 15, 0, 3, 18.55
1700634806, 0, 27, 91, 83, 22, 0.66%, 15, 0, 3, 304.78
1700634827, 0, 27, 91, 83, 22, 0.66%, 16, 0, 3, 163.80
1700634857, 0, 27, 92, 84, 22, 0.67%, 16, 0, 3, 208.24
1700635035, 0, 29, 92, 83, 23, 0.67%, 17, 0, 3, 279.72
1700635055, 0, 36, 92, 82, 22, 0.67%, 17, 0, 3, 250.85
1700635066, 0, 37, 92, 81, 21, 0.67%, 17, 0, 3, 267.77
1700635086, 0, 40, 92, 80, 20, 0.67%, 17, 0, 3, 345.62
1700635096, 0, 40, 93, 81, 20, 0.67%, 17, 0, 4, 311.00
1700635279, 0, 45, 94, 81, 20, 0.67%, 17, 0, 4, 268.67
1700635325, 0, 45, 94, 81, 20, 0.67%, 18, 0, 4, 200.14
1700635376, 0, 46, 95, 81, 20, 0.67%, 18, 0, 4, 429.93
1700635402, 0, 46, 96, 82, 20, 0.67%, 18, 0, 4, 448.32
1700635549, 0, 47, 97, 82, 19, 0.67%, 18, 0, 4, 147.04
1700635559, 0, 47, 98, 83, 19, 0.67%, 18, 0, 4, 151.81
1700635590, 0, 47, 99, 84, 19, 0.68%, 18, 0, 4, 189.85
1700635754, 0, 47, 100, 85, 19, 0.68%, 18, 0, 4, 10.28
1700635825, 0, 50, 100, 84, 20, 0.68%, 18, 0, 4, 192.64
1700635845, 0, 50, 101, 85, 20, 0.68%, 18, 0, 4, 131.64
1700635993, 0, 50, 101, 85, 20, 0.68%, 19, 0, 4, 144.89
1700636222, 0, 50, 102, 86, 20, 0.68%, 19, 0, 4, 166.37
1700636227, 0, 51, 102, 85, 20, 0.68%, 19, 0, 4, 149.27
1700636247, 0, 51, 103, 86, 20, 0.68%, 19, 0, 4, 134.79
1700636395, 0, 51, 103, 86, 20, 0.68%, 20, 0, 4, 107.49
1700636624, 0, 52, 103, 85, 20, 0.68%, 20, 0, 4, 159.87
1700636828, 0, 62, 103, 84, 19, 0.68%, 20, 0, 4, 201.49
1700637155, 0, 63, 103, 83, 18, 0.68%, 20, 0, 4, 167.81
1700637206, 0, 63, 105, 85, 18, 0.68%, 20, 0, 4, 147.13
1700637389, 0, 65, 105, 84, 18, 0.68%, 20, 0, 4, 204.32
1700637419, 0, 65, 106, 85, 18, 0.68%, 20, 0, 4, 183.93
1700637445, 0, 65, 107, 86, 18, 0.68%, 20, 0, 4, 175.36
1700637704, 0, 67, 107, 85, 17, 0.68%, 20, 0, 4, 208.15
1700637945, 0, 69, 107, 84, 16, 0.68%, 20, 0, 4, 203.83
1700638194, 0, 76, 107, 83, 15, 0.68%, 20, 0, 4, 278.45
1700638255, 0, 76, 107, 83, 15, 0.68%, 21, 0, 4, 301.61
1700638352, 0, 84, 107, 82, 14, 0.68%, 21, 0, 4, 323.62
1700638541, 0, 88, 107, 81, 13, 0.68%, 21, 0, 4, 17.07
1700639305, 0, 88, 107, 81, 13, 0.68%, 22, 0, 4, 18.18
1700639475, 0, 89, 107, 80, 12, 0.68%, 22, 0, 4, 243.29
1700639521, 0, 89, 110, 83, 12, 0.68%, 22, 0, 4, 351.38
1700639654, 0, 90, 110, 82, 13, 0.68%, 22, 0, 4, 303.24
1700639680, 0, 90, 110, 82, 13, 0.68%, 23, 0, 4, 73.59
1700639711, 0, 91, 110, 81, 12, 0.68%, 23, 0, 4, 306.79
1700639721, 0, 91, 111, 82, 12, 0.68%, 23, 0, 4, 369.32
1700639849, 0, 92, 111, 81, 12, 0.68%, 23, 0, 4, 356.91
1700639879, 0, 92, 111, 81, 12, 0.68%, 24, 0, 4, 386.17
1700639920, 0, 93, 111, 80, 11, 0.68%, 24, 0, 4, 371.61
1700639946, 0, 93, 111, 80, 11, 0.68%, 25, 0, 4, 353.45
1700639986, 0, 98, 111, 79, 10, 0.68%, 25, 0, 4, 35.47
1700640073, 0, 98, 112, 80, 10, 0.68%, 25, 0, 5, 14.02
1700640507, 0, 100, 112, 79, 9, 0.68%, 25, 0, 5, 183.06
1700640710, 0, 102, 112, 78, 8, 0.68%, 25, 0, 5, 288.55
1700640915, 0, 104, 112, 77, 7, 0.68%, 25, 0, 5, 356.57
1700641062, 0, 105, 112, 76, 6, 0.68%, 25, 0, 5, 367.80
1700641251, 0, 106, 112, 75, 5, 0.68%, 25, 0, 5, 339.15
1700641450, 0, 107, 112, 74, 4, 0.68%, 25, 0, 5, 257.10
1700641455, 0, 107, 112, 74, 4, 0.68%, 26, 0, 5, 133.13
1700641625, 0, 107, 113, 75, 4, 0.68%, 26, 0, 5, 210.48
1700641630, 0, 110, 113, 74, 3, 0.68%, 26, 0, 5, 236.93
1700641859, 0, 111, 113, 73, 2, 0.68%, 26, 0, 5, 122.86
1700641961, 0, 111, 114, 74, 2, 0.68%, 26, 0, 6, 114.32
1700643222, 1, 39, 114, 73, 1, 0.68%, 26, 0, 6, 387.62
1700643349, 1, 42, 114, 72, 0, 0.68%, 26, 0, 6, 394.49
1700643466, 1, 48, 114, 71, 0, 0.68%, 26, 0, 6, 397.36
1700643527, 1, 53, 114, 70, 0, 0.68%, 26, 0, 6, 273.03
1700643742, 1, 56, 114, 69, 0, 0.68%, 26, 0, 6, 260.86
1700643920, 1, 59, 114, 68, 0, 0.68%, 26, 0, 6, 346.34
1700644063, 1, 71, 114, 67, 0, 0.68%, 26, 0, 6, 372.96
1700644236, 1, 73, 114, 66, 0, 0.68%, 26, 0, 6, 359.38
1700644414, 1, 93, 114, 65, 0, 0.68%, 26, 0, 6, 295.37
1700644419, 1, 94, 116, 67, 0, 0.68%, 26, 0, 6, 217.75
1700644530, 1, 95, 117, 67, 0, 0.68%, 26, 0, 6, 392.86
1700644637, 1, 95, 118, 68, 0, 0.68%, 26, 0, 6, 440.67
1700644642, 1, 96, 118, 67, 0, 0.68%, 26, 0, 6, 324.06
1700644800, 1, 99, 118, 66, 0, 0.68%, 26, 0, 6, 42.06
1700646251, 1, 101, 118, 65, 0, 0.68%, 26, 0, 6, 230.07
1700646459, 1, 110, 118, 64, 0, 0.68%, 26, 0, 6, 341.58
1700646464, 1, 112, 118, 64, 0, 0.68%, 26, 0, 6, 301.12
1700646495, 1, 112, 119, 65, 0, 0.68%, 26, 0, 6, 300.94
1700646644, 1, 118, 120, 65, 1, 0.68%, 26, 0, 7, 275.54
1700646741, 1, 119, 120, 64, 1, 0.68%, 26, 0, 7, 350.73
1700646787, 2, 4, 120, 63, 0, 0.68%, 26, 0, 7, 386.11
1700646792, 2, 10, 120, 62, 0, 0.68%, 26, 0, 7, 365.05
1700646828, 2, 19, 120, 60, 0, 0.68%, 26, 0, 7, 425.47
1700646833, 2, 34, 120, 59, 0, 0.68%, 26, 0, 7, 366.74
1700646848, 2, 35, 120, 58, 0, 0.68%, 26, 0, 7, 347.91
1700646863, 2, 43, 121, 58, 0, 0.68%, 26, 0, 7, 350.95
1700647000, 2, 57, 121, 57, 0, 0.68%, 26, 0, 7, 334.07
1700647163, 2, 60, 122, 57, 0, 0.68%, 26, 0, 7, 316.80
1700647413, 2, 66, 122, 56, 0, 0.68%, 26, 0, 7, 285.92
1700647612, 2, 76, 122, 55, 0, 0.68%, 26, 0, 7, 315.83
1700647618, 2, 122, 124, 57, 1, 0.69%, 26, 0, 7, 259.90
1700647628, 2, 122, 125, 58, 1, 0.70%, 26, 0, 7, 175.08
1700647669, 2, 122, 126, 59, 1, 0.70%, 26, 0, 7, 216.77
1700647771, 2, 122, 127, 60, 1, 0.70%, 26, 0, 7, 284.84
1700647807, 2, 122, 127, 60, 1, 0.70%, 27, 0, 7, 173.00
1700647858, 2, 122, 128, 61, 1, 0.70%, 27, 0, 7, 315.68
1700647960, 2, 122, 129, 62, 1, 0.71%, 27, 0, 7, 288.17
1700647965, 2, 122, 130, 63, 1, 0.71%, 27, 0, 7, 323.85
1700647975, 2, 125, 130, 62, 3, 0.71%, 27, 0, 7, 206.30
1700647985, 2, 125, 132, 64, 3, 0.71%, 27, 0, 7, 312.83
1700648108, 2, 125, 135, 67, 3, 0.71%, 27, 0, 7, 307.37
1700648194, 2, 125, 135, 67, 3, 0.71%, 28, 0, 7, 239.04
1700648499, 2, 128, 135, 66, 2, 0.71%, 28, 0, 7, 319.92
1700648900, 2, 130, 135, 65, 1, 0.71%, 28, 0, 7, 274.41
1700648971, 2, 130, 136, 66, 1, 0.71%, 28, 0, 7, 229.50
1700649012, 2, 130, 137, 67, 1, 0.71%, 28, 0, 7, 252.82
1700649084, 2, 130, 137, 67, 1, 0.71%, 29, 0, 7, 254.42
1700649252, 3, 18, 137, 65, 0, 0.71%, 29, 0, 7, 348.45
1700649273, 3, 21, 137, 64, 0, 0.71%, 29, 0, 7, 347.90
1700649288, 3, 37, 137, 63, 0, 0.71%, 29, 0, 7, 350.71
1700649293, 3, 44, 137, 63, 0, 0.71%, 29, 0, 7, 353.88
1700649435, 3, 68, 137, 62, 0, 0.71%, 29, 0, 7, 340.40
1700649532, 3, 68, 137, 62, 0, 0.71%, 30, 0, 7, 238.63
1700649680, 3, 70, 137, 61, 0, 0.71%, 30, 0, 7, 224.29
1700649776, 3, 70, 137, 61, 0, 0.71%, 31, 0, 7, 212.59
1700649923, 3, 72, 137, 60, 0, 0.71%, 31, 0, 7, 289.74
1700650096, 3, 74, 137, 59, 0, 0.71%, 31, 0, 7, 311.02
1700650280, 3, 82, 137, 58, 0, 0.71%, 31, 0, 7, 328.98
1700650428, 3, 84, 137, 57, 0, 0.71%, 31, 0, 7, 426.15
1700650433, 3, 108, 137, 57, 0, 0.71%, 31, 0, 7, 400.44
1700650618, 3, 111, 137, 56, 0, 0.71%, 31, 0, 7, 268.19
1700650623, 3, 114, 137, 56, 0, 0.71%, 31, 0, 7, 328.34
1700650745, 3, 115, 137, 55, 0, 0.71%, 31, 0, 7, 342.57
1700650873, 3, 120, 137, 54, 0, 0.71%, 31, 0, 7, 312.40
1700651842, 3, 123, 137, 53, 0, 0.71%, 31, 0, 7, 297.40
1700654025, 3, 124, 141, 56, 0, 0.71%, 31, 0, 7, 352.24
1700654081, 3, 124, 142, 57, 0, 0.71%, 31, 0, 7, 287.41
1700654116, 3, 124, 143, 58, 0, 0.71%, 31, 0, 7, 343.77
1700654401, 3, 142, 143, 57, 1, 0.71%, 31, 0, 7, 342.03
1700654879, 4, 9, 143, 55, 0, 0.71%, 31, 0, 7, 241.16
1700654884, 4, 30, 143, 54, 0, 0.71%, 31, 0, 7, 199.69
1700654895, 4, 31, 143, 53, 0, 0.71%, 31, 0, 7, 204.43
1700654920, 4, 41, 143, 52, 0, 0.71%, 31, 0, 7, 244.41
1700655078, 4, 79, 143, 51, 0, 0.71%, 31, 0, 7, 279.99
1700655138, 4, 79, 144, 52, 0, 0.71%, 31, 0, 7, 197.95
1700655302, 4, 80, 144, 51, 0, 0.71%, 31, 0, 7, 33.95
1700656064, 4, 86, 144, 50, 0, 0.71%, 31, 0, 7, 368.84
1700656439, 4, 87, 144, 49, 0, 0.71%, 31, 0, 7, 14.80
1700657310, 4, 97, 144, 48, 0, 0.71%, 31, 0, 7, 252.67
1700657315, 4, 97, 145, 49, 0, 0.71%, 31, 0, 7, 261.54
1700657473, 4, 144, 145, 48, 1, 0.71%, 31, 0, 7, 280.77
1700657478, 4, 144, 146, 49, 1, 0.71%, 31, 0, 7, 246.69
1700657631, 4, 145, 146, 48, 1, 0.71%, 31, 0, 7, 297.38
1700657789, 5, 16, 146, 46, 0, 0.71%, 31, 0, 7, 14.11
1700657949, 5, 28, 146, 45, 0, 0.71%, 31, 0, 7, 428.73
1700657974, 5, 30, 146, 44, 0, 0.71%, 31, 0, 7, 423.11
1700657979, 5, 33, 146, 44, 0, 0.71%, 31, 0, 7, 440.50
1700657994, 5, 38, 146, 43, 0, 0.71%, 31, 0, 7, 295.58
1700658066, 5, 54, 146, 42, 0, 0.71%, 31, 0, 7, 216.24
1700658372, 5, 55, 146, 41, 0, 0.71%, 31, 0, 7, 134.12
1700658876, 5, 61, 146, 40, 0, 0.71%, 31, 0, 7, 276.30
1700659121, 5, 78, 146, 39, 0, 0.71%, 31, 0, 7, 300.05
1700659366, 5, 91, 146, 38, 0, 0.71%, 31, 0, 7, 272.59
1700659371, 5, 103, 146, 38, 0, 0.71%, 31, 0, 7, 272.28
1700659523, 5, 105, 146, 37, 0, 0.71%, 31, 0, 7, 377.23
1700659528, 5, 129, 146, 37, 0, 0.71%, 31, 0, 7, 358.38
1700660092, 5, 131, 147, 37, 0, 0.71%, 31, 0, 7, 326.96
1700660351, 5, 138, 147, 36, 1, 0.71%, 31, 0, 7, 416.53
1700660443, 5, 138, 148, 37, 1, 0.71%, 31, 0, 7, 421.05
1700660697, 5, 147, 148, 36, 1, 0.71%, 31, 0, 7, 332.61
1700660702, 5, 147, 149, 37, 1, 0.71%, 31, 0, 8, 354.07
1700660783, 5, 147, 150, 38, 1, 0.71%, 31, 0, 8, 321.93
1700660793, 5, 147, 151, 39, 1, 0.71%, 31, 0, 8, 410.15
1700660961, 6, 8, 151, 35, 0, 0.71%, 31, 0, 8, 568.66
1700660966, 6, 83, 151, 34, 0, 0.71%, 31, 0, 8, 467.53
1700661089, 6, 85, 151, 33, 0, 0.71%, 31, 0, 8, 113.60
1700661791, 6, 91, 151, 32, 0, 0.71%, 31, 0, 8, 284.66
1700661796, 6, 126, 151, 32, 0, 0.71%, 31, 0, 8, 397.09
1700662039, 6, 139, 151, 31, 0, 0.71%, 31, 0, 8, 377.50
1700662131, 6, 139, 152, 32, 0, 0.71%, 31, 0, 8, 427.58
1700662390, 6, 143, 152, 31, 0, 0.71%, 31, 0, 8, 430.32
1700662487, 7, 24, 152, 29, 0, 0.71%, 31, 0, 8, 494.16
1700662492, 7, 32, 152, 29, 0, 0.71%, 31, 0, 8, 495.06
1700662502, 7, 64, 152, 28, 0, 0.71%, 31, 0, 8, 429.48
1700662726, 7, 88, 152, 27, 0, 0.71%, 31, 0, 8, 297.64
1700662731, 7, 110, 152, 27, 0, 0.71%, 31, 0, 8, 275.12
1700662736, 7, 113, 152, 27, 0, 0.71%, 31, 0, 8, 14.99
1700664720, 7, 116, 152, 26, 0, 0.71%, 31, 0, 8, 359.15
1700664807, 7, 133, 153, 26, 0, 0.71%, 31, 0, 8, 413.37
1700665071, 7, 135, 153, 25, 0, 0.71%, 31, 0, 8, 358.57
1700665361, 7, 145, 153, 24, 0, 0.71%, 31, 0, 8, 347.75
1700665366, 7, 149, 153, 24, 0, 0.71%, 31, 0, 8, 434.94
1700665462, 8, 20, 153, 22, 0, 0.71%, 31, 0, 8, 334.26
1700665478, 8, 58, 153, 21, 0, 0.71%, 31, 0, 8, 468.73
1700665610, 8, 75, 153, 20, 0, 0.71%, 31, 0, 8, 382.71
1700665769, 8, 77, 153, 19, 0, 0.71%, 31, 0, 8, 378.09
1700665926, 8, 106, 153, 18, 0, 0.71%, 31, 0, 8, 363.43
1700665932, 8, 150, 153, 18, 0, 0.71%, 31, 0, 8, 398.96
1700665942, 8, 150, 154, 19, 0, 0.71%, 31, 0, 9, 330.71
1700665962, 8, 150, 155, 20, 0, 0.71%, 31, 0, 9, 317.63
1700666358, 8, 151, 155, 19, 0, 0.71%, 31, 0, 9, 325.29
1700666663, 8, 151, 156, 20, 0, 0.71%, 31, 0, 9, 355.27
1700666674, 9, 39, 156, 19, 0, 0.71%, 31, 0, 9, 344.74
1700666679, 9, 105, 156, 19, 0, 0.71%, 31, 0, 9, 331.61
1700666684, 9, 130, 156, 19, 0, 0.71%, 31, 0, 9, 336.00
1700666689, 10, 156, 157, 20, 1, 0.71%, 33, 0, 9, 339.61
1700666770, 11, 150, 160, 22, 2, 0.73%, 33, 0, 9, 367.67
1700666775, 11, 158, 160, 22, 2, 0.73%, 33, 0, 9, 319.12
1700666780, 11, 158, 161, 23, 2, 0.73%, 33, 0, 9, 263.91
1700666786, 11, 158, 165, 27, 2, 0.73%, 33, 0, 9, 359.36
1700666791, 11, 158, 166, 28, 2, 0.73%, 33, 0, 9, 277.93
1700666821, 11, 158, 167, 29, 2, 0.73%, 33, 0, 9, 273.87
1700666846, 11, 158, 168, 30, 2, 0.73%, 33, 0, 9, 246.99
1700666887, 11, 158, 169, 31, 2, 0.73%, 33, 0, 9, 279.73
1700667136, 11, 161, 169, 30, 3, 0.73%, 33, 0, 9, 34.76
1700667152, 11, 161, 172, 33, 3, 0.73%, 33, 0, 9, 19.13
1700667270, 11, 161, 173, 34, 3, 0.73%, 33, 0, 9, 18.40
1700667290, 11, 161, 175, 36, 3, 0.73%, 33, 0, 9, 18.15
1700668568, 11, 161, 176, 37, 3, 0.73%, 33, 0, 9, 10.08
1700668702, 11, 161, 177, 38, 3, 0.73%, 33, 0, 9, 17.33
