# unix_time, cycles_done, cur_path, paths_total, pending_total, pending_favs, map_size, unique_crashes, unique_hangs, max_depth, execs_per_sec
1700779632, 0, 0, 1, 1, 1, 1.99%, 0, 0, 1, 3.39
1700779637, 0, 0, 4, 4, 1, 4.08%, 0, 0, 2, 18.10
1700779642, 0, 0, 7, 7, 1, 4.14%, 0, 0, 2, 26.78
1700779647, 0, 0, 15, 15, 1, 4.15%, 0, 0, 2, 28.06
1700779652, 0, 0, 22, 22, 1, 4.23%, 0, 0, 2, 28.67
1700779678, 0, 0, 24, 24, 1, 4.26%, 0, 0, 2, 19.98
1700779683, 0, 0, 27, 27, 1, 4.27%, 0, 0, 2, 28.86
1700779688, 0, 0, 29, 29, 1, 4.29%, 0, 0, 2, 29.28
1700779713, 0, 0, 32, 32, 1, 4.30%, 0, 0, 2, 17.81
1700779718, 0, 0, 34, 34, 1, 4.30%, 0, 0, 2, 24.97
1700779724, 0, 0, 37, 37, 1, 4.30%, 0, 0, 2, 29.11
1700779749, 0, 0, 38, 38, 1, 4.32%, 0, 0, 2, 29.20
1700779754, 0, 0, 40, 40, 1, 4.33%, 0, 0, 2, 24.99
1700779764, 0, 0, 41, 41, 1, 4.34%, 0, 0, 2, 16.59
1700779779, 0, 0, 42, 42, 1, 4.34%, 0, 0, 2, 25.25
1700779810, 0, 0, 48, 48, 1, 4.37%, 0, 0, 2, 30.93
1700779831, 0, 0, 49, 49, 1, 4.37%, 0, 0, 2, 28.59
1700779836, 0, 0, 55, 55, 1, 4.38%, 0, 0, 2, 28.74
1700780265, 0, 0, 56, 56, 1, 4.42%, 0, 0, 2, 28.93
1700780270, 0, 0, 62, 62, 1, 4.51%, 0, 0, 2, 17.77
1700780276, 0, 0, 65, 65, 1, 4.51%, 0, 0, 2, 25.19
1700780286, 0, 0, 66, 66, 1, 4.62%, 0, 0, 2, 27.93
1700780291, 0, 0, 71, 71, 1, 4.71%, 0, 0, 2, 17.84
1700780296, 0, 0, 73, 73, 1, 4.74%, 0, 0, 2, 15.54
1700780311, 0, 0, 74, 74, 1, 4.74%, 0, 0, 2, 31.41
1700780363, 0, 0, 81, 81, 1, 4.80%, 0, 0, 2, 18.75
1700780368, 0, 0, 82, 82, 1, 4.82%, 0, 0, 2, 17.38
1700780373, 0, 0, 85, 85, 1, 4.83%, 0, 0, 2, 14.88
1700780501, 0, 0, 88, 88, 1, 4.87%, 0, 0, 2, 20.65
1700780506, 0, 0, 95, 95, 1, 5.07%, 0, 0, 2, 14.28
1700780511, 0, 0, 102, 102, 1, 5.17%, 0, 0, 2, 12.58
1700780516, 0, 0, 107, 107, 1, 5.18%, 0, 0, 2, 11.50
1700780522, 0, 0, 114, 114, 1, 5.20%, 0, 0, 2, 12.42
1700780527, 0, 0, 122, 122, 1, 5.27%, 0, 0, 2, 15.17
1700780532, 0, 0, 128, 128, 1, 5.32%, 0, 0, 2, 14.17
1700780537, 0, 0, 133, 133, 1, 5.35%, 0, 0, 2, 13.99
1700780542, 0, 0, 138, 138, 1, 5.35%, 0, 0, 2, 13.39
1700780547, 0, 0, 144, 144, 1, 5.38%, 0, 0, 2, 12.82
1700780552, 0, 0, 149, 149, 1, 5.39%, 0, 0, 2, 14.85
1700780557, 0, 0, 154, 154, 1, 5.40%, 0, 0, 2, 12.42
1700780563, 0, 0, 159, 159, 1, 5.42%, 0, 0, 2, 14.91
1700780568, 0, 0, 163, 163, 1, 5.48%, 0, 0, 2, 13.41
1700780573, 0, 0, 166, 166, 1, 5.49%, 0, 0, 2, 14.93
1700780578, 0, 0, 170, 170, 1, 5.54%, 0, 0, 2, 15.93
1700780583, 0, 0, 173, 173, 1, 5.55%, 0, 0, 2, 16.58
1700780588, 0, 0, 177, 177, 1, 5.57%, 0, 0, 2, 14.48
1700780593, 0, 0, 182, 182, 1, 5.59%, 0, 0, 2, 13.73
1700780598, 0, 0, 185, 185, 1, 5.59%, 0, 0, 2, 14.80
1700780604, 0, 0, 190, 190, 1, 5.68%, 0, 0, 2, 15.75
1700780609, 0, 0, 194, 194, 1, 5.69%, 0, 0, 2, 14.58
1700780614, 0, 0, 198, 198, 1, 5.69%, 0, 0, 2, 14.17
1700780619, 0, 0, 199, 199, 1, 5.70%, 0, 0, 2, 15.00
1700780624, 0, 0, 200, 200, 1, 5.70%, 0, 0, 2, 15.83
1700780629, 0, 0, 203, 203, 1, 5.72%, 0, 0, 2, 16.92
1700780634, 0, 0, 205, 205, 1, 5.72%, 0, 0, 2, 16.15
1700780640, 0, 0, 207, 207, 1, 5.85%, 0, 0, 2, 16.10
1700780645, 0, 0, 211, 211, 1, 5.85%, 0, 0, 2, 13.78
1700780650, 0, 0, 213, 213, 1, 5.86%, 0, 0, 2, 15.25
1700780655, 0, 0, 217, 217, 1, 5.86%, 0, 0, 2, 12.67
1700780660, 0, 0, 221, 221, 1, 5.86%, 0, 0, 2, 14.13
1700780665, 0, 0, 223, 223, 1, 5.87%, 0, 0, 2, 15.75
1700780670, 0, 0, 224, 224, 1, 5.88%, 0, 0, 2, 16.28
1700780675, 0, 0, 227, 227, 1, 5.88%, 0, 0, 2, 15.44
1700780681, 0, 0, 229, 229, 1, 5.88%, 0, 0, 2, 16.15
1700780686, 0, 0, 231, 231, 1, 5.88%, 0, 0, 2, 16.71
1700780691, 0, 0, 232, 232, 1, 5.88%, 0, 0, 2, 17.15
1700780696, 0, 0, 233, 233, 1, 5.88%, 0, 0, 2, 17.60
1700780701, 0, 0, 236, 236, 1, 5.89%, 0, 0, 2, 17.14
1700780711, 0, 0, 237, 237, 1, 5.89%, 0, 0, 2, 16.20
1700780716, 0, 0, 240, 240, 1, 5.91%, 0, 0, 2, 15.03
1700780722, 0, 0, 242, 242, 1, 5.92%, 0, 0, 2, 17.26
1700780727, 0, 0, 244, 244, 1, 5.92%, 0, 0, 2, 17.77
1700780732, 0, 0, 245, 245, 1, 5.92%, 0, 0, 2, 18.25
1700780737, 0, 0, 248, 248, 1, 5.92%, 0, 0, 2, 17.49
1700780742, 0, 0, 249, 249, 1, 5.92%, 0, 0, 2, 16.42
1700780747, 0, 0, 251, 251, 1, 5.92%, 0, 0, 2, 16.23
1700780752, 0, 0, 253, 253, 1, 5.99%, 0, 0, 2, 14.50
1700780763, 0, 0, 254, 254, 1, 5.99%, 0, 0, 2, 17.49
1700780768, 0, 0, 255, 255, 1, 5.99%, 0, 0, 2, 16.84
1700780773, 0, 0, 259, 259, 1, 6.01%, 0, 0, 2, 18.28
1700780788, 0, 0, 260, 260, 1, 6.03%, 0, 0, 2, 16.65
1700780793, 0, 0, 261, 261, 1, 6.03%, 0, 0, 2, 16.28
1700780798, 0, 0, 262, 262, 1, 6.03%, 0, 0, 2, 15.44
1700780809, 0, 4, 263, 262, 103, 6.03%, 0, 0, 2, 31.43
1700780988, 0, 8, 263, 261, 102, 6.03%, 0, 0, 2, 18.51
1700780993, 0, 8, 264, 262, 102, 6.03%, 0, 0, 3, 27.86
1700781147, 0, 8, 265, 263, 102, 6.09%, 0, 0, 3, 15.97
1700781183, 0, 8, 266, 264, 102, 6.12%, 0, 0, 3, 19.33
1700781188, 0, 8, 267, 265, 102, 6.13%, 0, 0, 3, 14.79
1700781194, 0, 8, 268, 266, 102, 6.13%, 0, 0, 3, 13.05
1700781209, 0, 8, 269, 267, 102, 6.14%, 0, 0, 3, 11.87
1700781214, 0, 8, 271, 269, 102, 6.14%, 0, 0, 3, 12.04
1700781224, 0, 8, 273, 271, 102, 6.14%, 0, 0, 3, 11.86
1700781229, 0, 8, 274, 272, 102, 6.14%, 0, 0, 3, 11.72
1700781234, 0, 8, 275, 273, 102, 6.14%, 0, 0, 3, 13.00
1700781250, 0, 8, 276, 274, 102, 6.14%, 0, 0, 3, 12.65
1700781260, 0, 8, 277, 275, 102, 6.14%, 0, 0, 3, 12.07
1700781291, 0, 8, 278, 276, 102, 6.14%, 0, 0, 3, 12.40
1700781296, 0, 8, 279, 277, 102, 6.15%, 0, 0, 3, 13.03
1700781301, 0, 8, 280, 278, 102, 6.15%, 0, 0, 3, 12.43
1700781306, 0, 8, 281, 279, 102, 6.15%, 0, 0, 3, 12.87
1700781321, 0, 8, 284, 282, 102, 6.16%, 0, 0, 3, 12.89
1700781347, 0, 8, 286, 284, 102, 6.16%, 0, 0, 3, 11.80
1700781362, 0, 8, 287, 285, 102, 6.16%, 0, 0, 3, 15.00
1700781382, 0, 8, 288, 286, 102, 6.16%, 0, 0, 3, 12.78
1700781388, 0, 10, 288, 285, 110, 6.16%, 0, 0, 3, 17.43
1700781459, 0, 10, 289, 286, 110, 6.20%, 0, 0, 3, 30.33
1700781990, 0, 10, 290, 287, 110, 6.21%, 0, 0, 3, 28.28
1700782184, 0, 10, 293, 290, 110, 6.21%, 0, 0, 3, 20.72
1700782190, 0, 10, 294, 291, 110, 6.21%, 0, 0, 3, 18.98
1700782195, 0, 10, 295, 292, 110, 6.21%, 0, 0, 3, 18.33
1700782210, 0, 10, 297, 294, 110, 6.21%, 0, 0, 3, 18.10
1700782215, 0, 10, 298, 295, 110, 6.21%, 0, 0, 3, 17.83
1700782220, 0, 10, 299, 296, 110, 6.21%, 0, 0, 3, 17.15
1700782230, 0, 10, 300, 297, 110, 6.21%, 0, 0, 3, 18.17
1700782246, 0, 10, 302, 299, 110, 6.22%, 0, 0, 3, 16.68
1700782256, 0, 10, 303, 300, 110, 6.22%, 0, 0, 3, 16.76
1700782261, 0, 10, 304, 301, 110, 6.22%, 0, 0, 3, 18.83
1700782266, 0, 10, 305, 302, 110, 6.22%, 0, 0, 3, 17.23
1700782271, 0, 10, 306, 303, 110, 6.24%, 0, 0, 3, 17.03
1700782276, 0, 10, 307, 304, 110, 6.25%, 0, 0, 3, 19.19
1700782287, 0, 10, 309, 306, 110, 6.25%, 0, 0, 3, 18.71
1700782297, 0, 10, 310, 307, 110, 6.26%, 0, 0, 3, 18.46
1700782302, 0, 10, 311, 308, 110, 6.26%, 0, 0, 3, 19.19
1700782312, 0, 10, 312, 309, 110, 6.26%, 0, 0, 3, 17.96
1700782317, 0, 10, 314, 311, 110, 6.27%, 0, 0, 3, 18.88
1700782322, 0, 10, 315, 312, 110, 6.27%, 0, 0, 3, 18.71
1700782327, 0, 12, 316, 312, 115, 6.27%, 0, 0, 3, 16.30
1700782527, 0, 13, 316, 311, 114, 6.27%, 0, 0, 3, 20.15
1700783314, 0, 13, 317, 312, 114, 6.27%, 0, 0, 3, 18.50
1700783319, 0, 13, 319, 314, 114, 6.27%, 0, 0, 3, 16.81
1700783324, 0, 13, 320, 315, 114, 6.27%, 0, 0, 3, 16.61
1700783330, 0, 13, 321, 316, 114, 6.27%, 0, 0, 3, 19.85
1700783340, 0, 13, 322, 317, 114, 6.33%, 0, 0, 3, 19.69
1700783345, 0, 13, 324, 319, 114, 6.34%, 0, 0, 3, 18.51
1700783355, 0, 13, 326, 321, 114, 6.34%, 0, 0, 3, 17.84
1700783365, 0, 13, 327, 322, 114, 6.34%, 0, 0, 3, 18.83
1700783375, 0, 13, 328, 323, 114, 6.34%, 0, 0, 3, 18.93
1700783381, 0, 13, 329, 324, 114, 6.34%, 0, 0, 3, 18.66
1700783391, 0, 13, 330, 325, 114, 6.34%, 0, 0, 3, 19.37
1700783396, 0, 13, 332, 327, 114, 6.34%, 0, 0, 3, 17.93
1700783417, 0, 13, 334, 329, 114, 6.35%, 0, 0, 3, 17.35
1700783427, 0, 13, 335, 330, 114, 6.35%, 0, 0, 3, 18.41
1700783432, 0, 13, 336, 331, 114, 6.36%, 0, 0, 3, 17.69
1700783437, 0, 13, 337, 332, 114, 6.36%, 0, 0, 3, 17.06
1700783453, 0, 16, 337, 331, 115, 6.36%, 0, 0, 3, 20.57
1700783540, 0, 16, 338, 332, 115, 6.36%, 0, 0, 3, 27.16
1700783565, 0, 16, 340, 334, 115, 6.36%, 0, 0, 3, 35.03
1700783910, 0, 16, 341, 335, 115, 6.36%, 0, 0, 3, 22.08
1700783987, 0, 16, 342, 336, 115, 6.36%, 0, 0, 3, 18.30
1700783992, 0, 16, 343, 337, 115, 6.36%, 0, 0, 3, 16.89
1700783997, 0, 16, 344, 338, 115, 6.36%, 0, 0, 3, 17.37
1700784018, 0, 16, 345, 339, 115, 6.36%, 0, 0, 3, 18.09
1700784033, 0, 16, 346, 340, 115, 6.36%, 0, 0, 3, 16.35
1700784043, 0, 16, 348, 342, 115, 6.37%, 0, 0, 3, 16.62
1700784069, 0, 16, 349, 343, 115, 6.37%, 0, 0, 3, 17.82
1700784105, 0, 16, 350, 344, 115, 6.37%, 0, 0, 3, 17.29
1700784115, 0, 16, 351, 345, 115, 6.37%, 0, 0, 3, 16.72
1700784130, 0, 24, 351, 344, 118, 6.37%, 0, 0, 3, 19.60
1700784141, 0, 24, 352, 345, 118, 6.38%, 0, 0, 3, 29.48
1700784146, 0, 24, 354, 347, 118, 6.38%, 0, 0, 3, 30.91
1700784283, 0, 24, 356, 349, 118, 6.39%, 0, 0, 3, 34.09
1700784917, 0, 24, 358, 351, 118, 6.39%, 0, 0, 3, 23.29
1700784927, 0, 24, 359, 352, 118, 6.39%, 0, 0, 3, 18.28
1700784932, 0, 24, 360, 353, 118, 6.39%, 0, 0, 3, 18.18
1700784958, 0, 24, 361, 354, 118, 6.39%, 0, 0, 3, 17.91
1700784963, 0, 24, 362, 355, 118, 6.39%, 0, 0, 3, 17.84
1700784968, 0, 24, 363, 356, 118, 6.39%, 0, 0, 3, 20.13
1700784973, 0, 24, 364, 357, 118, 6.39%, 0, 0, 3, 18.10
1700784978, 0, 24, 365, 358, 118, 6.39%, 0, 0, 3, 16.76
1700784983, 0, 24, 366, 359, 118, 6.39%, 0, 0, 3, 17.58
1700784988, 0, 24, 367, 360, 118, 6.39%, 0, 0, 3, 17.16
1700785003, 0, 24, 369, 362, 118, 6.40%, 0, 0, 3, 19.66
1700785034, 0, 24, 370, 363, 118, 6.40%, 0, 0, 3, 17.98
1700785040, 0, 24, 371, 364, 118, 6.40%, 0, 0, 3, 17.33
1700785050, 0, 24, 372, 365, 118, 6.40%, 0, 0, 3, 18.03
1700785055, 0, 37, 372, 364, 121, 6.40%, 0, 0, 3, 21.57
1700785096, 0, 37, 373, 365, 121, 6.40%, 0, 0, 3, 31.89
1700785204, 0, 37, 374, 366, 121, 6.41%, 0, 0, 3, 35.49
1700785224, 0, 37, 376, 368, 121, 6.42%, 0, 0, 3, 31.23
1700785408, 0, 37, 378, 370, 121, 6.43%, 0, 0, 3, 33.68
1700785842, 0, 44, 378, 369, 125, 6.43%, 0, 0, 3, 19.70
1700785847, 0, 44, 379, 370, 125, 6.43%, 0, 0, 3, 29.94
1700785877, 0, 44, 380, 371, 125, 6.63%, 0, 0, 3, 29.62
1700785882, 0, 44, 381, 372, 125, 6.63%, 0, 0, 3, 30.61
1700785913, 0, 44, 382, 373, 125, 6.65%, 0, 0, 3, 31.35
1700786010, 0, 44, 384, 375, 125, 6.66%, 0, 0, 3, 30.20
1700786420, 0, 44, 385, 376, 125, 6.66%, 0, 0, 3, 30.47
1700786614, 0, 44, 386, 377, 125, 6.67%, 0, 0, 3, 22.11
1700786629, 0, 44, 387, 378, 125, 6.67%, 0, 0, 3, 18.77
1700786645, 0, 45, 387, 377, 132, 6.67%, 0, 0, 3, 20.80
1700786686, 0, 45, 388, 378, 132, 6.68%, 0, 0, 3, 30.91
1700786712, 0, 45, 389, 379, 132, 6.70%, 0, 0, 3, 30.80
1700786794, 0, 45, 390, 380, 132, 6.73%, 0, 0, 3, 33.69
1700786814, 0, 45, 391, 381, 132, 6.73%, 0, 0, 3, 31.89
1700787418, 0, 45, 392, 382, 132, 6.73%, 0, 0, 3, 25.35
1700787428, 0, 46, 392, 381, 135, 6.73%, 0, 0, 3, 21.46
1700787597, 0, 46, 393, 382, 135, 6.73%, 0, 0, 3, 30.78
1700788214, 0, 63, 393, 381, 135, 6.73%, 0, 0, 3, 20.86
1700788260, 0, 63, 394, 382, 135, 6.73%, 0, 0, 3, 30.51
1700788367, 0, 63, 396, 384, 135, 6.75%, 0, 0, 3, 30.38
1700788995, 0, 63, 397, 385, 135, 6.86%, 0, 0, 3, 22.12
1700789006, 0, 72, 397, 384, 138, 6.86%, 0, 0, 3, 16.46
1700790550, 0, 74, 397, 383, 137, 6.86%, 0, 0, 3, 15.14
1700790555, 0, 74, 398, 384, 137, 6.87%, 0, 0, 3, 17.26
1700790602, 0, 74, 400, 386, 137, 6.87%, 0, 0, 3, 17.12
1700790719, 0, 74, 401, 387, 137, 6.87%, 0, 0, 3, 15.47
1700791042, 0, 74, 402, 388, 137, 6.91%, 0, 0, 3, 19.62
1700791808, 0, 77, 402, 387, 139, 6.91%, 0, 0, 3, 15.04
1700791813, 0, 77, 403, 388, 139, 6.91%, 0, 0, 3, 15.74
1700792033, 0, 77, 404, 389, 139, 6.93%, 0, 0, 3, 16.41
1700792038, 0, 77, 405, 390, 139, 6.93%, 0, 0, 3, 18.94
1700793198, 0, 77, 406, 391, 139, 6.93%, 0, 0, 3, 19.12
1700793439, 0, 77, 407, 392, 139, 6.93%, 0, 0, 3, 14.59
1700793449, 0, 77, 408, 393, 139, 6.93%, 0, 0, 3, 13.61
1700793469, 0, 78, 408, 392, 143, 6.93%, 0, 0, 3, 17.62
1700793474, 0, 78, 410, 394, 143, 6.95%, 0, 0, 3, 25.62
1700793479, 0, 78, 411, 395, 143, 6.95%, 0, 0, 3, 26.99
1700793505, 0, 78, 412, 396, 143, 6.95%, 0, 0, 3, 25.53
1700793551, 0, 78, 413, 397, 143, 6.95%, 0, 0, 3, 23.80
1700793821, 0, 78, 414, 398, 143, 6.95%, 0, 0, 3, 29.24
1700794403, 0, 78, 416, 400, 143, 6.97%, 0, 0, 3, 17.41
1700794414, 0, 78, 417, 401, 143, 6.97%, 0, 0, 3, 14.97
1700794434, 0, 78, 418, 402, 143, 6.97%, 0, 0, 3, 15.94
1700794439, 0, 78, 419, 403, 143, 6.97%, 0, 0, 3, 14.97
1700794444, 0, 78, 420, 404, 143, 6.97%, 0, 0, 3, 15.10
1700794455, 0, 78, 422, 406, 143, 6.97%, 0, 0, 3, 14.74
1700794465, 0, 78, 423, 407, 143, 6.97%, 0, 0, 3, 14.27
1700794470, 0, 78, 424, 408, 143, 6.97%, 0, 0, 3, 14.09
1700794475, 0, 78, 425, 409, 143, 6.97%, 0, 0, 3, 14.85
1700794485, 0, 78, 426, 410, 143, 6.98%, 0, 0, 3, 14.66
1700794521, 0, 78, 427, 411, 143, 6.98%, 0, 0, 3, 14.36
1700794537, 0, 78, 428, 412, 143, 6.98%, 0, 0, 3, 14.96
1700794552, 0, 78, 429, 413, 143, 6.98%, 0, 0, 3, 15.76
1700794568, 0, 78, 430, 414, 143, 6.98%, 0, 0, 3, 15.79
1700794583, 0, 78, 432, 416, 143, 6.98%, 0, 0, 3, 16.32
1700794593, 0, 78, 433, 417, 143, 6.98%, 0, 0, 3, 14.71
1700794624, 0, 78, 434, 418, 143, 6.98%, 0, 0, 3, 14.58
1700794629, 0, 79, 434, 417, 148, 6.98%, 0, 0, 3, 13.81
1700794854, 0, 79, 435, 418, 148, 6.99%, 0, 0, 3, 18.71
1700796277, 0, 80, 435, 417, 148, 6.99%, 0, 0, 3, 13.59
1700796282, 0, 80, 436, 418, 148, 6.99%, 0, 0, 3, 14.98
1700797863, 0, 80, 437, 419, 148, 6.99%, 0, 0, 3, 14.47
1700797873, 0, 81, 437, 418, 147, 6.99%, 0, 0, 3, 14.32
1700799231, 0, 81, 439, 420, 147, 7.00%, 0, 0, 3, 15.23
1700799430, 0, 93, 440, 420, 148, 7.00%, 0, 0, 3, 12.46
1700799744, 0, 119, 440, 419, 148, 7.00%, 0, 0, 3, 14.72
1700799851, 0, 119, 441, 420, 148, 7.00%, 0, 0, 3, 17.24
1700800662, 0, 120, 441, 419, 148, 7.00%, 0, 0, 3, 17.65
1700800963, 0, 121, 441, 418, 146, 7.00%, 0, 0, 3, 12.43
1700801081, 0, 131, 441, 417, 145, 7.00%, 0, 0, 3, 14.69
1700801178, 0, 131, 442, 418, 145, 7.00%, 0, 0, 3, 36.33
1700801434, 0, 132, 442, 417, 144, 7.00%, 0, 0, 3, 18.80
1700801557, 0, 132, 443, 418, 144, 7.00%, 0, 0, 3, 15.14
1700801572, 0, 132, 444, 419, 144, 7.01%, 0, 0, 3, 15.75
1700801844, 0, 132, 445, 420, 144, 7.01%, 0, 0, 3, 16.15
1700802417, 0, 140, 445, 419, 146, 7.01%, 0, 0, 3, 12.82
1700802550, 0, 140, 446, 420, 146, 7.01%, 0, 0, 3, 11.25
1700802606, 0, 142, 446, 419, 145, 7.01%, 0, 0, 3, 11.57
1700802961, 0, 142, 447, 420, 145, 7.01%, 0, 0, 3, 11.82
1700802971, 0, 144, 447, 419, 144, 7.01%, 0, 0, 3, 11.76
1700803023, 0, 144, 448, 420, 144, 7.01%, 0, 0, 3, 11.49
1700803120, 0, 144, 449, 421, 144, 7.02%, 0, 0, 3, 11.76
1700803305, 0, 147, 449, 420, 143, 7.02%, 0, 0, 3, 18.56
1700803816, 0, 147, 450, 421, 143, 7.05%, 0, 0, 3, 24.98
1700803847, 0, 147, 451, 422, 143, 7.06%, 0, 0, 3, 15.25
1700803908, 0, 147, 452, 423, 143, 7.12%, 0, 0, 3, 16.51
1700803918, 0, 150, 452, 422, 145, 7.12%, 0, 0, 3, 12.74
1700803939, 0, 150, 453, 423, 145, 7.12%, 0, 0, 3, 11.74
1700803949, 0, 152, 453, 422, 144, 7.12%, 0, 0, 3, 11.88
1700804518, 0, 154, 453, 421, 143, 7.12%, 0, 0, 3, 12.15
1700804835, 0, 154, 454, 422, 143, 7.12%, 0, 0, 3, 13.04
1700806384, 0, 154, 455, 423, 143, 7.12%, 0, 0, 3, 13.11
1700806400, 0, 156, 455, 422, 143, 7.12%, 0, 0, 3, 13.24
1700807566, 0, 160, 455, 421, 142, 7.12%, 0, 0, 3, 14.13
1700807582, 0, 160, 456, 422, 142, 7.12%, 0, 0, 3, 11.53
1700807587, 0, 160, 457, 423, 142, 7.12%, 0, 0, 3, 11.86
1700807597, 0, 160, 458, 424, 142, 7.12%, 0, 0, 3, 11.90
1700807602, 0, 160, 459, 425, 142, 7.12%, 0, 0, 3, 12.13
1700807613, 0, 160, 460, 426, 142, 7.12%, 0, 0, 3, 12.04
1700807618, 0, 160, 461, 427, 142, 7.12%, 0, 0, 3, 11.79
1700807628, 0, 160, 462, 428, 142, 7.12%, 0, 0, 3, 12.23
1700807638, 0, 160, 463, 429, 142, 7.12%, 0, 0, 3, 11.91
1700807654, 0, 160, 464, 430, 142, 7.12%, 0, 0, 3, 11.94
1700807669, 0, 160, 465, 431, 142, 7.12%, 0, 0, 3, 12.10
1700807674, 0, 160, 466, 432, 142, 7.12%, 0, 0, 3, 12.46
1700807690, 0, 160, 467, 433, 142, 7.12%, 0, 0, 3, 11.66
1700807695, 0, 160, 468, 434, 142, 7.12%, 0, 0, 3, 12.38
1700807731, 0, 160, 469, 435, 142, 7.13%, 0, 0, 3, 11.88
1700807756, 0, 160, 470, 436, 142, 7.13%, 0, 0, 3, 11.91
1700807791, 0, 161, 470, 435, 143, 7.13%, 0, 0, 3, 11.81
1700808053, 0, 161, 471, 436, 143, 7.13%, 0, 0, 3, 11.89
1700808059, 0, 161, 472, 437, 143, 7.14%, 0, 0, 3, 11.90
1700808064, 0, 161, 473, 438, 143, 7.14%, 0, 0, 3, 11.98
1700808090, 0, 161, 474, 439, 143, 7.14%, 0, 0, 3, 12.53
1700808095, 0, 161, 475, 440, 143, 7.14%, 0, 0, 3, 12.11
1700808110, 0, 161, 476, 441, 143, 7.15%, 0, 0, 3, 12.94
1700808177, 0, 161, 477, 442, 143, 7.15%, 0, 0, 3, 11.79
1700808218, 0, 161, 478, 443, 143, 7.15%, 0, 0, 3, 12.13
1700808223, 0, 161, 479, 444, 143, 7.15%, 0, 0, 3, 11.69
1700808259, 0, 168, 479, 443, 144, 7.15%, 0, 0, 3, 11.46
1700808408, 0, 171, 479, 442, 143, 7.15%, 0, 0, 3, 11.96
1700809564, 0, 174, 479, 441, 142, 7.15%, 0, 0, 3, 12.31
1700809773, 0, 174, 480, 442, 142, 7.15%, 0, 0, 3, 15.25
1700810686, 0, 174, 481, 443, 142, 7.16%, 0, 0, 3, 16.80
1700811061, 0, 174, 482, 444, 142, 7.16%, 0, 0, 3, 13.68
1700811072, 0, 180, 482, 443, 144, 7.16%, 0, 0, 3, 13.51
1700811077, 0, 180, 483, 444, 144, 7.16%, 0, 0, 3, 11.65
1700811322, 0, 181, 483, 443, 144, 7.16%, 0, 0, 3, 11.34
1700811333, 0, 184, 483, 442, 143, 7.16%, 0, 0, 3, 11.70
1700811338, 0, 184, 484, 443, 143, 7.16%, 0, 0, 3, 11.19
1700811543, 0, 187, 484, 442, 143, 7.16%, 0, 0, 3, 12.31
1700812428, 0, 188, 484, 441, 142, 7.16%, 0, 0, 3, 19.79
1700812433, 0, 188, 486, 443, 142, 7.16%, 0, 0, 3, 23.48
1700812535, 0, 188, 487, 444, 142, 7.20%, 0, 0, 3, 25.21
1700812561, 0, 188, 488, 445, 142, 7.20%, 0, 0, 3, 26.59
1700813280, 0, 192, 488, 444, 141, 7.20%, 0, 0, 3, 19.73
1700813414, 0, 192, 489, 445, 141, 7.20%, 0, 0, 3, 11.63
1700813419, 0, 192, 490, 446, 141, 7.21%, 0, 0, 3, 11.92
1700813429, 0, 192, 491, 447, 141, 7.21%, 0, 0, 3, 11.94
1700813721, 0, 192, 492, 448, 141, 7.21%, 0, 0, 3, 11.99
1700813726, 0, 192, 493, 449, 141, 7.21%, 0, 0, 3, 11.98
1700813772, 0, 192, 494, 450, 141, 7.21%, 0, 0, 3, 12.04
1700814073, 0, 198, 494, 449, 143, 7.21%, 0, 0, 3, 12.00
1700814186, 0, 201, 494, 448, 142, 7.21%, 0, 0, 3, 11.59
1700814197, 0, 207, 494, 447, 141, 7.21%, 0, 0, 3, 12.13
1700815241, 0, 207, 495, 448, 141, 7.21%, 0, 0, 3, 13.21
1700815936, 0, 207, 496, 449, 141, 7.21%, 0, 0, 3, 13.08
1700815941, 0, 210, 496, 448, 141, 7.21%, 0, 0, 3, 13.17
1700817514, 0, 215, 496, 447, 140, 7.21%, 0, 0, 3, 12.26
1700817519, 0, 215, 498, 449, 140, 7.22%, 0, 0, 3, 12.76
1700819064, 0, 233, 498, 448, 141, 7.22%, 0, 0, 3, 14.07
1700819074, 0, 233, 499, 449, 141, 7.22%, 0, 0, 3, 14.59
1700819156, 0, 233, 500, 450, 141, 7.22%, 0, 0, 3, 14.50
1700819714, 0, 233, 501, 451, 141, 7.22%, 0, 0, 3, 14.08
1700819786, 0, 236, 501, 450, 141, 7.22%, 0, 0, 3, 12.25
1700819812, 0, 237, 501, 449, 140, 7.22%, 0, 0, 3, 11.31
1700819960, 0, 237, 502, 450, 140, 7.22%, 0, 0, 3, 12.04
1700819981, 0, 239, 502, 449, 139, 7.22%, 0, 0, 3, 12.04
1700819997, 0, 241, 502, 448, 138, 7.22%, 0, 0, 3, 17.56
1700820345, 0, 244, 502, 447, 137, 7.22%, 0, 0, 3, 19.06
1700820375, 0, 244, 503, 448, 137, 7.23%, 0, 0, 3, 33.91
1700820386, 0, 244, 504, 449, 137, 7.23%, 0, 0, 3, 28.53
1700820503, 0, 244, 505, 450, 137, 7.23%, 0, 0, 3, 37.68
1700820663, 0, 244, 506, 451, 137, 7.23%, 0, 0, 3, 18.20
1700820673, 0, 246, 506, 450, 138, 7.23%, 0, 0, 3, 13.12
1700820719, 0, 246, 507, 451, 138, 7.23%, 0, 0, 3, 11.60
1700820729, 0, 247, 507, 450, 138, 7.23%, 0, 0, 3, 11.06
1700820805, 0, 251, 507, 449, 137, 7.23%, 0, 0, 3, 11.74
1700820831, 0, 251, 508, 450, 137, 7.24%, 0, 0, 3, 11.43
1700821067, 0, 251, 509, 451, 137, 7.24%, 0, 0, 3, 11.83
1700821077, 0, 252, 509, 450, 138, 7.24%, 0, 0, 3, 11.62
1700821092, 0, 254, 509, 449, 137, 7.24%, 0, 0, 3, 14.34
1700821773, 0, 254, 510, 450, 137, 7.24%, 0, 0, 3, 15.78
1700822768, 0, 254, 511, 451, 137, 7.24%, 0, 0, 3, 15.14
1700822778, 0, 254, 512, 452, 137, 7.24%, 0, 0, 3, 14.53
1700822794, 0, 254, 513, 453, 137, 7.24%, 0, 0, 3, 14.78
1700822804, 0, 254, 514, 454, 137, 7.24%, 0, 0, 3, 15.51
1700822845, 0, 254, 515, 455, 137, 7.24%, 0, 0, 3, 15.33
1700822865, 0, 254, 516, 456, 137, 7.24%, 0, 0, 3, 14.94
1700822916, 0, 254, 517, 457, 137, 7.24%, 0, 0, 3, 15.23
1700822983, 0, 254, 518, 458, 137, 7.24%, 0, 0, 3, 15.53
1700822988, 0, 255, 518, 457, 137, 7.24%, 0, 0, 3, 20.85
1700823549, 0, 256, 518, 456, 136, 7.24%, 0, 0, 3, 15.88
1700823600, 0, 256, 519, 457, 136, 7.24%, 0, 0, 3, 12.22
1700823605, 0, 256, 520, 458, 136, 7.24%, 0, 0, 3, 12.50
1700823625, 0, 261, 520, 457, 135, 7.24%, 0, 0, 3, 13.01
1700824557, 0, 262, 520, 456, 134, 7.24%, 0, 0, 3, 13.94
1700825171, 0, 263, 520, 455, 133, 7.24%, 0, 0, 3, 25.90
1700825346, 0, 264, 520, 454, 132, 7.24%, 0, 0, 3, 16.65
1700825422, 0, 264, 521, 455, 132, 7.24%, 0, 0, 4, 18.04
1700825551, 0, 267, 521, 454, 130, 7.24%, 0, 0, 4, 13.52
1700825673, 0, 267, 522, 455, 130, 7.24%, 0, 0, 4, 12.43
1700825867, 0, 267, 523, 456, 130, 7.24%, 0, 0, 4, 12.41
1700825934, 0, 267, 524, 457, 130, 7.26%, 0, 0, 4, 12.71
1700825964, 0, 268, 524, 456, 132, 7.26%, 0, 0, 4, 12.79
1700826082, 0, 268, 525, 457, 132, 7.27%, 0, 0, 4, 12.79
1700826092, 0, 275, 525, 456, 132, 7.27%, 0, 0, 4, 12.81
1700826112, 0, 279, 525, 455, 131, 7.27%, 0, 0, 4, 12.63
1700826209, 0, 279, 526, 456, 131, 7.27%, 0, 0, 4, 12.36
1700826629, 0, 281, 526, 455, 131, 7.27%, 0, 0, 4, 12.26
1700826644, 0, 285, 526, 454, 130, 7.27%, 0, 0, 4, 12.53
1700826741, 0, 285, 527, 455, 130, 7.28%, 0, 0, 4, 12.20
1700826828, 0, 285, 530, 458, 130, 7.28%, 0, 0, 4, 12.33
1700826992, 0, 285, 531, 459, 130, 7.28%, 0, 0, 4, 11.75
1700827002, 0, 285, 532, 460, 130, 7.28%, 0, 0, 4, 11.93
1700827007, 0, 285, 533, 461, 130, 7.28%, 0, 0, 4, 11.68
1700827022, 0, 285, 534, 462, 130, 7.28%, 0, 0, 4, 12.15
1700827093, 0, 286, 534, 461, 130, 7.28%, 0, 0, 4, 15.74
1700827175, 0, 286, 535, 462, 130, 7.28%, 0, 0, 4, 36.32
1700827395, 0, 288, 535, 461, 130, 7.28%, 0, 0, 4, 21.09
1700827405, 0, 288, 539, 465, 130, 7.31%, 0, 0, 4, 33.98
1700827430, 0, 288, 542, 468, 130, 7.34%, 0, 0, 4, 33.82
1700827436, 0, 288, 544, 470, 130, 7.35%, 0, 0, 4, 34.07
1700827543, 0, 288, 545, 471, 130, 7.35%, 0, 0, 4, 35.99
1700827548, 0, 288, 547, 473, 130, 7.36%, 0, 0, 4, 37.06
1700827559, 0, 288, 548, 474, 130, 7.36%, 0, 0, 4, 34.12
1700827564, 0, 288, 549, 475, 130, 7.36%, 0, 0, 4, 34.47
1700827912, 0, 288, 550, 476, 130, 7.36%, 0, 0, 4, 33.33
1700828091, 0, 288, 551, 477, 130, 7.37%, 0, 0, 4, 23.62
1700828096, 0, 296, 551, 476, 142, 7.37%, 0, 0, 4, 18.60
1700828280, 0, 296, 552, 477, 142, 7.38%, 0, 0, 4, 12.51
1700828331, 0, 296, 553, 478, 142, 7.38%, 0, 0, 4, 13.24
1700828341, 0, 303, 553, 477, 142, 7.38%, 0, 0, 4, 12.61
1700828362, 0, 304, 553, 476, 141, 7.38%, 0, 0, 4, 12.71
1700828424, 0, 305, 553, 475, 140, 7.38%, 0, 0, 4, 15.65
1700828429, 0, 305, 554, 476, 140, 7.38%, 0, 0, 4, 25.65
1700828506, 0, 305, 555, 477, 140, 7.38%, 0, 0, 4, 35.39
1700828710, 0, 309, 555, 476, 140, 7.38%, 0, 0, 4, 19.43
1700828715, 0, 309, 556, 477, 140, 7.38%, 0, 0, 4, 26.72
1700828822, 0, 309, 559, 480, 140, 7.38%, 0, 0, 4, 31.32
1700829453, 0, 313, 559, 479, 140, 7.38%, 0, 0, 4, 17.65
1700829469, 0, 313, 560, 480, 140, 7.38%, 0, 0, 4, 16.50
1700829474, 0, 313, 562, 482, 140, 7.38%, 0, 0, 4, 16.33
1700829520, 0, 313, 563, 483, 140, 7.38%, 0, 0, 4, 16.26
1700829541, 0, 313, 565, 485, 140, 7.52%, 0, 0, 4, 15.75
1700829546, 0, 313, 566, 486, 140, 7.52%, 0, 0, 4, 16.03
1700829669, 0, 313, 567, 487, 140, 7.52%, 0, 0, 4, 15.90
1700829776, 0, 313, 568, 488, 140, 7.52%, 0, 0, 4, 16.38
1700829781, 0, 313, 569, 489, 140, 7.56%, 0, 0, 4, 16.98
1700830032, 0, 313, 571, 491, 140, 7.56%, 0, 0, 4, 15.87
1700830870, 0, 314, 572, 491, 146, 7.56%, 0, 0, 4, 12.96
1700830875, 0, 314, 573, 492, 146, 7.57%, 0, 0, 4, 12.30
1700830890, 0, 322, 573, 491, 146, 7.57%, 0, 0, 4, 14.31
1700832190, 0, 322, 574, 492, 146, 7.60%, 0, 0, 4, 19.01
1700832400, 0, 324, 574, 491, 146, 7.60%, 0, 0, 4, 15.51
1700832908, 0, 326, 574, 490, 145, 7.60%, 0, 0, 4, 17.20
1700833368, 0, 326, 575, 491, 145, 7.60%, 0, 0, 4, 37.51
1700833403, 0, 328, 575, 490, 144, 7.60%, 0, 0, 4, 22.13
1700834191, 0, 328, 576, 491, 144, 7.60%, 0, 0, 4, 16.77
1700835210, 0, 329, 576, 490, 144, 7.60%, 0, 0, 4, 12.57
1700835231, 0, 329, 577, 491, 144, 7.60%, 0, 0, 4, 11.53
1700835246, 0, 329, 578, 492, 144, 7.61%, 0, 0, 4, 11.13
1700835416, 0, 333, 578, 491, 144, 7.61%, 0, 0, 4, 11.96
1700835431, 0, 333, 579, 492, 144, 7.62%, 0, 0, 4, 13.17
1700837323, 0, 333, 580, 493, 144, 7.62%, 0, 0, 4, 13.15
1700837328, 0, 333, 581, 494, 144, 7.62%, 0, 0, 4, 12.90
1700837348, 0, 334, 581, 493, 144, 7.62%, 0, 0, 4, 12.64
1700837394, 0, 334, 582, 494, 144, 7.62%, 0, 0, 4, 11.79
1700837404, 0, 334, 583, 495, 144, 7.62%, 0, 0, 4, 13.06
1700837624, 0, 335, 583, 494, 142, 7.62%, 0, 0, 4, 12.91
1700837655, 0, 335, 584, 495, 142, 7.62%, 0, 0, 4, 15.50
1700837676, 0, 335, 585, 496, 142, 7.62%, 0, 0, 4, 15.76
1700837942, 0, 335, 586, 497, 142, 7.62%, 0, 0, 4, 15.43
1700838080, 0, 335, 587, 498, 142, 7.62%, 0, 0, 4, 15.27
1700838796, 0, 335, 588, 499, 142, 7.62%, 0, 0, 4, 13.84
1700838801, 0, 335, 589, 500, 142, 7.63%, 0, 0, 4, 13.80
1700838806, 0, 335, 590, 501, 142, 7.63%, 0, 0, 4, 13.71
1700838837, 0, 335, 591, 502, 142, 7.63%, 0, 0, 4, 13.66
1700838847, 0, 335, 592, 503, 142, 7.63%, 0, 0, 4, 13.43
1700838862, 0, 335, 594, 505, 142, 7.63%, 0, 0, 4, 13.92
1700838877, 0, 335, 596, 507, 142, 7.63%, 0, 0, 4, 13.92
1700838893, 0, 335, 597, 508, 142, 7.63%, 0, 0, 4, 14.00
1700838903, 0, 335, 598, 509, 142, 7.63%, 0, 0, 4, 13.97
1700838913, 0, 335, 599, 510, 142, 7.63%, 0, 0, 4, 14.05
1700838918, 0, 335, 601, 512, 142, 7.63%, 0, 0, 4, 14.47
1700838924, 0, 335, 602, 513, 142, 7.63%, 0, 0, 4, 14.41
1700838929, 0, 335, 603, 514, 142, 7.63%, 0, 0, 4, 14.60
1700838944, 0, 335, 604, 515, 142, 7.63%, 0, 0, 4, 13.48
1700838954, 0, 335, 605, 516, 142, 7.63%, 0, 0, 4, 13.48
1700838975, 0, 344, 605, 515, 146, 7.63%, 0, 0, 4, 13.42
1700839343, 0, 344, 606, 516, 146, 7.63%, 0, 0, 4, 15.07
1700841371, 0, 346, 606, 515, 145, 7.63%, 0, 0, 4, 14.74
1700842302, 0, 346, 607, 516, 145, 7.63%, 0, 0, 4, 18.16
1700842691, 0, 346, 608, 517, 145, 7.63%, 0, 0, 4, 16.51
1700842696, 0, 346, 610, 519, 145, 7.63%, 0, 0, 4, 16.58
1700842701, 0, 346, 611, 520, 145, 7.63%, 0, 0, 4, 15.91
1700842706, 0, 346, 613, 522, 145, 7.63%, 0, 0, 4, 16.35
1700842727, 0, 346, 614, 523, 145, 7.63%, 0, 0, 4, 15.91
1700842773, 0, 346, 615, 524, 145, 7.63%, 0, 0, 4, 16.48
1700842778, 0, 346, 616, 525, 145, 7.63%, 0, 0, 4, 16.70
1700842798, 0, 346, 617, 526, 145, 7.63%, 0, 0, 4, 15.67
1700842804, 0, 346, 618, 527, 145, 7.63%, 0, 0, 4, 15.58
1700842860, 0, 346, 619, 528, 145, 7.63%, 0, 0, 4, 16.71
1700842901, 0, 347, 620, 528, 146, 7.63%, 0, 0, 4, 13.17
1700843060, 0, 347, 621, 529, 146, 7.63%, 0, 0, 4, 11.42
1700843106, 0, 348, 621, 528, 146, 7.63%, 0, 0, 4, 11.38
1700843306, 0, 350, 621, 527, 145, 7.63%, 0, 0, 4, 14.01
1700843736, 0, 350, 622, 528, 145, 7.63%, 0, 0, 4, 17.45
1700843807, 0, 352, 622, 527, 144, 7.63%, 0, 0, 4, 19.32
1700844330, 0, 354, 622, 526, 143, 7.63%, 0, 0, 4, 21.31
1700844500, 0, 354, 623, 527, 143, 7.63%, 0, 0, 4, 32.50
1700845092, 0, 355, 623, 526, 143, 7.63%, 0, 0, 4, 24.42
1700845266, 0, 355, 624, 527, 143, 7.63%, 0, 0, 4, 30.96
1700845862, 0, 358, 624, 526, 143, 7.63%, 0, 0, 4, 14.18
1700845873, 0, 362, 624, 525, 142, 7.63%, 0, 0, 4, 15.10
1700845878, 0, 362, 625, 526, 142, 7.63%, 0, 0, 4, 28.51
1700845903, 0, 362, 626, 527, 142, 7.63%, 0, 0, 4, 33.95
1700845955, 0, 362, 627, 528, 142, 7.63%, 0, 0, 4, 36.66
1700846159, 0, 364, 627, 527, 142, 7.63%, 0, 0, 4, 17.20
1700846195, 0, 364, 628, 528, 142, 7.63%, 0, 0, 4, 11.23
1700846478, 0, 367, 628, 527, 142, 7.63%, 0, 0, 4, 17.35
1700846514, 0, 367, 629, 528, 142, 7.66%, 0, 0, 4, 24.77
1700846759, 0, 367, 630, 529, 142, 7.67%, 0, 0, 4, 16.21
1700847240, 0, 370, 630, 528, 142, 7.67%, 0, 0, 4, 14.59
1700847436, 0, 370, 631, 529, 142, 7.68%, 0, 0, 4, 12.26
1700847579, 0, 370, 632, 530, 142, 7.68%, 0, 0, 4, 12.14
1700848104, 0, 373, 632, 529, 142, 7.68%, 0, 0, 4, 14.07
1700848119, 0, 373, 633, 530, 142, 7.68%, 0, 0, 4, 31.66
1700848124, 0, 373, 634, 531, 142, 7.68%, 0, 0, 4, 32.25
1700848145, 0, 373, 635, 532, 142, 7.70%, 0, 0, 4, 31.91
1700848252, 0, 373, 636, 533, 142, 7.70%, 0, 0, 4, 34.65
1700848272, 0, 373, 637, 534, 142, 7.70%, 0, 0, 4, 31.70
1700848870, 0, 374, 637, 533, 144, 7.70%, 0, 0, 4, 20.24
1700849217, 0, 374, 639, 535, 144, 7.70%, 0, 0, 4, 35.17
1700849641, 0, 375, 639, 534, 143, 7.70%, 0, 0, 4, 19.38
1700850409, 0, 378, 639, 533, 142, 7.70%, 0, 0, 4, 21.75
1700850573, 0, 378, 640, 534, 142, 7.70%, 0, 0, 4, 32.94
1700851171, 0, 379, 640, 533, 141, 7.70%, 0, 0, 4, 21.00
1700851181, 0, 379, 643, 536, 141, 7.72%, 0, 0, 4, 31.89
1700851186, 0, 379, 646, 539, 141, 7.78%, 0, 0, 4, 31.81
1700851212, 0, 379, 647, 540, 141, 7.79%, 0, 0, 4, 30.96
1700851273, 0, 379, 649, 542, 141, 7.79%, 0, 0, 4, 30.68
1700851319, 0, 379, 650, 543, 141, 7.80%, 0, 0, 4, 31.57
1700851339, 0, 379, 651, 544, 141, 7.81%, 0, 0, 4, 32.79
1700851370, 0, 379, 652, 545, 141, 7.82%, 0, 0, 4, 31.27
1700851758, 0, 379, 653, 546, 141, 7.82%, 0, 0, 4, 30.38
1700851870, 0, 379, 654, 547, 141, 7.82%, 0, 0, 4, 31.10
1700851957, 0, 381, 654, 546, 150, 7.82%, 0, 0, 4, 24.54
1700851993, 0, 381, 655, 547, 150, 7.82%, 0, 0, 4, 30.39
1700852120, 0, 381, 657, 549, 150, 7.84%, 0, 0, 4, 31.45
1700852727, 0, 383, 657, 548, 151, 7.84%, 0, 0, 4, 22.71
1700852737, 0, 383, 658, 549, 151, 7.84%, 0, 0, 4, 30.05
1700853508, 0, 384, 658, 548, 150, 7.84%, 0, 0, 4, 23.09
1700853866, 0, 384, 659, 549, 150, 7.84%, 0, 0, 4, 32.40
1700853974, 0, 385, 659, 548, 149, 7.84%, 0, 0, 4, 23.37
1700854327, 0, 385, 660, 549, 149, 7.84%, 0, 0, 4, 16.00
1700854353, 0, 386, 660, 548, 148, 7.84%, 0, 0, 4, 21.70
1700854982, 0, 387, 660, 547, 147, 7.84%, 0, 0, 4, 21.25
1700854993, 0, 387, 661, 548, 147, 7.84%, 0, 0, 4, 32.41
1700855739, 0, 388, 661, 547, 147, 7.84%, 0, 0, 4, 23.17
1700855779, 0, 388, 662, 548, 147, 7.84%, 0, 0, 4, 30.91
1700855907, 0, 388, 663, 549, 147, 7.85%, 0, 0, 4, 32.42
1700856520, 0, 389, 663, 548, 147, 7.85%, 0, 0, 4, 20.35
1700856561, 0, 389, 664, 549, 147, 7.85%, 0, 0, 4, 31.26
1700856688, 0, 389, 666, 551, 147, 7.86%, 0, 0, 4, 30.83
1700857287, 0, 390, 666, 550, 148, 7.86%, 0, 0, 4, 21.16
1700858038, 0, 392, 666, 549, 147, 7.86%, 0, 0, 4, 22.96
1700858800, 0, 394, 666, 548, 146, 7.86%, 0, 0, 4, 22.57
1700858841, 0, 394, 667, 549, 146, 7.86%, 0, 0, 4, 32.03
1700858964, 0, 394, 669, 551, 146, 7.86%, 0, 0, 4, 32.93
1700859557, 0, 395, 669, 550, 147, 7.86%, 0, 0, 4, 25.96
1700859721, 0, 395, 670, 551, 147, 7.86%, 0, 0, 4, 31.25
1700860324, 0, 396, 670, 550, 147, 7.86%, 0, 0, 4, 18.95
1700860334, 0, 396, 671, 551, 147, 7.89%, 0, 0, 4, 16.92
1700860339, 0, 396, 672, 552, 147, 7.90%, 0, 0, 4, 16.95
1700860354, 0, 396, 674, 554, 147, 7.90%, 0, 0, 4, 16.68
1700860370, 0, 396, 675, 555, 147, 7.91%, 0, 0, 4, 16.65
1700860406, 0, 396, 676, 556, 147, 7.93%, 0, 0, 4, 16.77
1700860545, 0, 396, 677, 557, 147, 7.94%, 0, 0, 4, 16.30
1700860575, 0, 396, 678, 558, 147, 7.94%, 0, 0, 4, 15.75
1700860601, 0, 396, 679, 559, 147, 7.95%, 0, 0, 4, 17.13
1700860621, 0, 396, 680, 560, 147, 7.96%, 0, 0, 4, 13.42
1700860699, 0, 397, 680, 559, 155, 7.96%, 0, 0, 4, 14.34
1700860750, 0, 397, 681, 560, 155, 7.96%, 0, 0, 4, 17.01
1700861906, 0, 398, 681, 559, 154, 7.96%, 0, 0, 4, 14.97
1700863456, 0, 399, 681, 558, 153, 7.96%, 0, 0, 4, 15.69
1700864678, 0, 400, 681, 557, 152, 7.96%, 0, 0, 4, 15.51
1700866227, 0, 403, 681, 556, 151, 7.96%, 0, 0, 4, 14.25
1700867859, 0, 404, 681, 555, 150, 7.96%, 0, 0, 4, 14.33
1700869476, 0, 405, 681, 554, 149, 7.96%, 0, 0, 4, 14.20
1700870838, 0, 405, 682, 555, 149, 7.96%, 0, 0, 4, 15.47
1700871079, 0, 405, 683, 556, 149, 7.96%, 0, 0, 4, 14.43
1700871094, 0, 408, 684, 556, 149, 7.96%, 0, 0, 4, 19.48
1700871820, 0, 408, 685, 557, 149, 7.97%, 0, 0, 4, 25.20
1700872035, 0, 411, 685, 556, 150, 7.97%, 0, 0, 4, 15.10
1700873235, 0, 411, 686, 557, 150, 7.97%, 0, 0, 4, 14.92
1700873625, 0, 411, 687, 558, 150, 7.97%, 0, 0, 4, 14.25
1700873635, 0, 414, 687, 557, 149, 7.97%, 0, 0, 4, 14.71
1700874357, 0, 414, 688, 558, 149, 7.97%, 0, 0, 4, 18.23
1700874434, 0, 417, 688, 557, 149, 7.97%, 0, 0, 4, 23.45
1700875012, 0, 421, 688, 556, 148, 7.97%, 0, 0, 4, 20.33
1700875139, 0, 421, 690, 558, 148, 7.97%, 0, 0, 4, 25.84
1700875144, 0, 421, 691, 559, 148, 7.97%, 0, 0, 4, 22.05
1700875369, 0, 425, 691, 558, 147, 7.97%, 0, 0, 4, 17.68
1700876254, 0, 425, 692, 559, 147, 7.97%, 0, 0, 4, 14.60
1700876586, 0, 432, 692, 558, 147, 7.97%, 0, 0, 4, 14.93
1700876709, 0, 432, 693, 559, 147, 7.97%, 0, 0, 4, 15.84
1700877532, 0, 432, 694, 560, 147, 7.97%, 0, 0, 4, 16.48
1700878788, 0, 434, 694, 559, 147, 7.97%, 0, 0, 4, 15.57
1700880370, 0, 435, 694, 558, 146, 7.97%, 0, 0, 4, 14.61
1700880575, 0, 435, 695, 559, 146, 7.97%, 0, 0, 4, 18.08
1700881968, 0, 436, 696, 559, 145, 8.00%, 0, 0, 4, 13.85
1700881989, 0, 437, 696, 558, 145, 8.00%, 0, 0, 4, 12.70
1700883204, 0, 437, 697, 559, 145, 8.08%, 0, 0, 4, 16.49
1700883209, 0, 437, 698, 560, 145, 8.08%, 0, 0, 4, 16.15
1700883532, 0, 438, 698, 559, 146, 8.08%, 0, 0, 4, 14.62
1700884744, 0, 438, 699, 560, 146, 8.09%, 0, 0, 4, 15.39
1700885076, 0, 438, 700, 561, 146, 8.13%, 0, 0, 4, 14.20
1700885087, 0, 439, 700, 560, 147, 8.13%, 0, 0, 4, 12.27
1700885405, 0, 440, 700, 559, 146, 8.13%, 0, 0, 4, 12.39
1700885758, 0, 440, 701, 560, 146, 8.13%, 0, 0, 4, 27.93
1700885902, 0, 441, 701, 559, 145, 8.13%, 0, 0, 4, 22.20
1700886255, 0, 442, 701, 558, 144, 8.13%, 0, 0, 4, 16.63
1700886378, 0, 442, 702, 559, 144, 8.13%, 0, 0, 4, 15.84
1700887229, 0, 442, 703, 560, 144, 8.13%, 0, 0, 4, 14.19
1700887244, 0, 442, 704, 561, 144, 8.13%, 0, 0, 4, 13.82
1700887275, 0, 443, 704, 560, 141, 8.13%, 0, 0, 4, 14.61
1700887285, 0, 443, 705, 561, 141, 8.15%, 0, 0, 4, 16.72
1700887414, 0, 443, 706, 562, 141, 8.15%, 0, 0, 4, 15.89
1700887476, 0, 443, 707, 563, 141, 8.15%, 0, 0, 4, 15.60
1700888235, 0, 445, 707, 562, 141, 8.15%, 0, 0, 4, 14.35
1700888414, 0, 445, 708, 563, 141, 8.15%, 0, 0, 4, 11.34
1700888429, 0, 447, 708, 562, 140, 8.15%, 0, 0, 4, 10.94
1700888757, 0, 448, 709, 562, 139, 8.15%, 0, 0, 4, 15.53
1700888762, 0, 448, 710, 563, 139, 8.15%, 0, 0, 4, 19.21
1700888768, 0, 448, 711, 564, 139, 8.15%, 0, 0, 4, 18.55
1700888891, 0, 448, 712, 565, 139, 8.15%, 0, 0, 4, 16.49
1700888896, 0, 448, 713, 566, 139, 8.15%, 0, 0, 4, 19.10
1700888907, 0, 448, 714, 567, 139, 8.15%, 0, 0, 4, 20.24
1700888963, 0, 450, 714, 566, 140, 8.15%, 0, 0, 4, 19.56
1700889055, 0, 450, 716, 568, 140, 8.15%, 0, 0, 4, 24.74
1700889459, 0, 450, 717, 569, 140, 8.15%, 0, 0, 4, 24.70
1700889505, 0, 450, 718, 570, 140, 8.15%, 0, 0, 4, 23.89
1700889561, 0, 451, 718, 569, 139, 8.15%, 0, 0, 4, 16.66
1700889566, 0, 451, 720, 571, 139, 8.16%, 0, 0, 4, 17.88
1700889592, 0, 451, 721, 572, 139, 8.16%, 0, 0, 4, 16.28
1700889649, 0, 451, 722, 573, 139, 8.16%, 0, 0, 4, 12.65
1700889660, 0, 451, 723, 574, 139, 8.17%, 0, 0, 4, 13.14
1700889670, 0, 451, 724, 575, 139, 8.17%, 0, 0, 4, 11.89
1700889675, 0, 451, 725, 576, 139, 8.17%, 0, 0, 4, 12.99
1700889711, 0, 451, 726, 577, 139, 8.17%, 0, 0, 4, 12.56
1700889716, 0, 451, 727, 578, 139, 8.18%, 0, 0, 4, 12.72
1700889731, 0, 451, 728, 579, 139, 8.18%, 0, 0, 4, 13.23
1700889752, 0, 451, 729, 580, 139, 8.18%, 0, 0, 4, 12.57
1700889813, 0, 451, 730, 581, 139, 8.18%, 0, 0, 4, 11.48
1700889901, 0, 451, 731, 582, 139, 8.18%, 0, 0, 4, 12.64
1700889911, 0, 451, 732, 583, 139, 8.18%, 0, 0, 4, 12.16
1700889931, 0, 458, 732, 582, 144, 8.18%, 0, 0, 4, 11.41
1700890075, 0, 460, 732, 581, 143, 8.18%, 0, 0, 4, 12.11
1700890182, 0, 461, 732, 580, 142, 8.18%, 0, 0, 4, 12.09
1700890187, 0, 461, 734, 582, 142, 8.20%, 0, 0, 4, 11.44
1700890198, 0, 461, 735, 583, 142, 8.20%, 0, 0, 4, 11.03
1700890213, 0, 463, 735, 582, 144, 8.20%, 0, 0, 4, 11.14
1700890495, 0, 467, 735, 581, 143, 8.20%, 0, 0, 4, 13.58
1700891207, 0, 467, 736, 582, 143, 8.20%, 0, 0, 4, 14.31
1700891217, 0, 468, 737, 582, 142, 8.21%, 0, 0, 4, 13.33
1700891222, 0, 468, 738, 583, 142, 8.21%, 0, 0, 4, 12.32
1700891289, 0, 468, 739, 584, 142, 8.21%, 0, 0, 4, 11.53
1700891468, 0, 468, 740, 585, 142, 8.21%, 0, 0, 4, 11.49
1700891653, 0, 471, 740, 584, 143, 8.21%, 0, 0, 4, 11.32
1700891709, 0, 473, 741, 584, 142, 8.23%, 0, 0, 4, 12.43
1700891719, 0, 473, 743, 586, 142, 8.24%, 0, 0, 4, 12.95
1700891725, 0, 473, 744, 587, 142, 8.24%, 0, 0, 4, 12.13
1700891750, 0, 473, 746, 589, 142, 8.25%, 0, 0, 4, 12.97
1700891919, 0, 475, 746, 588, 146, 8.25%, 0, 0, 4, 16.17
1700891971, 0, 475, 747, 589, 146, 8.25%, 0, 0, 4, 15.59
1700892017, 0, 478, 747, 588, 145, 8.25%, 0, 0, 4, 12.05
1700892232, 0, 478, 748, 589, 145, 8.25%, 0, 0, 4, 12.83
1700892242, 0, 480, 748, 588, 144, 8.25%, 0, 0, 4, 16.54
1700892875, 0, 480, 749, 589, 144, 8.25%, 0, 0, 4, 19.02
1700892886, 0, 482, 749, 588, 143, 8.25%, 0, 0, 4, 14.22
1700893132, 0, 483, 749, 587, 142, 8.25%, 0, 0, 4, 11.61
1700893342, 0, 485, 749, 586, 141, 8.25%, 0, 0, 4, 20.59
1700894031, 0, 488, 749, 585, 140, 8.25%, 0, 0, 4, 19.83
1700894830, 0, 489, 749, 584, 139, 8.25%, 0, 0, 4, 12.22
1700894866, 0, 489, 750, 585, 139, 8.25%, 0, 0, 4, 11.71
1700894912, 0, 489, 751, 586, 139, 8.25%, 0, 0, 4, 11.32
1700894963, 0, 489, 752, 587, 139, 8.25%, 0, 0, 4, 12.28
1700895631, 0, 490, 752, 586, 140, 8.25%, 0, 0, 4, 11.45
1700895769, 0, 490, 753, 587, 140, 8.25%, 0, 0, 4, 11.82
1700896442, 0, 496, 753, 586, 139, 8.25%, 0, 0, 4, 12.04
1700896452, 0, 496, 754, 587, 139, 8.25%, 0, 0, 4, 12.82
1700898004, 0, 497, 754, 586, 139, 8.25%, 0, 0, 4, 12.25
1700899626, 0, 498, 754, 585, 138, 8.25%, 0, 0, 4, 11.10
1700900429, 0, 499, 754, 584, 137, 8.25%, 0, 0, 4, 12.19
1700901211, 0, 501, 754, 583, 136, 8.25%, 0, 0, 4, 11.78
1700901406, 0, 503, 754, 582, 135, 8.25%, 0, 0, 4, 11.76
1700902098, 0, 504, 754, 581, 134, 8.25%, 0, 0, 4, 23.32
1700902380, 0, 504, 755, 582, 134, 8.26%, 0, 0, 4, 35.16
1700902415, 0, 504, 757, 584, 134, 8.26%, 0, 0, 4, 20.56
1700902441, 0, 506, 757, 583, 135, 8.26%, 0, 0, 4, 14.60
1700902569, 0, 507, 757, 582, 134, 8.26%, 0, 0, 4, 13.09
1700902727, 0, 507, 758, 583, 134, 8.26%, 0, 0, 4, 13.62
1700902799, 0, 507, 759, 584, 134, 8.26%, 0, 0, 4, 13.04
1700902814, 0, 510, 759, 583, 134, 8.26%, 0, 0, 4, 13.48
1700904600, 0, 514, 759, 582, 133, 8.26%, 0, 0, 4, 13.33
1700906896, 0, 514, 760, 583, 133, 8.26%, 0, 0, 4, 15.01
1700906906, 0, 514, 761, 584, 133, 8.26%, 0, 0, 4, 13.47
1700906911, 0, 514, 762, 585, 133, 8.26%, 0, 0, 4, 13.52
1700906916, 0, 514, 763, 586, 133, 8.26%, 0, 0, 4, 14.34
1700906957, 0, 514, 764, 587, 133, 8.26%, 0, 0, 4, 15.28
1700906962, 0, 514, 765, 588, 133, 8.26%, 0, 0, 4, 14.84
1700906998, 0, 514, 766, 589, 133, 8.26%, 0, 0, 4, 15.65
1700907065, 0, 514, 767, 590, 133, 8.26%, 0, 0, 4, 15.63
1700907116, 0, 515, 767, 589, 132, 8.26%, 0, 0, 4, 14.13
1700907177, 0, 515, 768, 590, 132, 8.26%, 0, 0, 4, 14.89
1700908055, 0, 515, 769, 591, 132, 8.26%, 0, 0, 4, 14.61
1700908320, 0, 519, 769, 590, 132, 8.26%, 0, 0, 4, 12.78
1700910043, 0, 520, 769, 589, 132, 8.26%, 0, 0, 4, 10.88
1700910329, 0, 521, 769, 588, 131, 8.26%, 0, 0, 4, 10.66
1700911064, 0, 522, 769, 587, 130, 8.26%, 0, 0, 4, 8.00
1700911768, 0, 522, 770, 588, 130, 8.26%, 0, 0, 5, 8.31
1700911778, 0, 522, 771, 589, 130, 8.27%, 0, 0, 5, 8.02
1700911809, 0, 522, 772, 590, 130, 8.27%, 0, 0, 5, 8.36
1700911871, 0, 522, 773, 591, 130, 8.27%, 0, 0, 5, 8.15
1700911901, 0, 522, 774, 592, 130, 8.27%, 0, 0, 5, 7.97
1700911968, 0, 522, 775, 593, 130, 8.27%, 0, 0, 5, 10.59
1700912153, 0, 523, 775, 592, 132, 8.27%, 0, 0, 5, 8.51
1700912629, 0, 523, 776, 593, 132, 8.27%, 0, 0, 5, 12.46
1700912639, 0, 523, 777, 594, 132, 8.28%, 0, 0, 5, 12.07
1700912655, 0, 523, 778, 595, 132, 8.28%, 0, 0, 5, 12.04
1700912660, 0, 523, 779, 596, 132, 8.29%, 0, 0, 5, 12.25
1700912675, 0, 523, 780, 597, 132, 8.29%, 0, 0, 5, 12.24
1700912681, 0, 523, 781, 598, 132, 8.30%, 0, 0, 5, 12.32
1700912712, 0, 523, 782, 599, 132, 8.30%, 0, 0, 5, 11.51
1700912768, 0, 523, 783, 600, 132, 8.30%, 0, 0, 5, 11.70
1700912907, 0, 523, 784, 601, 132, 8.30%, 0, 0, 5, 11.67
1700912917, 0, 524, 784, 600, 141, 8.30%, 0, 0, 5, 11.80
1700912953, 0, 525, 784, 599, 140, 8.30%, 0, 0, 5, 11.66
1700913066, 0, 525, 785, 600, 140, 8.31%, 0, 0, 5, 11.46
1700913517, 0, 525, 786, 601, 140, 8.31%, 0, 0, 5, 11.99
1700913547, 0, 526, 786, 600, 139, 8.31%, 0, 0, 5, 11.43
1700913943, 0, 531, 786, 599, 138, 8.31%, 0, 0, 5, 11.34
1700914020, 0, 534, 786, 598, 137, 8.31%, 0, 0, 5, 20.39
1700914362, 0, 535, 786, 597, 136, 8.31%, 0, 0, 5, 18.25
1700914404, 0, 535, 787, 598, 136, 8.31%, 0, 0, 5, 31.86
1700915134, 0, 536, 787, 597, 135, 8.31%, 0, 0, 5, 22.40
1700915897, 0, 536, 788, 598, 135, 8.31%, 0, 0, 5, 22.01
1700915907, 0, 536, 789, 599, 135, 8.31%, 0, 0, 5, 19.27
1700915953, 0, 537, 789, 598, 135, 8.31%, 0, 0, 5, 22.09
1700916045, 0, 537, 790, 599, 135, 8.31%, 0, 0, 5, 31.50
1700916050, 0, 537, 791, 600, 135, 8.31%, 0, 0, 5, 31.06
1700916546, 0, 537, 792, 601, 135, 8.32%, 0, 0, 5, 31.72
1700916730, 0, 538, 792, 600, 137, 8.32%, 0, 0, 5, 21.12
1700917289, 0, 538, 793, 601, 137, 8.32%, 0, 0, 5, 28.92
1700917494, 0, 538, 794, 602, 137, 8.32%, 0, 0, 5, 19.00
1700917519, 0, 539, 794, 601, 136, 8.32%, 0, 0, 5, 25.35
1700917555, 0, 539, 795, 602, 136, 8.32%, 0, 0, 5, 30.70
1700918291, 0, 542, 795, 601, 135, 8.32%, 0, 0, 5, 18.39
1700919063, 0, 543, 795, 600, 134, 8.32%, 0, 0, 5, 20.30
1700919830, 0, 544, 795, 599, 133, 8.32%, 0, 0, 5, 20.96
1700919999, 0, 544, 796, 600, 133, 8.32%, 0, 0, 5, 35.37
1700920597, 0, 545, 796, 599, 132, 8.32%, 0, 0, 5, 22.37
1700921370, 0, 546, 796, 598, 131, 8.32%, 0, 0, 5, 20.04
1700921381, 0, 546, 798, 600, 131, 8.32%, 0, 0, 5, 35.12
1700921540, 0, 546, 799, 601, 131, 8.33%, 0, 0, 5, 36.28
1700922002, 0, 546, 800, 602, 131, 8.33%, 0, 0, 5, 35.48
1700922048, 0, 547, 800, 601, 133, 8.33%, 0, 0, 5, 20.21
1700922814, 0, 548, 800, 600, 132, 8.33%, 0, 0, 5, 22.73
1700923582, 0, 550, 800, 599, 131, 8.33%, 0, 0, 5, 23.33
1700923721, 0, 550, 801, 600, 131, 8.33%, 0, 0, 5, 34.15
1700924188, 0, 551, 801, 599, 131, 8.33%, 0, 0, 5, 17.34
1700924244, 0, 551, 802, 600, 131, 8.33%, 0, 0, 5, 15.55
1700924398, 0, 553, 802, 599, 130, 8.33%, 0, 0, 5, 13.43
1700924720, 0, 554, 802, 598, 129, 8.33%, 0, 0, 5, 15.04
1700925034, 0, 555, 802, 597, 128, 8.33%, 0, 0, 5, 23.15
1700925049, 0, 555, 803, 598, 128, 8.33%, 0, 0, 5, 28.76
1700925069, 0, 555, 804, 599, 128, 8.33%, 0, 0, 5, 28.58
1700925130, 0, 555, 805, 600, 128, 8.33%, 0, 0, 5, 29.34
1700925679, 0, 561, 805, 599, 127, 8.33%, 0, 0, 5, 15.79
1700927112, 0, 561, 806, 600, 127, 8.33%, 0, 0, 5, 14.25
1700927148, 0, 563, 806, 599, 126, 8.33%, 0, 0, 5, 14.78
1700927158, 0, 563, 808, 601, 126, 8.34%, 0, 0, 5, 15.08
1700927163, 0, 563, 809, 602, 126, 8.36%, 0, 0, 5, 15.46
1700927445, 0, 563, 810, 603, 126, 8.37%, 0, 0, 5, 15.44
1700927476, 0, 563, 811, 604, 126, 8.37%, 0, 0, 5, 15.15
1700928926, 0, 564, 811, 603, 129, 8.37%, 0, 0, 5, 14.68
1700928937, 0, 564, 812, 604, 129, 8.39%, 0, 0, 5, 15.59
1700928947, 0, 564, 816, 608, 129, 8.42%, 0, 0, 5, 15.28
1700928972, 0, 564, 818, 610, 129, 8.42%, 0, 0, 5, 15.91
1700928977, 0, 564, 820, 612, 129, 8.43%, 0, 0, 5, 15.48
1700929018, 0, 564, 821, 613, 129, 8.44%, 0, 0, 5, 15.64
1700929090, 0, 564, 823, 615, 129, 8.45%, 0, 0, 5, 15.43
1700929151, 0, 564, 824, 616, 129, 8.46%, 0, 0, 5, 15.72
1700929157, 0, 564, 825, 617, 129, 8.47%, 0, 0, 5, 15.89
1700929484, 0, 564, 826, 618, 129, 8.48%, 0, 0, 5, 15.62
1700929622, 0, 564, 827, 619, 129, 8.48%, 0, 0, 5, 15.24
1700929966, 0, 564, 828, 620, 129, 8.48%, 0, 0, 5, 15.48
1700930059, 0, 564, 829, 621, 129, 8.51%, 0, 0, 5, 14.95
1700930397, 0, 567, 829, 620, 143, 8.51%, 0, 0, 5, 14.56
1700930494, 0, 567, 830, 621, 143, 8.51%, 0, 0, 5, 14.61
1700930509, 0, 567, 831, 622, 143, 8.51%, 0, 0, 5, 15.21
1700931442, 0, 567, 832, 623, 143, 8.55%, 0, 0, 5, 14.79
1700931929, 0, 568, 832, 622, 145, 8.55%, 0, 0, 5, 15.15
1700933037, 0, 572, 832, 621, 144, 8.55%, 0, 0, 5, 13.27
1700933042, 0, 572, 833, 622, 144, 8.55%, 0, 0, 5, 11.98
1700933073, 0, 573, 833, 621, 144, 8.55%, 0, 0, 5, 13.86
1700933088, 0, 573, 835, 623, 144, 8.58%, 0, 0, 5, 18.07
1700934521, 0, 573, 836, 624, 144, 8.58%, 0, 0, 5, 17.26
1700934756, 0, 573, 837, 625, 144, 8.59%, 0, 0, 5, 15.55
1700934776, 0, 575, 837, 624, 147, 8.59%, 0, 0, 5, 14.69
1700936070, 0, 575, 838, 625, 147, 8.59%, 0, 0, 5, 13.08
1700936080, 0, 575, 839, 626, 147, 8.59%, 0, 0, 5, 13.08
1700936121, 0, 577, 839, 625, 146, 8.59%, 0, 0, 5, 11.37
1700936167, 0, 577, 840, 626, 146, 8.59%, 0, 0, 5, 10.20
1700936341, 0, 578, 840, 625, 146, 8.59%, 0, 0, 5, 14.19
1700936356, 0, 578, 841, 626, 146, 8.59%, 0, 0, 5, 16.89
1700937784, 0, 578, 843, 628, 146, 8.59%, 0, 0, 5, 16.61
1700938398, 0, 578, 844, 629, 146, 8.60%, 0, 0, 5, 14.14
1700938413, 0, 582, 844, 628, 147, 8.60%, 0, 0, 5, 12.93
1700938726, 0, 582, 845, 629, 147, 8.60%, 0, 0, 5, 11.69
1700938752, 0, 582, 846, 630, 147, 8.60%, 0, 0, 5, 11.75
1700938808, 0, 586, 846, 629, 146, 8.60%, 0, 0, 5, 13.37
1700939995, 0, 595, 846, 628, 145, 8.60%, 0, 0, 5, 14.20
1700941174, 0, 595, 847, 629, 145, 8.60%, 0, 0, 5, 14.51
1700941210, 0, 605, 847, 628, 144, 8.60%, 0, 0, 5, 14.40
1700943647, 0, 612, 847, 627, 143, 8.60%, 0, 0, 5, 15.38
1700944674, 0, 612, 848, 628, 143, 8.60%, 0, 0, 5, 16.93
1700945462, 0, 612, 849, 629, 143, 8.60%, 0, 0, 5, 17.41
1700946152, 0, 612, 851, 631, 143, 8.60%, 0, 0, 5, 16.43
1700946157, 0, 612, 853, 633, 143, 8.60%, 0, 0, 5, 15.99
1700946199, 0, 612, 854, 634, 143, 8.60%, 0, 0, 5, 16.70
1700946219, 0, 612, 855, 635, 143, 8.60%, 0, 0, 5, 16.91
1700946234, 0, 612, 856, 636, 143, 8.60%, 0, 0, 5, 17.10
1700946347, 0, 612, 857, 637, 143, 8.60%, 0, 0, 5, 16.20
1700946357, 0, 614, 857, 636, 144, 8.60%, 0, 0, 5, 18.12
1700947421, 0, 619, 857, 635, 143, 8.60%, 0, 0, 5, 13.85
1700947641, 0, 622, 857, 634, 142, 8.60%, 0, 0, 5, 15.42
1700948428, 0, 623, 857, 633, 141, 8.60%, 0, 0, 5, 25.74
1700949255, 0, 625, 857, 632, 140, 8.60%, 0, 0, 5, 16.88
1700949608, 0, 628, 857, 631, 139, 8.60%, 0, 0, 5, 14.26
1700949613, 0, 628, 859, 633, 139, 8.61%, 0, 0, 5, 17.45
1700949649, 0, 628, 860, 634, 139, 8.61%, 0, 0, 5, 19.74
1700950319, 0, 628, 861, 635, 139, 8.64%, 0, 0, 5, 20.11
1700950451, 0, 629, 861, 634, 142, 8.64%, 0, 0, 5, 16.87
1700951217, 0, 633, 861, 633, 141, 8.64%, 0, 0, 5, 17.19
1700952062, 0, 634, 861, 632, 140, 8.64%, 0, 0, 5, 21.74
1700952102, 0, 634, 862, 633, 140, 8.64%, 0, 0, 5, 27.06
1700952246, 0, 634, 864, 635, 140, 8.65%, 0, 0, 5, 28.26
