# unix_time, cycles_done, cur_path, paths_total, pending_total, pending_favs, map_size, unique_crashes, unique_hangs, max_depth, execs_per_sec
1701298064, 0, 0, 1, 1, 1, 2.09%, 0, 0, 1, 25.32
1701298069, 0, 0, 3, 3, 1, 2.10%, 0, 0, 2, 18.26
1701298074, 0, 0, 7, 7, 1, 2.18%, 0, 0, 2, 14.78
1701298079, 0, 0, 10, 10, 1, 2.18%, 0, 0, 2, 13.62
1701298084, 0, 0, 15, 15, 1, 2.19%, 0, 0, 2, 10.65
1701298095, 0, 0, 16, 16, 1, 2.19%, 0, 0, 2, 9.50
1701298197, 0, 0, 17, 17, 1, 2.19%, 0, 0, 2, 9.76
1701298218, 0, 0, 18, 18, 1, 2.19%, 0, 0, 2, 7.96
1701298320, 0, 0, 19, 19, 1, 2.19%, 0, 0, 2, 10.51
1701298438, 0, 0, 20, 20, 1, 2.19%, 0, 0, 2, 10.64
1701298443, 0, 0, 21, 21, 1, 2.19%, 0, 0, 2, 10.40
1701298541, 0, 0, 22, 22, 1, 2.19%, 0, 0, 2, 10.72
1701298740, 0, 0, 24, 24, 1, 2.20%, 0, 0, 2, 9.39
1701298750, 0, 0, 25, 25, 1, 2.20%, 0, 0, 2, 9.44
1701298802, 0, 0, 26, 26, 1, 2.20%, 0, 0, 2, 9.13
1701298930, 0, 0, 27, 27, 1, 2.20%, 0, 0, 2, 10.74
1701298935, 0, 0, 28, 28, 1, 2.20%, 0, 0, 2, 9.71
1701299145, 0, 0, 31, 31, 1, 2.20%, 0, 0, 2, 9.16
1701299150, 0, 0, 32, 32, 1, 2.20%, 0, 0, 2, 9.83
1701299160, 0, 0, 37, 37, 1, 2.20%, 0, 0, 2, 11.06
1701299165, 0, 0, 42, 42, 1, 2.20%, 0, 0, 2, 10.10
1701299170, 0, 0, 46, 46, 1, 2.20%, 0, 0, 2, 10.15
1701299175, 0, 0, 48, 48, 1, 2.20%, 0, 0, 2, 9.38
1701299180, 0, 0, 52, 52, 1, 2.20%, 0, 0, 2, 8.68
1701299186, 0, 0, 53, 53, 1, 2.20%, 0, 0, 2, 9.35
1701299191, 0, 0, 54, 54, 1, 2.74%, 0, 0, 2, 10.69
1701299196, 0, 0, 57, 57, 1, 2.74%, 0, 0, 2, 11.62
1701299201, 0, 0, 60, 60, 1, 2.74%, 0, 0, 2, 12.36
1701299206, 0, 0, 62, 62, 1, 2.75%, 0, 0, 2, 9.89
1701299216, 0, 0, 64, 64, 1, 2.75%, 0, 0, 2, 10.98
1701299221, 0, 0, 66, 66, 1, 2.75%, 0, 0, 2, 11.74
1701299227, 0, 0, 69, 69, 1, 2.75%, 0, 0, 2, 12.17
1701299232, 0, 0, 70, 70, 1, 2.75%, 0, 0, 2, 11.98
1701299237, 0, 0, 71, 71, 1, 2.75%, 0, 0, 2, 11.37
1701299242, 0, 0, 73, 73, 1, 2.75%, 0, 0, 2, 11.74
1701299252, 0, 0, 75, 75, 1, 2.75%, 0, 0, 2, 9.84
1701299267, 0, 0, 77, 77, 1, 2.75%, 0, 0, 2, 9.61
1701299273, 0, 0, 79, 79, 1, 2.75%, 0, 0, 2, 10.02
1701299283, 0, 0, 80, 80, 1, 2.75%, 0, 0, 2, 9.09
1701299288, 0, 0, 81, 81, 1, 2.75%, 0, 0, 2, 10.47
1701299303, 0, 0, 82, 82, 1, 2.75%, 0, 0, 2, 12.27
1701299308, 0, 0, 83, 83, 1, 2.75%, 0, 0, 2, 12.28
1701299313, 0, 0, 85, 85, 1, 2.75%, 0, 0, 2, 10.85
1701299329, 0, 0, 86, 86, 1, 2.75%, 0, 0, 2, 10.67
1701299349, 0, 0, 87, 87, 1, 2.75%, 0, 0, 2, 8.63
1701299365, 0, 0, 89, 89, 1, 2.75%, 0, 0, 2, 10.70
1701299375, 0, 0, 90, 90, 1, 2.75%, 0, 0, 2, 9.49
1701299380, 0, 0, 92, 92, 1, 2.75%, 0, 0, 2, 9.20
1701299411, 0, 0, 93, 93, 1, 2.75%, 0, 0, 2, 11.97
1701299421, 0, 0, 94, 94, 1, 2.75%, 0, 0, 2, 8.62
1701299426, 0, 0, 95, 95, 1, 2.75%, 0, 0, 2, 9.10
1701299432, 0, 0, 96, 96, 1, 2.75%, 0, 0, 2, 11.69
1701299437, 0, 0, 97, 97, 1, 2.75%, 0, 0, 2, 11.00
1701299442, 0, 0, 98, 98, 1, 2.75%, 0, 0, 2, 10.69
1701299447, 0, 0, 99, 99, 1, 2.75%, 0, 0, 2, 11.81
1701299462, 0, 0, 100, 100, 1, 2.75%, 0, 0, 2, 10.24
1701299493, 0, 0, 101, 101, 1, 2.75%, 0, 0, 2, 11.38
1701299504, 0, 0, 102, 102, 1, 2.75%, 0, 0, 2, 11.25
1701299534, 0, 0, 103, 103, 1, 2.75%, 0, 0, 2, 11.71
1701299544, 0, 0, 104, 104, 1, 2.75%, 0, 0, 2, 12.12
1701299550, 0, 0, 105, 105, 1, 2.75%, 0, 0, 2, 11.44
1701299555, 0, 0, 106, 106, 1, 2.75%, 0, 0, 2, 10.08
1701299591, 0, 0, 107, 107, 1, 2.75%, 0, 0, 2, 9.31
1701299596, 0, 0, 108, 108, 1, 2.75%, 0, 0, 2, 10.28
1701299678, 0, 0, 109, 109, 1, 2.75%, 0, 0, 2, 9.31
1701299724, 0, 0, 110, 110, 1, 2.75%, 0, 0, 2, 10.13
1701299734, 0, 0, 111, 111, 1, 2.75%, 0, 0, 2, 11.54
1701299749, 0, 0, 112, 112, 1, 2.75%, 0, 0, 2, 11.46
1701299805, 0, 0, 113, 113, 1, 2.75%, 0, 0, 2, 10.37
1701299836, 0, 0, 114, 114, 1, 2.75%, 0, 0, 2, 10.74
1701299841, 0, 22, 114, 113, 10, 2.75%, 0, 0, 2, 1.03
1701299852, 0, 23, 114, 112, 9, 2.75%, 0, 0, 2, 10.09
1701299857, 0, 43, 114, 111, 8, 2.75%, 0, 0, 2, 11.11
1701300600, 0, 53, 114, 110, 7, 2.75%, 0, 0, 2, 9.87
1701300610, 0, 53, 115, 111, 7, 2.75%, 0, 0, 3, 8.73
1701300615, 0, 53, 116, 112, 7, 2.75%, 0, 0, 3, 8.91
1701300620, 0, 53, 119, 115, 7, 2.75%, 0, 0, 3, 9.81
1701300626, 0, 53, 120, 116, 7, 2.75%, 0, 0, 3, 8.69
1701300631, 0, 53, 122, 118, 7, 2.80%, 0, 0, 3, 8.31
1701300636, 0, 53, 123, 119, 7, 2.81%, 0, 0, 3, 8.10
1701300733, 0, 53, 126, 122, 7, 2.87%, 0, 0, 3, 10.13
1701300739, 0, 53, 129, 125, 7, 2.91%, 0, 0, 3, 8.33
1701300744, 0, 53, 132, 128, 7, 2.93%, 0, 0, 3, 7.53
1701300749, 0, 53, 133, 129, 7, 2.95%, 0, 0, 3, 7.02
1701300754, 0, 53, 137, 133, 7, 2.97%, 0, 0, 3, 8.33
1701300759, 0, 53, 141, 137, 7, 2.98%, 0, 0, 3, 9.41
1701300764, 0, 53, 143, 139, 7, 2.98%, 0, 0, 3, 8.91
1701300769, 0, 53, 147, 143, 7, 2.99%, 0, 0, 3, 8.00
1701300774, 0, 53, 150, 146, 7, 2.99%, 0, 0, 3, 8.01
1701300779, 0, 53, 152, 148, 7, 2.99%, 0, 0, 3, 8.73
1701300784, 0, 53, 155, 151, 7, 3.00%, 0, 0, 3, 7.67
1701300810, 0, 53, 156, 152, 7, 3.00%, 0, 0, 3, 7.39
1701300908, 0, 53, 157, 153, 7, 3.00%, 0, 0, 3, 9.31
1701300913, 0, 53, 159, 155, 7, 3.03%, 0, 0, 3, 8.10
1701300918, 0, 53, 160, 156, 7, 3.05%, 0, 0, 3, 7.94
1701300928, 0, 53, 161, 157, 7, 3.05%, 0, 0, 3, 8.24
1701300934, 0, 53, 162, 158, 7, 3.05%, 0, 0, 3, 7.58
1701301041, 0, 53, 163, 159, 7, 3.05%, 0, 0, 3, 9.54
1701301047, 0, 53, 164, 160, 7, 3.05%, 0, 0, 3, 7.87
1701301052, 0, 53, 165, 161, 7, 3.07%, 0, 0, 3, 8.19
1701301057, 0, 53, 166, 162, 7, 3.07%, 0, 0, 3, 9.31
1701301062, 0, 53, 169, 165, 7, 3.07%, 0, 0, 3, 9.64
1701301067, 0, 53, 170, 166, 7, 3.07%, 0, 0, 3, 8.67
1701301088, 0, 53, 171, 167, 7, 3.07%, 0, 0, 3, 7.66
1701301237, 0, 53, 173, 169, 7, 3.09%, 0, 0, 3, 8.59
1701301242, 0, 53, 174, 170, 7, 3.15%, 0, 0, 3, 8.12
1701301247, 0, 53, 175, 171, 7, 3.15%, 0, 0, 3, 7.89
1701301253, 0, 53, 177, 173, 7, 3.15%, 0, 0, 3, 7.74
1701301263, 0, 53, 179, 175, 7, 3.16%, 0, 0, 3, 7.91
1701301268, 0, 53, 180, 176, 7, 3.16%, 0, 0, 3, 7.61
1701301478, 0, 53, 181, 177, 7, 3.16%, 0, 0, 3, 7.79
1701301797, 0, 53, 183, 179, 7, 3.16%, 0, 0, 3, 9.07
1701301802, 0, 53, 186, 182, 7, 3.16%, 0, 0, 3, 8.25
1701301833, 0, 53, 187, 183, 7, 3.16%, 0, 0, 3, 6.63
1701301843, 0, 53, 189, 185, 7, 3.16%, 0, 0, 3, 8.20
1701301848, 0, 53, 190, 186, 7, 3.16%, 0, 0, 3, 8.56
1701301869, 0, 53, 191, 187, 7, 3.16%, 0, 0, 3, 7.84
1701301879, 0, 53, 192, 188, 7, 3.16%, 0, 0, 3, 7.29
1701301905, 0, 53, 193, 189, 7, 3.16%, 0, 0, 3, 8.68
1701301935, 0, 53, 194, 190, 7, 3.16%, 0, 0, 3, 9.50
1701301940, 0, 53, 195, 191, 7, 3.16%, 0, 0, 3, 9.51
1701301945, 0, 53, 196, 192, 7, 3.16%, 0, 0, 3, 9.59
1701301951, 0, 53, 198, 194, 7, 3.16%, 0, 0, 3, 8.43
1701301956, 0, 53, 199, 195, 7, 3.16%, 0, 0, 3, 8.72
1701301961, 0, 53, 200, 196, 7, 3.16%, 0, 0, 3, 8.35
1701301996, 0, 53, 201, 197, 7, 3.16%, 0, 0, 3, 8.91
1701302412, 0, 53, 202, 198, 7, 3.16%, 0, 0, 3, 8.23
1701302551, 0, 53, 204, 200, 7, 3.16%, 0, 0, 3, 9.56
1701303011, 0, 53, 205, 201, 7, 3.16%, 0, 0, 3, 8.39
1701303113, 0, 53, 206, 202, 7, 3.16%, 0, 0, 3, 8.18
1701303118, 0, 53, 207, 203, 7, 3.16%, 0, 0, 3, 7.84
1701303164, 0, 53, 210, 206, 7, 3.17%, 0, 0, 3, 8.48
1701303169, 0, 53, 211, 207, 7, 3.17%, 0, 0, 3, 7.95
1701303180, 0, 53, 213, 209, 7, 3.17%, 0, 0, 3, 9.35
1701303190, 0, 53, 214, 210, 7, 3.17%, 0, 0, 3, 9.21
1701303200, 0, 53, 215, 211, 7, 3.17%, 0, 0, 3, 7.62
1701303205, 0, 53, 218, 214, 7, 3.17%, 0, 0, 3, 8.38
1701303216, 0, 53, 219, 215, 7, 3.17%, 0, 0, 3, 10.90
1701303237, 0, 53, 221, 217, 7, 3.17%, 0, 0, 3, 8.43
1701303252, 0, 53, 222, 218, 7, 3.17%, 0, 0, 3, 11.11
1701303272, 0, 53, 223, 219, 7, 3.17%, 0, 0, 3, 8.58
1701303298, 0, 53, 224, 220, 7, 3.18%, 0, 0, 3, 8.80
1701303303, 0, 53, 225, 221, 7, 3.18%, 0, 0, 3, 9.96
1701303308, 0, 53, 226, 222, 7, 3.18%, 0, 0, 3, 9.09
1701303318, 0, 53, 227, 223, 7, 3.18%, 0, 0, 3, 9.66
1701303324, 0, 53, 229, 225, 7, 3.18%, 0, 0, 3, 8.52
1701303339, 0, 53, 230, 226, 7, 3.18%, 0, 0, 3, 8.13
1701303349, 0, 53, 231, 227, 7, 3.18%, 0, 0, 3, 10.14
1701303375, 0, 53, 233, 229, 7, 3.18%, 0, 0, 3, 8.54
1701303385, 0, 53, 234, 230, 7, 3.18%, 0, 0, 3, 9.05
1701303390, 0, 53, 235, 231, 7, 3.18%, 0, 0, 3, 8.47
1701303400, 0, 53, 236, 232, 7, 3.18%, 0, 0, 3, 8.72
1701303410, 0, 53, 237, 233, 7, 3.18%, 0, 0, 3, 10.18
1701303421, 0, 53, 238, 234, 7, 3.18%, 0, 0, 3, 8.97
1701303472, 0, 53, 239, 235, 7, 3.18%, 0, 0, 3, 8.50
1701303493, 0, 53, 240, 236, 7, 3.18%, 0, 0, 3, 10.54
1701303498, 0, 53, 241, 237, 7, 3.18%, 0, 0, 3, 9.89
1701303503, 0, 53, 242, 238, 7, 3.18%, 0, 0, 3, 9.80
1701303508, 0, 53, 243, 239, 7, 3.18%, 0, 0, 3, 9.51
1701303524, 0, 53, 244, 240, 7, 3.18%, 0, 0, 3, 8.36
1701303539, 0, 53, 245, 241, 7, 3.18%, 0, 0, 3, 7.38
1701303585, 0, 53, 246, 242, 7, 3.18%, 0, 0, 3, 9.47
1701303591, 0, 53, 247, 243, 7, 3.18%, 0, 0, 3, 9.37
1701303617, 0, 53, 248, 244, 7, 3.18%, 0, 0, 3, 9.77
1701303622, 0, 53, 249, 245, 7, 3.18%, 0, 0, 3, 8.34
1701303627, 0, 53, 250, 246, 7, 3.18%, 0, 0, 3, 8.67
1701303632, 0, 53, 252, 248, 7, 3.18%, 0, 0, 3, 9.42
1701303642, 0, 53, 253, 249, 7, 3.18%, 0, 0, 3, 9.18
1701303647, 0, 53, 254, 250, 7, 3.18%, 0, 0, 3, 8.77
1701303653, 0, 53, 255, 251, 7, 3.18%, 0, 0, 3, 9.82
1701303678, 0, 53, 256, 252, 7, 3.18%, 0, 0, 3, 9.04
1701303683, 0, 53, 257, 253, 7, 3.18%, 0, 0, 3, 10.02
1701303699, 0, 53, 258, 254, 7, 3.18%, 0, 0, 3, 8.57
1701303725, 0, 53, 259, 255, 7, 3.18%, 0, 0, 3, 10.47
1701303761, 0, 58, 259, 254, 38, 3.18%, 0, 0, 3, 9.21
1701303771, 0, 58, 260, 255, 38, 3.18%, 0, 0, 3, 9.88
1701303781, 0, 58, 262, 257, 38, 3.18%, 0, 0, 3, 11.37
1701304741, 0, 61, 262, 256, 37, 3.18%, 0, 0, 3, 11.19
1701304746, 0, 77, 262, 254, 35, 3.18%, 0, 0, 3, 10.99
1701305222, 0, 77, 263, 255, 35, 3.18%, 0, 0, 3, 9.54
1701305263, 0, 82, 263, 254, 34, 3.18%, 0, 0, 3, 9.17
1701305278, 0, 82, 265, 256, 34, 3.18%, 0, 0, 3, 9.76
1701305944, 0, 111, 265, 255, 34, 3.18%, 0, 0, 3, 9.20
1701306318, 0, 111, 266, 256, 34, 3.18%, 0, 0, 3, 9.06
1701307852, 0, 111, 267, 257, 34, 3.18%, 0, 0, 3, 10.07
1701307903, 0, 116, 267, 256, 34, 3.18%, 0, 0, 3, 10.57
1701307913, 0, 118, 267, 255, 33, 3.18%, 0, 0, 3, 8.61
1701307919, 0, 120, 267, 254, 32, 3.18%, 0, 0, 3, 8.33
1701307924, 0, 127, 267, 253, 31, 3.18%, 0, 0, 3, 8.06
1701307934, 0, 130, 267, 252, 31, 3.18%, 0, 0, 3, 8.30
1701308534, 0, 130, 268, 253, 31, 3.18%, 0, 0, 4, 8.10
1701309360, 0, 130, 269, 254, 31, 3.18%, 0, 0, 4, 9.14
1701310894, 0, 130, 270, 255, 31, 3.19%, 0, 0, 4, 9.56
1701310899, 0, 130, 272, 257, 31, 3.19%, 0, 0, 4, 11.40
1701310904, 0, 130, 273, 258, 31, 3.19%, 0, 0, 4, 10.33
1701310945, 0, 130, 275, 260, 31, 3.19%, 0, 0, 4, 8.86
1701310981, 0, 130, 276, 261, 31, 3.19%, 0, 0, 4, 9.88
1701310986, 0, 130, 277, 262, 31, 3.19%, 0, 0, 4, 10.29
1701311001, 0, 130, 278, 263, 31, 3.19%, 0, 0, 4, 10.73
1701311006, 0, 130, 279, 264, 31, 3.19%, 0, 0, 4, 10.59
1701311047, 0, 130, 280, 265, 31, 3.19%, 0, 0, 4, 8.06
1701311078, 0, 130, 281, 266, 31, 3.19%, 0, 0, 4, 9.66
1701311099, 0, 130, 282, 267, 31, 3.19%, 0, 0, 4, 10.28
1701311145, 0, 130, 283, 268, 31, 3.19%, 0, 0, 4, 10.20
1701311176, 0, 130, 284, 269, 31, 3.19%, 0, 0, 4, 10.31
1701311196, 0, 130, 286, 271, 31, 3.19%, 0, 0, 4, 9.06
1701311222, 0, 130, 287, 272, 31, 3.19%, 0, 0, 4, 10.77
1701311284, 0, 130, 288, 273, 31, 3.19%, 0, 0, 4, 8.72
1701311315, 0, 130, 289, 274, 31, 3.19%, 0, 0, 4, 9.18
1701311361, 0, 130, 290, 275, 31, 3.19%, 0, 0, 4, 10.90
1701311376, 0, 130, 291, 276, 31, 3.19%, 0, 0, 4, 10.70
1701311397, 0, 130, 292, 277, 31, 3.19%, 0, 0, 4, 9.91
1701311428, 0, 130, 293, 278, 31, 3.19%, 0, 0, 4, 10.37
1701311535, 0, 130, 294, 279, 31, 3.19%, 0, 0, 4, 9.37
1701311571, 0, 131, 294, 278, 32, 3.19%, 0, 0, 4, 9.25
1701311576, 0, 132, 294, 277, 31, 3.19%, 0, 0, 4, 7.69
1701311587, 0, 140, 294, 276, 30, 3.19%, 0, 0, 4, 8.19
1701311704, 0, 140, 295, 277, 30, 3.19%, 0, 0, 4, 9.10
1701312737, 0, 140, 296, 278, 30, 3.21%, 0, 0, 4, 7.93
1701312789, 0, 140, 297, 279, 30, 3.21%, 0, 0, 4, 8.85
1701314122, 0, 159, 297, 278, 29, 3.21%, 0, 0, 4, 8.25
1701314378, 0, 159, 299, 280, 29, 3.22%, 0, 0, 4, 9.55
1701314383, 0, 159, 300, 281, 29, 3.22%, 0, 0, 4, 9.26
1701315024, 0, 159, 302, 283, 29, 3.22%, 0, 0, 4, 8.45
1701315034, 0, 159, 303, 284, 29, 3.22%, 0, 0, 4, 7.39
1701315445, 0, 159, 304, 285, 29, 3.22%, 0, 0, 4, 8.91
1701315450, 0, 159, 305, 286, 29, 3.23%, 0, 0, 4, 8.01
1701316011, 0, 169, 305, 285, 33, 3.23%, 0, 0, 4, 8.41
1701317847, 0, 169, 306, 286, 33, 3.23%, 0, 0, 4, 9.05
1701317883, 0, 169, 307, 287, 33, 3.23%, 0, 0, 4, 8.50
1701317909, 0, 169, 308, 288, 33, 3.23%, 0, 0, 4, 10.88
1701317970, 0, 169, 309, 289, 33, 3.24%, 0, 0, 4, 9.56
1701317975, 0, 169, 310, 290, 33, 3.24%, 0, 0, 4, 9.75
1701317985, 0, 169, 311, 291, 33, 3.24%, 0, 0, 4, 10.20
1701317990, 0, 169, 312, 292, 33, 3.24%, 0, 0, 4, 9.67
1701318026, 0, 169, 313, 293, 33, 3.24%, 0, 0, 4, 8.91
1701318067, 0, 169, 314, 294, 33, 3.24%, 0, 0, 4, 10.27
1701318129, 0, 169, 315, 295, 33, 3.24%, 0, 0, 4, 11.29
1701318175, 0, 169, 316, 296, 33, 3.24%, 0, 0, 4, 11.11
1701318231, 0, 169, 317, 297, 33, 3.24%, 0, 0, 4, 9.95
1701318236, 0, 169, 318, 298, 33, 3.24%, 0, 0, 4, 8.99
1701318241, 0, 169, 319, 299, 33, 3.24%, 0, 0, 4, 9.99
1701318262, 0, 169, 320, 300, 33, 3.24%, 0, 0, 4, 9.41
1701318420, 0, 169, 321, 301, 33, 3.24%, 0, 0, 4, 9.09
1701318472, 0, 169, 322, 302, 33, 3.24%, 0, 0, 4, 8.97
1701318482, 0, 169, 323, 303, 33, 3.24%, 0, 0, 4, 8.78
1701318533, 0, 178, 323, 302, 36, 3.24%, 0, 0, 4, 8.55
1701318666, 0, 178, 324, 303, 36, 3.24%, 0, 0, 4, 8.58
1701318712, 0, 178, 325, 304, 36, 3.24%, 0, 0, 4, 7.90
1701319122, 0, 178, 326, 305, 36, 3.24%, 0, 0, 4, 6.94
1701320639, 0, 178, 327, 306, 36, 3.24%, 0, 0, 4, 8.63
1701320659, 0, 195, 327, 305, 35, 3.24%, 0, 0, 4, 7.96
1701320670, 0, 199, 327, 304, 34, 3.24%, 0, 0, 4, 7.08
1701320695, 0, 199, 328, 305, 34, 3.24%, 0, 0, 4, 8.13
1701320818, 0, 199, 329, 306, 34, 3.24%, 0, 0, 4, 7.78
1701321269, 0, 199, 330, 307, 34, 3.24%, 0, 0, 4, 8.84
1701323791, 0, 212, 330, 306, 34, 3.24%, 0, 0, 4, 9.73
1701323869, 0, 212, 331, 307, 34, 3.24%, 0, 0, 4, 8.74
1701324667, 0, 212, 332, 308, 34, 3.24%, 0, 0, 4, 10.60
1701324693, 0, 220, 332, 307, 34, 3.24%, 0, 0, 4, 10.16
1701324796, 0, 220, 333, 308, 34, 3.24%, 0, 0, 4, 10.50
1701326925, 0, 220, 334, 309, 34, 3.24%, 0, 0, 4, 9.35
1701326946, 0, 220, 335, 310, 34, 3.24%, 0, 0, 4, 8.64
1701326956, 0, 220, 336, 311, 34, 3.24%, 0, 0, 4, 10.36
1701326987, 0, 220, 337, 312, 34, 3.24%, 0, 0, 4, 9.09
1701326997, 0, 220, 338, 313, 34, 3.24%, 0, 0, 4, 10.16
1701327038, 0, 220, 340, 315, 34, 3.24%, 0, 0, 4, 10.56
1701327115, 0, 220, 341, 316, 34, 3.24%, 0, 0, 4, 11.35
1701327151, 0, 220, 342, 317, 34, 3.24%, 0, 0, 4, 9.10
1701327192, 0, 220, 343, 318, 34, 3.24%, 0, 0, 4, 9.88
1701327202, 0, 220, 344, 319, 34, 3.24%, 0, 0, 4, 10.87
1701327222, 0, 220, 345, 320, 34, 3.24%, 0, 0, 4, 8.97
1701327233, 0, 220, 346, 321, 34, 3.25%, 0, 0, 4, 9.51
1701327418, 0, 220, 347, 322, 34, 3.25%, 0, 0, 4, 10.54
1701327530, 0, 220, 348, 323, 34, 3.25%, 0, 0, 4, 8.93
1701327535, 0, 220, 349, 324, 34, 3.25%, 0, 0, 4, 9.51
1701327571, 0, 228, 349, 323, 32, 3.25%, 0, 0, 4, 9.18
1701327612, 0, 228, 350, 324, 32, 3.25%, 0, 0, 4, 7.08
1701328836, 0, 228, 351, 325, 32, 3.25%, 0, 0, 4, 7.12
1701328929, 0, 228, 352, 326, 32, 3.25%, 0, 0, 4, 9.69
1701328965, 0, 253, 352, 325, 32, 3.25%, 0, 0, 4, 8.37
1701330012, 0, 254, 352, 324, 31, 3.25%, 0, 0, 4, 7.57
1701330156, 0, 254, 354, 326, 31, 3.25%, 0, 0, 4, 8.25
1701330161, 0, 254, 356, 328, 31, 3.25%, 0, 0, 4, 8.12
1701330176, 0, 254, 357, 329, 31, 3.25%, 0, 0, 4, 6.37
1701330499, 0, 254, 358, 330, 31, 3.25%, 0, 0, 4, 8.24
1701330510, 0, 254, 359, 331, 31, 3.25%, 0, 0, 4, 7.26
1701331384, 0, 254, 360, 332, 31, 3.25%, 0, 0, 4, 7.44
1701331400, 0, 254, 361, 333, 31, 3.25%, 0, 0, 4, 8.13
1701331724, 0, 254, 362, 334, 31, 3.25%, 0, 0, 4, 7.64
1701332333, 0, 256, 362, 333, 33, 3.25%, 0, 0, 4, 7.05
1701333517, 0, 257, 362, 332, 32, 3.25%, 0, 0, 4, 10.84
1701333986, 0, 257, 363, 333, 32, 3.25%, 0, 0, 4, 8.06
1701335177, 0, 257, 364, 334, 32, 3.25%, 0, 0, 4, 9.14
1701335208, 0, 260, 364, 333, 32, 3.25%, 0, 0, 4, 9.09
1701335213, 0, 267, 364, 331, 30, 3.25%, 0, 0, 4, 8.06
1701335239, 0, 267, 365, 332, 30, 3.25%, 0, 0, 5, 7.64
1701335244, 0, 267, 366, 333, 30, 3.25%, 0, 0, 5, 7.29
1701335249, 0, 267, 367, 334, 30, 3.25%, 0, 0, 5, 7.67
1701335306, 0, 267, 368, 335, 30, 3.25%, 0, 0, 5, 7.44
1701335368, 0, 267, 369, 336, 30, 3.25%, 0, 0, 5, 8.02
1701335609, 0, 267, 370, 337, 30, 3.25%, 0, 0, 5, 7.93
1701335619, 0, 267, 371, 338, 30, 3.25%, 0, 0, 5, 7.60
1701335661, 0, 267, 372, 339, 30, 3.25%, 0, 0, 5, 8.39
1701336684, 0, 267, 373, 340, 30, 3.25%, 0, 0, 5, 7.76
1701337233, 0, 267, 374, 341, 30, 3.25%, 0, 0, 5, 7.53
1701338277, 0, 267, 375, 342, 30, 3.25%, 0, 0, 5, 7.56
1701338395, 0, 267, 376, 343, 30, 3.25%, 0, 0, 5, 7.45
1701338406, 0, 267, 377, 344, 30, 3.25%, 0, 0, 5, 7.31
1701338565, 0, 267, 378, 345, 30, 3.25%, 0, 0, 5, 9.89
1701338586, 0, 267, 379, 346, 30, 3.25%, 0, 0, 5, 9.05
1701338627, 0, 267, 380, 347, 30, 3.25%, 0, 0, 5, 10.13
1701338632, 0, 267, 381, 348, 30, 3.25%, 0, 0, 5, 9.99
1701338652, 0, 267, 382, 349, 30, 3.25%, 0, 0, 5, 8.59
1701338678, 0, 267, 383, 350, 30, 3.26%, 0, 0, 5, 9.59
1701338683, 0, 267, 384, 351, 30, 3.26%, 0, 0, 5, 9.86
1701338693, 0, 267, 385, 352, 30, 3.26%, 0, 0, 5, 10.55
1701338703, 0, 267, 386, 353, 30, 3.26%, 0, 0, 5, 9.72
1701338708, 0, 267, 387, 354, 30, 3.26%, 0, 0, 5, 9.56
1701338739, 0, 267, 388, 355, 30, 3.26%, 0, 0, 5, 9.30
1701338812, 0, 267, 389, 356, 30, 3.26%, 0, 0, 5, 9.29
1701338817, 0, 267, 391, 358, 30, 3.26%, 0, 0, 5, 9.35
1701338837, 0, 267, 392, 359, 30, 3.26%, 0, 0, 5, 8.29
1701338946, 0, 267, 393, 360, 30, 3.26%, 0, 0, 5, 10.02
1701338976, 0, 267, 394, 361, 30, 3.26%, 0, 0, 5, 9.81
1701338981, 0, 267, 395, 362, 30, 3.26%, 0, 0, 5, 10.75
1701339027, 0, 267, 396, 363, 30, 3.26%, 0, 0, 5, 9.23
1701339079, 0, 267, 397, 364, 30, 3.26%, 0, 0, 5, 10.36
1701339089, 0, 267, 398, 365, 30, 3.26%, 0, 0, 5, 8.46
1701339166, 0, 267, 399, 366, 30, 3.26%, 0, 0, 5, 8.71
1701339253, 0, 267, 400, 367, 30, 3.26%, 0, 0, 5, 9.00
1701339268, 0, 269, 400, 366, 32, 3.26%, 0, 0, 5, 9.20
1701339878, 0, 269, 401, 367, 32, 3.26%, 0, 0, 5, 8.37
1701340406, 0, 269, 402, 368, 32, 3.26%, 0, 0, 5, 10.26
1701340483, 0, 271, 402, 367, 32, 3.26%, 0, 0, 5, 11.66
1701342011, 0, 281, 402, 366, 31, 3.26%, 0, 0, 5, 10.18
1701342057, 0, 281, 403, 367, 31, 3.26%, 0, 0, 5, 9.94
1701342077, 0, 281, 404, 368, 31, 3.26%, 0, 0, 5, 10.22
1701342733, 0, 281, 405, 369, 31, 3.27%, 0, 0, 5, 9.24
1701342907, 0, 281, 406, 370, 31, 3.27%, 0, 0, 5, 10.19
1701343324, 0, 281, 407, 371, 31, 3.27%, 0, 0, 5, 7.67
1701344063, 0, 281, 408, 372, 31, 3.27%, 0, 0, 5, 8.46
1701344433, 0, 281, 410, 374, 31, 3.27%, 0, 0, 5, 8.75
1701345237, 0, 281, 411, 375, 31, 3.27%, 0, 0, 5, 8.94
1701345252, 0, 281, 412, 376, 31, 3.27%, 0, 0, 5, 9.07
1701345263, 0, 281, 413, 377, 31, 3.27%, 0, 0, 5, 8.39
1701345268, 0, 281, 414, 378, 31, 3.27%, 0, 0, 5, 9.34
1701345329, 0, 281, 415, 379, 31, 3.27%, 0, 0, 5, 10.07
1701345350, 0, 281, 416, 380, 31, 3.27%, 0, 0, 5, 8.38
1701345422, 0, 281, 417, 381, 31, 3.27%, 0, 0, 5, 8.99
1701345442, 0, 281, 418, 382, 31, 3.27%, 0, 0, 5, 9.17
1701345448, 0, 281, 419, 383, 31, 3.27%, 0, 0, 5, 9.20
1701345535, 0, 281, 420, 384, 31, 3.27%, 0, 0, 5, 9.39
1701345540, 0, 281, 421, 385, 31, 3.27%, 0, 0, 5, 8.91
1701345545, 0, 281, 422, 386, 31, 3.27%, 0, 0, 5, 8.56
1701345550, 0, 281, 423, 387, 31, 3.27%, 0, 0, 5, 8.37
1701345612, 0, 281, 424, 388, 31, 3.27%, 0, 0, 5, 9.34
1701345633, 0, 281, 425, 389, 31, 3.27%, 0, 0, 5, 9.24
1701345648, 0, 281, 426, 390, 31, 3.27%, 0, 0, 5, 8.28
1701345684, 0, 281, 427, 391, 31, 3.27%, 0, 0, 5, 10.01
1701345715, 0, 281, 428, 392, 31, 3.27%, 0, 0, 5, 10.66
1701345771, 0, 281, 429, 393, 31, 3.27%, 0, 0, 5, 8.41
1701345889, 0, 281, 430, 394, 31, 3.27%, 0, 0, 5, 10.60
1701345910, 0, 283, 430, 393, 31, 3.27%, 0, 0, 5, 11.15
1701345935, 0, 283, 431, 394, 31, 3.27%, 0, 0, 5, 11.22
1701347289, 0, 283, 432, 395, 31, 3.27%, 0, 0, 5, 11.21
1701347402, 0, 283, 433, 396, 31, 3.27%, 0, 0, 5, 10.27
1701347407, 0, 283, 434, 397, 31, 3.27%, 0, 0, 5, 12.03
1701347550, 0, 294, 434, 396, 31, 3.27%, 0, 0, 5, 8.94
1701350148, 0, 294, 435, 397, 31, 3.27%, 0, 0, 5, 10.00
1701350174, 0, 294, 437, 399, 31, 3.27%, 0, 0, 5, 10.16
1701350343, 0, 294, 438, 400, 31, 3.27%, 0, 0, 5, 10.64
1701350497, 0, 294, 439, 401, 31, 3.27%, 0, 0, 5, 9.72
1701350502, 0, 294, 440, 402, 31, 3.27%, 0, 0, 5, 8.95
1701350523, 0, 294, 441, 403, 31, 3.27%, 0, 0, 5, 10.18
1701350569, 0, 294, 442, 404, 31, 3.27%, 0, 0, 5, 8.93
1701350728, 0, 294, 443, 405, 31, 3.27%, 0, 0, 5, 9.82
1701350800, 0, 297, 443, 404, 30, 3.27%, 0, 0, 5, 8.90
1701350806, 0, 298, 443, 403, 29, 3.27%, 0, 0, 5, 9.76
1701351068, 0, 298, 444, 404, 29, 3.27%, 0, 0, 5, 9.74
1701351678, 0, 298, 445, 405, 29, 3.27%, 0, 0, 5, 9.31
1701352771, 0, 298, 446, 406, 29, 3.27%, 0, 0, 5, 9.64
1701352786, 0, 298, 447, 407, 29, 3.27%, 0, 0, 5, 9.08
1701352817, 0, 298, 448, 408, 29, 3.27%, 0, 0, 5, 10.98
1701353093, 0, 302, 448, 407, 27, 3.27%, 0, 0, 5, 9.12
1701353098, 0, 303, 448, 406, 26, 3.27%, 0, 0, 5, 8.15
1701353108, 0, 304, 448, 405, 25, 3.27%, 0, 0, 5, 7.44
1701353113, 0, 308, 448, 404, 24, 3.27%, 0, 0, 5, 7.54
1701354317, 0, 308, 449, 405, 24, 3.28%, 0, 0, 5, 7.75
1701355774, 0, 308, 450, 406, 24, 3.28%, 0, 0, 5, 9.57
1701355841, 0, 311, 450, 405, 23, 3.28%, 0, 0, 5, 9.72
1701356810, 0, 314, 450, 404, 22, 3.28%, 0, 0, 5, 9.31
1701356902, 0, 314, 451, 405, 22, 3.28%, 0, 0, 5, 9.04
1701358021, 0, 315, 451, 404, 21, 3.28%, 0, 0, 5, 8.85
1701359314, 0, 315, 452, 405, 21, 3.28%, 0, 0, 5, 9.31
1701359355, 0, 319, 452, 404, 20, 3.28%, 0, 0, 5, 9.42
1701359544, 0, 319, 453, 405, 20, 3.28%, 0, 0, 5, 8.32
1701361339, 0, 319, 454, 406, 20, 3.28%, 0, 0, 5, 10.53
1701361365, 0, 319, 455, 407, 20, 3.28%, 0, 0, 5, 10.02
1701361463, 0, 327, 455, 406, 20, 3.28%, 0, 0, 5, 10.20
1701361494, 0, 327, 456, 407, 20, 3.28%, 0, 0, 5, 8.51
1701362126, 0, 327, 457, 408, 20, 3.28%, 0, 0, 5, 7.39
1701362244, 0, 327, 458, 409, 20, 3.28%, 0, 0, 5, 7.55
1701362450, 0, 327, 459, 410, 20, 3.29%, 0, 0, 5, 6.97
1701362803, 0, 327, 460, 411, 20, 3.29%, 0, 0, 5, 8.38
1701364400, 0, 331, 460, 410, 22, 3.29%, 0, 0, 5, 7.99
1701364688, 0, 331, 461, 411, 22, 3.29%, 0, 0, 5, 9.16
1701365404, 0, 336, 461, 410, 22, 3.29%, 0, 0, 5, 9.39
1701365440, 0, 336, 462, 411, 22, 3.29%, 0, 0, 5, 10.54
1701365579, 0, 336, 463, 412, 22, 3.29%, 0, 0, 5, 9.54
1701365917, 0, 336, 464, 413, 22, 3.30%, 0, 0, 5, 8.00
1701366865, 0, 336, 465, 414, 22, 3.30%, 0, 0, 5, 10.53
1701366906, 0, 336, 466, 415, 22, 3.30%, 0, 0, 5, 10.30
1701367003, 0, 349, 466, 414, 24, 3.30%, 0, 0, 5, 8.14
1701367055, 0, 349, 467, 415, 24, 3.30%, 0, 0, 5, 8.89
1701367060, 0, 349, 468, 416, 24, 3.30%, 0, 0, 5, 8.74
1701368461, 0, 349, 469, 417, 24, 3.30%, 0, 0, 5, 8.14
1701368523, 0, 355, 469, 416, 23, 3.30%, 0, 0, 5, 7.95
1701371593, 0, 361, 469, 415, 22, 3.30%, 0, 0, 5, 6.38
1701373896, 0, 377, 469, 414, 21, 3.30%, 0, 0, 5, 6.86
1701376777, 0, 378, 469, 413, 20, 3.30%, 0, 0, 5, 8.65
1701377008, 0, 378, 470, 414, 20, 3.30%, 0, 0, 6, 7.50
1701378203, 0, 378, 471, 415, 20, 3.30%, 0, 0, 6, 7.36
1701380714, 0, 382, 471, 414, 21, 3.30%, 0, 0, 6, 7.14
1701381581, 0, 382, 472, 415, 21, 3.30%, 0, 0, 6, 7.84
1701384413, 0, 382, 473, 416, 21, 3.30%, 0, 0, 6, 9.58
1701384485, 0, 392, 473, 415, 21, 3.30%, 0, 0, 6, 8.07
1701384624, 0, 392, 474, 416, 21, 3.30%, 0, 0, 6, 9.04
1701384767, 0, 392, 476, 418, 21, 3.30%, 0, 0, 6, 8.63
1701384772, 0, 392, 478, 420, 21, 3.30%, 0, 0, 6, 8.14
1701384777, 0, 392, 479, 421, 21, 3.30%, 0, 0, 6, 7.46
1701384782, 0, 392, 480, 422, 21, 3.30%, 0, 0, 6, 7.11
1701384793, 0, 392, 482, 424, 21, 3.30%, 0, 0, 6, 8.34
1701387404, 0, 394, 482, 423, 23, 3.30%, 0, 0, 6, 7.13
1701387441, 0, 394, 483, 424, 23, 3.30%, 0, 0, 6, 6.98
1701387559, 0, 394, 484, 425, 23, 3.30%, 0, 0, 6, 8.87
1701387574, 0, 394, 485, 426, 23, 3.30%, 0, 0, 6, 7.84
1701387770, 0, 394, 486, 427, 23, 3.30%, 0, 0, 6, 8.00
1701391370, 0, 394, 487, 428, 23, 3.30%, 0, 0, 6, 7.76
1701391452, 0, 394, 488, 429, 23, 3.30%, 0, 0, 6, 9.77
1701391529, 0, 397, 488, 428, 25, 3.30%, 0, 0, 6, 9.00
1701395235, 0, 403, 488, 427, 24, 3.30%, 0, 0, 6, 10.16
1701395589, 0, 403, 489, 428, 24, 3.30%, 0, 0, 6, 8.05
1701396908, 0, 403, 490, 429, 24, 3.30%, 0, 0, 6, 9.12
1701399286, 0, 404, 490, 428, 24, 3.30%, 0, 0, 6, 9.76
1701399296, 0, 432, 490, 427, 23, 3.30%, 0, 0, 6, 9.78
1701400948, 0, 438, 490, 426, 22, 3.30%, 0, 0, 6, 8.63
1701402106, 0, 447, 490, 425, 21, 3.30%, 0, 0, 6, 9.38
1701402178, 0, 447, 493, 428, 21, 3.30%, 0, 0, 6, 8.29
1701402209, 0, 447, 494, 429, 21, 3.30%, 0, 0, 6, 8.83
1701406270, 0, 452, 494, 427, 22, 3.30%, 0, 0, 6, 8.17
1701409439, 0, 456, 494, 426, 21, 3.30%, 0, 0, 6, 8.21
1701409449, 0, 457, 494, 425, 20, 3.30%, 0, 0, 6, 8.07
1701409506, 0, 457, 495, 426, 20, 3.32%, 0, 0, 6, 7.31
1701409558, 0, 457, 496, 427, 20, 3.32%, 0, 0, 6, 7.54
1701410647, 0, 457, 497, 428, 20, 3.32%, 0, 0, 6, 6.68
1701412648, 0, 457, 499, 430, 20, 3.33%, 0, 0, 6, 8.00
1701413275, 0, 458, 499, 429, 21, 3.33%, 0, 0, 6, 9.15
1701413285, 0, 460, 499, 428, 20, 3.33%, 0, 0, 6, 8.42
1701413419, 0, 460, 500, 429, 20, 3.33%, 0, 0, 6, 6.91
1701414486, 0, 460, 501, 430, 20, 3.33%, 0, 0, 6, 10.24
1701414522, 0, 460, 502, 431, 20, 3.33%, 0, 0, 6, 9.88
1701414563, 0, 460, 503, 432, 20, 3.33%, 0, 0, 6, 9.83
1701414568, 0, 460, 504, 433, 20, 3.33%, 0, 0, 6, 10.08
1701414594, 0, 460, 505, 434, 20, 3.33%, 0, 0, 6, 9.18
1701414635, 0, 460, 506, 435, 20, 3.33%, 0, 0, 6, 10.15
1701414936, 0, 460, 507, 436, 20, 3.33%, 0, 0, 6, 9.88
1701414941, 0, 460, 508, 437, 20, 3.33%, 0, 0, 6, 10.66
1701415147, 0, 461, 508, 436, 21, 3.33%, 0, 0, 6, 9.44
1701415152, 0, 462, 508, 435, 20, 3.33%, 0, 0, 6, 8.07
1701416910, 0, 462, 509, 436, 20, 3.33%, 0, 0, 6, 11.07
1701416946, 0, 462, 510, 437, 20, 3.33%, 0, 0, 6, 10.74
1701416982, 0, 462, 511, 438, 20, 3.33%, 0, 0, 6, 8.63
1701416992, 0, 462, 512, 439, 20, 3.33%, 0, 0, 6, 8.22
1701417192, 0, 462, 513, 440, 20, 3.33%, 0, 0, 6, 9.91
1701417269, 0, 462, 514, 441, 20, 3.33%, 0, 0, 6, 9.63
1701417463, 0, 462, 515, 442, 20, 3.33%, 0, 0, 6, 10.80
1701417504, 0, 462, 516, 443, 20, 3.33%, 0, 0, 6, 9.36
1701417550, 0, 463, 516, 442, 21, 3.33%, 0, 0, 6, 10.58
1701419293, 0, 463, 517, 443, 21, 3.33%, 0, 0, 6, 8.22
1701419314, 0, 463, 518, 444, 21, 3.33%, 0, 0, 6, 10.10
1701419467, 0, 466, 518, 443, 21, 3.33%, 0, 0, 6, 8.77
1701419503, 0, 466, 519, 444, 21, 3.33%, 0, 0, 6, 7.79
1701419529, 0, 466, 520, 445, 21, 3.33%, 0, 0, 6, 8.13
1701419539, 0, 466, 521, 446, 21, 3.33%, 0, 0, 6, 7.83
1701421291, 0, 470, 521, 445, 22, 3.33%, 0, 0, 6, 9.30
1701421296, 0, 471, 521, 444, 21, 3.33%, 0, 0, 6, 8.23
1701421404, 0, 471, 522, 445, 21, 3.33%, 0, 0, 7, 8.26
1701425157, 0, 481, 522, 444, 19, 3.33%, 0, 0, 7, 9.74
1701428311, 0, 485, 522, 443, 18, 3.33%, 0, 0, 7, 9.22
1701432476, 0, 485, 523, 444, 18, 3.33%, 0, 0, 7, 9.58
1701432502, 0, 485, 524, 445, 18, 3.33%, 0, 0, 7, 10.46
1701432579, 0, 485, 525, 446, 18, 3.33%, 0, 0, 7, 9.65
1701432697, 0, 485, 526, 447, 18, 3.33%, 0, 0, 7, 8.99
1701432820, 0, 485, 527, 448, 18, 3.33%, 0, 0, 7, 9.93
1701433138, 0, 487, 527, 447, 19, 3.33%, 0, 0, 7, 9.93
1701433559, 0, 487, 528, 448, 19, 3.33%, 0, 0, 7, 7.46
1701433636, 0, 487, 529, 449, 19, 3.33%, 0, 0, 7, 7.24
1701437329, 0, 489, 529, 448, 18, 3.33%, 0, 0, 7, 9.70
1701437339, 0, 490, 529, 447, 17, 3.33%, 0, 0, 7, 7.93
1701437349, 0, 491, 529, 446, 16, 3.33%, 0, 0, 7, 7.60
1701441118, 0, 491, 530, 447, 16, 3.33%, 0, 0, 7, 7.92
1701441575, 0, 493, 530, 446, 16, 3.33%, 0, 0, 7, 8.63
1701441646, 0, 493, 531, 447, 16, 3.33%, 0, 0, 7, 7.91
1701441740, 0, 493, 532, 448, 16, 3.33%, 0, 0, 7, 7.27
1701441837, 0, 493, 533, 449, 16, 3.33%, 0, 0, 7, 7.86
1701443213, 0, 493, 534, 450, 16, 3.33%, 0, 0, 7, 7.36
1701445974, 0, 493, 535, 451, 16, 3.33%, 0, 0, 7, 9.84
1701446030, 0, 493, 536, 452, 16, 3.33%, 0, 0, 7, 9.09
1701446154, 0, 497, 536, 451, 17, 3.33%, 0, 0, 7, 9.17
1701449271, 0, 498, 536, 450, 16, 3.33%, 0, 0, 7, 6.50
1701449282, 0, 499, 536, 449, 15, 3.33%, 0, 0, 7, 6.78
1701450408, 0, 499, 537, 450, 15, 3.33%, 0, 0, 7, 9.54
1701450413, 0, 499, 538, 451, 15, 3.33%, 0, 0, 7, 9.79
1701450418, 0, 499, 539, 452, 15, 3.33%, 0, 0, 7, 9.34
1701450434, 0, 499, 540, 453, 15, 3.33%, 0, 0, 7, 11.66
1701450500, 0, 499, 541, 454, 15, 3.33%, 0, 0, 7, 10.24
1701450551, 0, 499, 542, 455, 15, 3.33%, 0, 0, 7, 9.06
1701450997, 0, 499, 543, 456, 15, 3.33%, 0, 0, 7, 9.27
1701451049, 0, 505, 543, 455, 15, 3.33%, 0, 0, 7, 9.23
1701451152, 0, 505, 544, 456, 15, 3.33%, 0, 0, 7, 9.04
1701452600, 0, 505, 545, 457, 15, 3.33%, 0, 0, 7, 6.77
1701452621, 0, 505, 546, 458, 15, 3.33%, 0, 0, 7, 8.99
1701452713, 0, 505, 547, 459, 15, 3.33%, 0, 0, 7, 8.94
1701452886, 0, 505, 548, 460, 15, 3.33%, 0, 0, 7, 9.70
1701453271, 0, 508, 548, 459, 16, 3.33%, 0, 0, 7, 9.59
1701453332, 0, 508, 549, 460, 16, 3.33%, 0, 0, 7, 8.96
1701455306, 0, 509, 549, 459, 16, 3.33%, 0, 0, 7, 9.60
1701456878, 0, 509, 550, 460, 16, 3.33%, 0, 0, 7, 9.38
1701457211, 0, 509, 551, 461, 16, 3.33%, 0, 0, 7, 11.72
1701457257, 0, 509, 552, 462, 16, 3.33%, 0, 0, 7, 10.69
1701457333, 0, 509, 553, 463, 16, 3.33%, 0, 0, 7, 11.07
1701457405, 0, 509, 554, 464, 16, 3.33%, 0, 0, 7, 8.71
1701457580, 0, 509, 555, 465, 16, 3.33%, 0, 0, 7, 9.36
1701457846, 0, 513, 555, 464, 19, 3.33%, 0, 0, 7, 10.66
1701460618, 0, 516, 555, 463, 18, 3.33%, 0, 0, 7, 9.07
1701461396, 0, 516, 556, 464, 18, 3.33%, 0, 0, 7, 8.74
1701463016, 0, 516, 557, 465, 18, 3.33%, 0, 0, 7, 10.75
1701463026, 0, 516, 558, 466, 18, 3.33%, 0, 0, 7, 9.34
1701463083, 0, 516, 559, 467, 18, 3.33%, 0, 0, 7, 9.43
1701463350, 0, 517, 559, 466, 17, 3.33%, 0, 0, 7, 8.71
1701465710, 0, 520, 559, 465, 16, 3.33%, 0, 0, 7, 11.30
1701467518, 0, 520, 560, 466, 16, 3.33%, 0, 0, 7, 10.74
1701467554, 0, 520, 561, 467, 16, 3.33%, 0, 0, 7, 9.97
1701467570, 0, 520, 562, 468, 16, 3.33%, 0, 0, 7, 9.77
1701467816, 0, 521, 562, 467, 16, 3.33%, 0, 0, 7, 8.22
1701467821, 0, 523, 562, 466, 15, 3.33%, 0, 0, 7, 8.29
1701467842, 0, 527, 562, 465, 14, 3.33%, 0, 0, 7, 7.83
1701467868, 0, 529, 562, 464, 13, 3.33%, 0, 0, 7, 8.17
1701467883, 0, 529, 563, 465, 13, 3.33%, 0, 0, 8, 10.20
1701467893, 0, 533, 563, 464, 12, 3.33%, 0, 0, 8, 9.16
1701467903, 0, 537, 563, 463, 11, 3.33%, 0, 0, 8, 9.13
1701467914, 0, 546, 563, 462, 9, 3.33%, 0, 0, 8, 10.34
1701467929, 0, 547, 563, 461, 8, 3.33%, 0, 0, 8, 8.88
1701467950, 0, 550, 563, 460, 7, 3.33%, 0, 0, 8, 9.94
1701467960, 0, 552, 563, 459, 6, 3.33%, 0, 0, 8, 10.30
1701467975, 0, 555, 563, 458, 5, 3.33%, 0, 0, 8, 9.57
1701467991, 0, 560, 563, 457, 4, 3.33%, 0, 0, 8, 9.18
1701468006, 0, 562, 563, 456, 3, 3.33%, 0, 0, 8, 9.85
1701468651, 0, 562, 564, 457, 3, 3.33%, 0, 0, 9, 10.37
1701468656, 0, 562, 565, 458, 3, 3.33%, 0, 0, 9, 10.20
1701468825, 0, 562, 566, 459, 3, 3.33%, 0, 0, 9, 10.55
