# unix_time, cycles_done, cur_path, paths_total, pending_total, pending_favs, map_size, unique_crashes, unique_hangs, max_depth, execs_per_sec
1701470857, 0, 0, 1, 1, 1, 1.29%, 0, 0, 1, 9.80
1701470862, 0, 0, 6, 6, 1, 1.86%, 0, 0, 2, 9.95
1701470867, 0, 0, 11, 11, 1, 1.86%, 0, 0, 2, 9.29
1701470872, 0, 0, 17, 17, 1, 1.88%, 0, 0, 2, 11.41
1701470877, 0, 0, 22, 22, 1, 1.88%, 0, 0, 2, 11.59
1701470882, 0, 0, 26, 26, 1, 1.89%, 0, 0, 2, 12.03
1701470888, 0, 0, 31, 31, 1, 1.89%, 0, 0, 2, 14.05
1701470893, 0, 0, 35, 35, 1, 1.99%, 0, 0, 2, 13.10
1701470898, 0, 0, 39, 39, 1, 2.00%, 0, 0, 2, 13.65
1701470903, 0, 0, 43, 43, 1, 2.00%, 0, 0, 2, 13.45
1701470908, 0, 0, 45, 45, 1, 2.00%, 0, 0, 2, 13.06
1701470913, 0, 0, 47, 47, 1, 2.00%, 0, 0, 2, 13.09
1701470923, 0, 0, 48, 48, 1, 2.00%, 0, 0, 2, 11.25
1701470929, 0, 0, 51, 51, 1, 2.00%, 0, 0, 2, 11.85
1701470934, 0, 0, 52, 52, 1, 2.00%, 0, 0, 2, 11.99
1701470939, 0, 0, 53, 53, 1, 2.00%, 0, 0, 2, 10.23
1701470949, 0, 0, 54, 54, 1, 2.01%, 0, 0, 2, 10.88
1701470960, 0, 0, 55, 55, 1, 2.01%, 0, 0, 2, 11.68
1701470980, 0, 13, 55, 54, 15, 2.01%, 0, 0, 2, 1.95
1701470985, 0, 13, 56, 55, 15, 2.01%, 0, 0, 3, 17.41
1701470990, 0, 13, 58, 57, 15, 2.01%, 0, 0, 3, 18.39
1701471010, 0, 13, 59, 58, 15, 2.01%, 0, 0, 3, 13.66
1701471031, 0, 13, 60, 59, 15, 2.01%, 0, 0, 3, 16.39
1701471164, 0, 13, 61, 60, 15, 2.01%, 0, 0, 3, 19.10
1701471373, 0, 13, 62, 61, 15, 2.01%, 0, 0, 3, 18.25
1701471378, 0, 13, 66, 65, 15, 2.01%, 0, 0, 3, 15.40
1701471384, 0, 13, 67, 66, 15, 2.01%, 0, 0, 3, 12.66
1701471389, 0, 13, 69, 68, 15, 2.01%, 0, 0, 3, 12.65
1701471394, 0, 13, 71, 70, 15, 2.01%, 0, 0, 3, 15.80
1701471399, 0, 13, 72, 71, 15, 2.01%, 0, 0, 3, 16.87
1701471404, 0, 13, 73, 72, 15, 2.01%, 0, 0, 3, 18.01
1701471450, 0, 13, 74, 73, 15, 2.01%, 0, 0, 3, 13.62
1701471461, 0, 13, 75, 74, 15, 2.01%, 0, 0, 3, 12.49
1701471476, 0, 13, 76, 75, 15, 2.01%, 0, 0, 3, 14.05
1701471481, 0, 13, 77, 76, 15, 2.01%, 0, 0, 3, 13.75
1701471491, 0, 13, 78, 77, 15, 2.01%, 0, 0, 3, 20.22
1701471502, 0, 13, 79, 78, 15, 2.01%, 0, 0, 3, 18.05
1701471507, 0, 13, 80, 79, 15, 2.01%, 0, 0, 3, 15.07
1701471512, 0, 13, 81, 80, 15, 2.02%, 0, 0, 3, 13.65
1701471517, 0, 13, 82, 81, 15, 2.02%, 0, 0, 3, 16.20
1701471558, 0, 13, 83, 82, 15, 2.02%, 0, 0, 3, 16.16
1701471569, 0, 13, 84, 83, 15, 2.02%, 0, 0, 3, 14.52
1701471584, 0, 13, 86, 85, 15, 2.02%, 0, 0, 3, 16.64
1701471609, 0, 21, 86, 84, 18, 2.02%, 0, 0, 3, 18.40
1701471670, 0, 24, 86, 83, 18, 2.02%, 0, 0, 3, 17.16
1701471680, 0, 24, 88, 85, 18, 2.02%, 0, 0, 3, 18.29
1701471813, 0, 24, 90, 87, 18, 2.02%, 0, 0, 3, 18.09
1701471885, 0, 24, 91, 88, 18, 2.02%, 0, 0, 3, 19.14
1701471890, 0, 24, 92, 89, 18, 2.02%, 0, 0, 3, 18.56
1701471931, 0, 24, 93, 90, 18, 2.02%, 0, 0, 3, 14.41
1701471936, 0, 24, 94, 91, 18, 2.02%, 0, 0, 3, 17.09
1701472064, 0, 24, 95, 92, 18, 2.02%, 0, 0, 3, 13.15
1701472197, 0, 24, 97, 94, 18, 2.02%, 0, 0, 3, 14.92
1701472350, 0, 24, 100, 97, 18, 2.02%, 0, 0, 3, 17.96
1701472355, 0, 24, 101, 98, 18, 2.02%, 0, 0, 3, 17.36
1701472360, 0, 24, 103, 100, 18, 2.02%, 0, 0, 3, 13.76
1701472365, 0, 24, 105, 102, 18, 2.02%, 0, 0, 3, 12.99
1701472370, 0, 24, 106, 103, 18, 2.02%, 0, 0, 3, 15.08
1701472375, 0, 24, 108, 105, 18, 2.02%, 0, 0, 3, 18.92
1701472380, 0, 24, 110, 107, 18, 2.02%, 0, 0, 3, 17.13
1701472385, 0, 24, 111, 108, 18, 2.02%, 0, 0, 3, 14.31
1701472390, 0, 24, 112, 109, 18, 2.02%, 0, 0, 3, 17.21
1701472400, 0, 24, 113, 110, 18, 2.02%, 0, 0, 3, 18.42
1701472406, 0, 24, 115, 112, 18, 2.02%, 0, 0, 3, 17.19
1701472411, 0, 24, 118, 115, 18, 2.02%, 0, 0, 3, 18.44
1701472416, 0, 24, 119, 116, 18, 2.02%, 0, 0, 3, 17.83
1701472431, 0, 24, 120, 117, 18, 2.02%, 0, 0, 3, 16.76
1701472436, 0, 24, 121, 118, 18, 2.02%, 0, 0, 3, 16.11
1701472462, 0, 24, 122, 119, 18, 2.02%, 0, 0, 3, 15.93
1701472477, 0, 24, 123, 120, 18, 2.02%, 0, 0, 3, 19.60
1701472482, 0, 24, 124, 121, 18, 2.02%, 0, 0, 3, 19.00
1701472487, 0, 24, 125, 122, 18, 2.02%, 0, 0, 3, 15.46
1701472507, 0, 24, 126, 123, 18, 2.02%, 0, 0, 3, 16.68
1701472518, 0, 24, 127, 124, 18, 2.02%, 0, 0, 3, 14.35
1701472523, 0, 24, 128, 125, 18, 2.02%, 0, 0, 3, 16.04
1701472549, 0, 24, 130, 127, 18, 2.45%, 0, 0, 3, 14.81
1701472574, 0, 25, 131, 127, 23, 2.45%, 0, 0, 3, 13.80
1701472584, 0, 33, 131, 126, 22, 2.45%, 0, 0, 3, 15.64
1701473019, 0, 39, 131, 125, 21, 2.45%, 0, 0, 3, 16.74
1701473060, 0, 39, 132, 126, 21, 2.45%, 0, 0, 3, 14.94
1701473106, 0, 39, 133, 127, 21, 2.45%, 0, 0, 3, 16.91
1701473177, 0, 39, 135, 129, 21, 2.45%, 0, 0, 3, 14.05
1701473192, 0, 39, 136, 130, 21, 2.45%, 0, 0, 3, 15.32
1701473541, 0, 42, 136, 129, 21, 2.45%, 0, 0, 3, 15.97
1701473561, 0, 46, 136, 128, 20, 2.45%, 0, 0, 3, 17.75
1701473924, 0, 46, 137, 129, 20, 2.45%, 0, 0, 3, 17.99
1701474027, 0, 50, 137, 128, 18, 2.45%, 0, 0, 3, 14.26
1701474457, 0, 50, 138, 129, 18, 2.45%, 0, 0, 3, 13.95
1701474467, 0, 51, 138, 128, 18, 2.45%, 0, 0, 3, 16.11
1701475004, 0, 52, 138, 127, 17, 2.45%, 0, 0, 3, 17.43
1701475014, 0, 52, 140, 129, 17, 2.45%, 0, 0, 3, 17.58
1701475152, 0, 52, 141, 130, 17, 2.45%, 0, 0, 3, 16.24
1701475280, 0, 52, 142, 131, 17, 2.45%, 0, 0, 3, 17.77
1701475592, 0, 58, 142, 130, 18, 2.45%, 0, 0, 3, 13.87
1701476011, 0, 58, 143, 131, 18, 2.45%, 0, 0, 4, 17.84
1701476022, 0, 58, 144, 132, 18, 2.45%, 0, 0, 4, 19.23
1701476032, 0, 59, 144, 131, 17, 2.45%, 0, 0, 4, 18.35
1701476431, 0, 59, 145, 132, 17, 2.45%, 0, 0, 4, 15.47
1701476441, 0, 63, 145, 131, 16, 2.45%, 0, 0, 4, 17.60
1701476446, 0, 63, 148, 134, 16, 2.45%, 0, 0, 4, 16.23
1701476616, 0, 70, 148, 133, 17, 2.45%, 0, 0, 4, 17.45
1701476707, 0, 72, 148, 132, 16, 2.45%, 0, 0, 4, 17.53
1701476906, 0, 80, 148, 131, 15, 2.45%, 0, 0, 4, 6.60
1701476958, 0, 84, 148, 130, 14, 2.45%, 0, 0, 4, 18.39
1701477224, 0, 86, 148, 129, 13, 2.45%, 0, 0, 4, 12.79
1701477905, 0, 86, 149, 130, 13, 2.45%, 0, 0, 4, 17.74
1701477910, 0, 86, 151, 132, 13, 2.45%, 0, 0, 4, 18.73
1701477935, 0, 86, 152, 133, 13, 2.45%, 0, 0, 4, 13.52
1701477940, 0, 86, 153, 134, 13, 2.45%, 0, 0, 4, 18.56
1701477986, 0, 86, 154, 135, 13, 2.45%, 0, 0, 4, 19.15
1701478002, 0, 86, 156, 137, 13, 2.45%, 0, 0, 4, 15.32
1701478007, 0, 86, 158, 139, 13, 2.47%, 0, 0, 4, 16.60
1701478012, 0, 86, 159, 140, 13, 2.47%, 0, 0, 4, 18.37
1701478022, 0, 86, 160, 141, 13, 2.47%, 0, 0, 4, 18.47
1701478038, 0, 86, 161, 142, 13, 2.47%, 0, 0, 4, 18.63
1701478053, 0, 86, 162, 143, 13, 2.47%, 0, 0, 4, 18.11
1701478094, 0, 86, 164, 145, 13, 2.47%, 0, 0, 4, 18.04
1701478100, 0, 89, 165, 145, 14, 2.47%, 0, 0, 4, 14.80
1701478355, 0, 89, 166, 146, 14, 2.47%, 0, 0, 4, 19.41
1701478744, 0, 92, 166, 145, 14, 2.47%, 0, 0, 4, 17.83
1701479393, 0, 93, 166, 144, 13, 2.47%, 0, 0, 4, 13.51
1701480103, 0, 93, 168, 146, 13, 2.47%, 0, 0, 4, 14.93
1701480129, 0, 115, 168, 145, 13, 2.47%, 0, 0, 4, 16.61
1701480134, 0, 115, 169, 146, 13, 2.47%, 0, 0, 4, 15.57
1701480579, 0, 129, 169, 145, 12, 2.47%, 0, 0, 4, 11.96
1701480604, 0, 129, 174, 150, 12, 2.55%, 0, 0, 4, 11.78
1701480609, 0, 129, 180, 156, 12, 2.59%, 0, 0, 4, 10.70
1701480615, 0, 129, 183, 159, 12, 2.65%, 0, 0, 4, 10.18
1701480620, 0, 129, 188, 164, 12, 2.65%, 0, 0, 4, 12.78
1701480625, 0, 129, 192, 168, 12, 2.66%, 0, 0, 4, 13.77
1701480630, 0, 129, 195, 171, 12, 2.67%, 0, 0, 4, 15.64
1701480650, 0, 129, 196, 172, 12, 2.67%, 0, 0, 4, 13.07
1701480656, 0, 129, 198, 174, 12, 2.68%, 0, 0, 4, 10.55
1701480661, 0, 129, 201, 177, 12, 2.70%, 0, 0, 4, 11.82
1701480666, 0, 129, 203, 179, 12, 2.70%, 0, 0, 4, 13.64
1701480696, 0, 129, 206, 182, 12, 2.71%, 0, 0, 4, 13.58
1701480701, 0, 129, 209, 185, 12, 2.71%, 0, 0, 4, 10.85
1701480727, 0, 129, 211, 187, 12, 2.71%, 0, 0, 4, 12.69
1701480732, 0, 129, 212, 188, 12, 2.71%, 0, 0, 4, 12.44
1701480860, 0, 129, 215, 191, 12, 2.71%, 0, 0, 4, 14.46
1701480866, 0, 129, 216, 192, 12, 2.75%, 0, 0, 4, 12.09
1701480871, 0, 129, 217, 193, 12, 2.75%, 0, 0, 4, 10.93
1701480876, 0, 129, 219, 195, 12, 2.75%, 0, 0, 4, 13.33
1701480881, 0, 129, 220, 196, 12, 2.75%, 0, 0, 4, 12.91
1701480886, 0, 129, 222, 198, 12, 2.75%, 0, 0, 4, 12.69
1701480896, 0, 129, 226, 202, 12, 2.77%, 0, 0, 4, 14.07
1701480906, 0, 129, 228, 204, 12, 2.77%, 0, 0, 4, 15.16
1701480911, 0, 129, 229, 205, 12, 2.77%, 0, 0, 4, 13.75
1701480927, 0, 129, 230, 206, 12, 2.77%, 0, 0, 4, 14.23
1701480942, 0, 129, 231, 207, 12, 2.77%, 0, 0, 4, 14.33
1701480947, 0, 129, 232, 208, 12, 2.77%, 0, 0, 4, 12.55
1701480952, 0, 129, 233, 209, 12, 2.77%, 0, 0, 4, 15.70
1701480993, 0, 129, 234, 210, 12, 2.77%, 0, 0, 4, 16.41
1701481060, 0, 129, 235, 211, 12, 2.77%, 0, 0, 4, 16.39
1701481076, 0, 129, 237, 213, 12, 2.77%, 0, 0, 4, 11.17
1701481204, 0, 129, 238, 214, 12, 2.77%, 0, 0, 4, 17.66
1701481214, 0, 129, 239, 215, 12, 2.77%, 0, 0, 4, 15.95
1701481224, 0, 129, 240, 216, 12, 2.77%, 0, 0, 4, 14.79
1701481270, 0, 129, 241, 217, 12, 2.77%, 0, 0, 4, 14.91
1701481275, 0, 129, 243, 219, 12, 2.77%, 0, 0, 4, 16.69
1701481281, 0, 129, 245, 221, 12, 2.77%, 0, 0, 4, 14.26
1701481291, 0, 129, 246, 222, 12, 2.77%, 0, 0, 4, 14.02
1701481296, 0, 129, 250, 226, 12, 2.77%, 0, 0, 4, 15.90
1701481301, 0, 129, 252, 228, 12, 2.77%, 0, 0, 4, 14.33
1701481306, 0, 129, 254, 230, 12, 2.77%, 0, 0, 4, 16.15
1701481311, 0, 129, 255, 231, 12, 2.77%, 0, 0, 4, 14.68
1701481316, 0, 129, 256, 232, 12, 2.77%, 0, 0, 4, 11.74
1701481322, 0, 129, 258, 234, 12, 2.77%, 0, 0, 4, 15.50
1701481327, 0, 129, 259, 235, 12, 2.78%, 0, 0, 4, 16.46
1701481332, 0, 129, 260, 236, 12, 2.78%, 0, 0, 4, 15.49
1701481337, 0, 129, 261, 237, 12, 2.78%, 0, 0, 4, 17.78
1701481342, 0, 129, 263, 239, 12, 2.78%, 0, 0, 4, 15.17
1701481347, 0, 129, 264, 240, 12, 2.78%, 0, 0, 4, 13.50
1701481352, 0, 129, 265, 241, 12, 2.78%, 0, 0, 4, 16.17
1701481357, 0, 129, 267, 243, 12, 2.78%, 0, 0, 4, 16.67
1701481363, 0, 129, 268, 244, 12, 2.78%, 0, 0, 4, 16.39
1701481368, 0, 129, 270, 246, 12, 2.78%, 0, 0, 4, 16.08
1701481378, 0, 129, 272, 248, 12, 2.78%, 0, 0, 4, 13.07
1701481383, 0, 129, 273, 249, 12, 2.78%, 0, 0, 4, 13.78
1701481398, 0, 129, 274, 250, 12, 2.78%, 0, 0, 4, 17.29
1701481409, 0, 129, 275, 251, 12, 2.78%, 0, 0, 4, 12.78
1701481419, 0, 129, 276, 252, 12, 2.78%, 0, 0, 4, 16.52
1701481434, 0, 129, 277, 253, 12, 2.78%, 0, 0, 4, 16.14
1701481439, 0, 129, 279, 255, 12, 2.78%, 0, 0, 4, 14.35
1701481444, 0, 129, 280, 256, 12, 2.78%, 0, 0, 4, 14.17
1701481470, 0, 129, 281, 257, 12, 2.78%, 0, 0, 4, 13.21
1701481486, 0, 129, 282, 258, 12, 2.78%, 0, 0, 4, 15.22
1701481506, 0, 129, 283, 259, 12, 2.78%, 0, 0, 4, 17.36
1701481516, 0, 133, 283, 258, 36, 2.78%, 0, 0, 4, 17.92
1701481694, 0, 133, 284, 259, 36, 2.78%, 0, 0, 4, 15.38
1701482047, 0, 134, 284, 258, 35, 2.78%, 0, 0, 4, 18.16
1701482241, 0, 134, 285, 259, 35, 2.78%, 0, 0, 4, 16.14
1701482517, 0, 140, 285, 258, 35, 2.78%, 0, 0, 4, 10.84
1701482799, 0, 140, 286, 259, 35, 2.78%, 0, 0, 4, 18.28
1701483091, 0, 140, 287, 260, 35, 2.78%, 0, 0, 4, 15.28
1701483096, 0, 140, 288, 261, 35, 2.78%, 0, 0, 4, 16.05
1701483117, 0, 141, 288, 260, 35, 2.78%, 0, 0, 4, 13.10
1701483690, 0, 141, 290, 262, 35, 2.78%, 0, 0, 4, 12.98
1701483710, 0, 145, 290, 261, 34, 2.78%, 0, 0, 4, 17.83
1701483899, 0, 146, 290, 260, 33, 2.78%, 0, 0, 4, 17.21
1701484069, 0, 159, 290, 259, 32, 2.78%, 0, 0, 4, 15.06
1701484519, 0, 164, 290, 258, 31, 2.78%, 0, 0, 4, 15.55
1701484529, 0, 164, 292, 260, 31, 2.78%, 0, 0, 5, 16.10
1701485004, 0, 164, 293, 261, 31, 2.78%, 0, 0, 5, 18.02
1701485520, 0, 164, 294, 262, 31, 2.78%, 0, 0, 5, 14.28
1701485526, 0, 164, 295, 263, 31, 2.78%, 0, 0, 5, 14.25
1701485531, 0, 164, 297, 265, 31, 2.78%, 0, 0, 5, 12.36
1701485546, 0, 164, 298, 266, 31, 2.78%, 0, 0, 5, 16.45
1701485577, 0, 164, 299, 267, 31, 2.78%, 0, 0, 5, 15.64
1701485582, 0, 164, 300, 268, 31, 2.78%, 0, 0, 5, 14.01
1701485633, 0, 164, 301, 269, 31, 2.78%, 0, 0, 5, 12.76
1701485643, 0, 164, 302, 270, 31, 2.78%, 0, 0, 5, 13.29
1701485673, 0, 164, 303, 271, 31, 2.78%, 0, 0, 5, 13.53
1701485730, 0, 164, 304, 272, 31, 2.78%, 0, 0, 5, 14.80
1701485740, 0, 165, 304, 271, 31, 2.78%, 0, 0, 5, 15.64
1701486390, 0, 165, 305, 272, 31, 2.78%, 0, 0, 5, 14.80
1701486395, 0, 165, 306, 273, 31, 2.78%, 0, 0, 5, 16.21
1701486436, 0, 165, 307, 274, 31, 2.78%, 0, 0, 5, 18.49
1701486452, 0, 165, 308, 275, 31, 2.78%, 0, 0, 5, 15.73
1701486482, 0, 165, 309, 276, 31, 2.78%, 0, 0, 5, 17.96
1701486502, 0, 165, 310, 277, 31, 2.78%, 0, 0, 5, 18.25
1701486574, 0, 165, 311, 278, 31, 2.78%, 0, 0, 5, 15.21
1701486600, 0, 166, 311, 277, 30, 2.78%, 0, 0, 5, 13.10
1701486881, 0, 166, 312, 278, 30, 2.78%, 0, 0, 5, 13.87
1701487511, 0, 177, 312, 277, 29, 2.78%, 0, 0, 5, 16.48
1701487527, 0, 177, 313, 278, 29, 2.78%, 0, 0, 5, 18.01
1701487752, 0, 177, 315, 280, 29, 2.79%, 0, 0, 5, 14.84
1701487763, 0, 177, 316, 281, 29, 2.79%, 0, 0, 5, 12.43
1701487799, 0, 177, 317, 282, 29, 2.79%, 0, 0, 5, 14.03
1701488189, 0, 178, 317, 281, 29, 2.79%, 0, 0, 5, 16.73
1701488214, 0, 178, 319, 283, 29, 2.79%, 0, 0, 5, 12.99
1701488450, 0, 178, 320, 284, 29, 2.80%, 0, 0, 5, 9.98
1701488455, 0, 178, 322, 286, 29, 2.80%, 0, 0, 5, 14.70
1701488861, 0, 193, 322, 285, 30, 2.80%, 0, 0, 5, 1.37
1701488887, 0, 193, 323, 286, 30, 2.80%, 0, 0, 5, 14.22
1701488923, 0, 193, 324, 287, 30, 2.80%, 0, 0, 5, 12.78
1701488933, 0, 193, 325, 288, 30, 2.81%, 0, 0, 5, 13.10
1701488939, 0, 193, 326, 289, 30, 2.81%, 0, 0, 5, 12.83
1701488974, 0, 193, 327, 290, 30, 2.81%, 0, 0, 5, 10.78
1701489133, 0, 193, 328, 291, 30, 2.81%, 0, 0, 5, 16.24
1701489204, 0, 193, 330, 293, 30, 2.81%, 0, 0, 5, 15.56
1701489214, 0, 193, 331, 294, 30, 2.82%, 0, 0, 5, 14.69
1701489224, 0, 193, 332, 295, 30, 2.82%, 0, 0, 5, 11.43
1701489562, 0, 193, 333, 296, 30, 2.82%, 0, 0, 5, 14.39
1701489568, 0, 193, 334, 297, 30, 2.82%, 0, 0, 5, 16.64
1701489573, 0, 193, 335, 298, 30, 2.83%, 0, 0, 5, 15.62
1701489629, 0, 193, 336, 299, 30, 2.83%, 0, 0, 5, 16.48
1701489634, 0, 193, 337, 300, 30, 2.83%, 0, 0, 5, 13.91
1701489645, 0, 193, 339, 302, 30, 2.83%, 0, 0, 5, 13.67
1701489665, 0, 193, 340, 303, 30, 2.83%, 0, 0, 5, 11.70
1701489675, 0, 193, 341, 304, 30, 2.83%, 0, 0, 5, 12.10
1701489691, 0, 193, 342, 305, 30, 2.83%, 0, 0, 5, 16.16
1701489701, 0, 193, 344, 307, 30, 2.83%, 0, 0, 5, 17.39
1701489711, 0, 193, 345, 308, 30, 2.83%, 0, 0, 5, 16.32
1701489732, 0, 193, 346, 309, 30, 2.83%, 0, 0, 5, 14.44
1701489753, 0, 193, 347, 310, 30, 2.83%, 0, 0, 5, 15.33
1701489773, 0, 193, 348, 311, 30, 2.83%, 0, 0, 5, 15.53
1701489789, 0, 198, 348, 310, 34, 2.83%, 0, 0, 5, 1.74
1701489814, 0, 198, 349, 311, 34, 2.84%, 0, 0, 5, 14.66
1701489849, 0, 198, 350, 312, 34, 2.84%, 0, 0, 5, 11.16
1701489880, 0, 198, 351, 313, 34, 2.84%, 0, 0, 5, 15.32
1701490055, 0, 198, 353, 315, 34, 2.84%, 0, 0, 5, 13.78
1701490060, 0, 198, 354, 316, 34, 2.84%, 0, 0, 5, 13.87
1701490162, 0, 198, 356, 318, 34, 2.85%, 0, 0, 5, 15.29
1701490480, 0, 198, 357, 319, 34, 2.85%, 0, 0, 5, 11.09
1701490495, 0, 198, 358, 320, 34, 2.85%, 0, 0, 5, 14.78
1701490521, 0, 198, 359, 321, 34, 2.85%, 0, 0, 5, 15.04
1701490547, 0, 198, 360, 322, 34, 2.85%, 0, 0, 5, 14.23
1701490557, 0, 198, 361, 323, 34, 2.85%, 0, 0, 5, 14.07
1701490562, 0, 198, 362, 324, 34, 2.85%, 0, 0, 5, 14.54
1701490593, 0, 198, 363, 325, 34, 2.85%, 0, 0, 5, 16.15
1701490654, 0, 198, 364, 326, 34, 2.85%, 0, 0, 5, 15.79
1701490695, 0, 201, 364, 325, 39, 2.85%, 0, 0, 5, 15.45
1701490956, 0, 201, 365, 326, 39, 2.85%, 0, 0, 5, 14.10
1701491341, 0, 201, 366, 327, 39, 2.85%, 0, 0, 5, 14.48
1701491362, 0, 201, 367, 328, 39, 2.85%, 0, 0, 5, 14.00
1701491382, 0, 202, 367, 327, 38, 2.85%, 0, 0, 5, 16.21
1701491639, 0, 202, 368, 328, 38, 2.85%, 0, 0, 5, 14.98
1701492048, 0, 202, 369, 329, 38, 2.85%, 0, 0, 5, 12.08
1701492059, 0, 202, 371, 331, 38, 2.85%, 0, 0, 5, 11.29
1701492079, 0, 202, 372, 332, 38, 2.85%, 0, 0, 5, 15.37
1701492105, 0, 202, 373, 333, 38, 2.85%, 0, 0, 5, 16.62
1701492171, 0, 202, 374, 334, 38, 2.85%, 0, 0, 5, 15.26
1701492196, 0, 202, 375, 335, 38, 2.85%, 0, 0, 5, 17.16
1701492207, 0, 202, 376, 336, 38, 2.85%, 0, 0, 5, 16.66
1701492263, 0, 203, 376, 335, 37, 2.85%, 0, 0, 5, 12.92
1701492509, 0, 203, 377, 336, 37, 2.85%, 0, 0, 5, 16.86
1701492539, 0, 203, 378, 337, 37, 2.85%, 0, 0, 5, 14.16
1701492959, 0, 221, 378, 336, 36, 2.85%, 0, 0, 5, 12.12
1701493583, 0, 221, 379, 337, 36, 2.85%, 0, 0, 5, 13.66
1701493604, 0, 222, 379, 336, 35, 2.85%, 0, 0, 5, 10.93
1701493624, 0, 222, 380, 337, 35, 2.85%, 0, 0, 5, 16.12
1701494280, 0, 227, 380, 336, 34, 2.85%, 0, 0, 5, 9.56
1701494300, 0, 227, 381, 337, 34, 2.85%, 0, 0, 5, 15.86
1701494372, 0, 227, 382, 338, 34, 2.85%, 0, 0, 5, 13.76
1701494623, 0, 227, 383, 339, 34, 2.85%, 0, 0, 5, 14.19
1701494629, 0, 227, 384, 340, 34, 2.85%, 0, 0, 5, 13.21
1701494982, 0, 232, 384, 339, 33, 2.85%, 0, 0, 5, 15.55
1701495008, 0, 232, 385, 340, 33, 2.85%, 0, 0, 5, 14.30
1701495223, 0, 232, 386, 341, 33, 2.85%, 0, 0, 5, 15.69
1701495623, 0, 233, 386, 340, 32, 2.85%, 0, 0, 5, 17.64
1701496258, 0, 248, 386, 339, 31, 2.85%, 0, 0, 5, 1.45
1701496826, 0, 258, 386, 338, 30, 2.85%, 0, 0, 5, 9.03
1701497026, 0, 258, 387, 339, 30, 2.85%, 0, 0, 5, 14.66
1701497098, 0, 258, 388, 340, 30, 2.85%, 0, 0, 5, 14.75
1701497523, 0, 258, 390, 342, 30, 2.85%, 0, 0, 5, 16.19
1701497533, 0, 258, 391, 343, 30, 2.85%, 0, 0, 5, 15.20
1701497584, 0, 258, 392, 344, 30, 2.85%, 0, 0, 5, 17.10
1701497635, 0, 258, 393, 345, 30, 2.85%, 0, 0, 5, 15.57
1701497650, 0, 258, 394, 346, 30, 2.85%, 0, 0, 5, 14.60
1701497666, 0, 258, 395, 347, 30, 2.85%, 0, 0, 5, 14.30
1701497671, 0, 258, 396, 348, 30, 2.85%, 0, 0, 5, 11.97
1701497676, 0, 258, 397, 349, 30, 2.85%, 0, 0, 5, 10.72
1701497681, 0, 258, 398, 350, 30, 2.85%, 0, 0, 5, 11.73
1701497696, 0, 258, 399, 351, 30, 2.85%, 0, 0, 5, 10.38
1701497712, 0, 258, 400, 352, 30, 2.85%, 0, 0, 5, 11.48
1701497758, 0, 266, 400, 351, 32, 2.85%, 0, 0, 5, 9.22
1701498004, 0, 266, 401, 352, 32, 2.85%, 0, 0, 5, 14.48
1701498353, 0, 266, 402, 353, 32, 2.85%, 0, 0, 5, 11.91
1701498374, 0, 266, 403, 354, 32, 2.85%, 0, 0, 5, 15.76
1701498394, 0, 266, 404, 355, 32, 2.85%, 0, 0, 5, 17.52
1701498420, 0, 266, 405, 356, 32, 2.85%, 0, 0, 5, 14.66
1701498481, 0, 266, 406, 357, 32, 2.85%, 0, 0, 5, 17.09
1701498532, 0, 266, 407, 358, 32, 2.85%, 0, 0, 5, 16.28
1701498558, 0, 273, 407, 357, 31, 2.85%, 0, 0, 5, 13.54
1701498578, 0, 273, 408, 358, 31, 2.85%, 0, 0, 5, 15.55
1701498710, 0, 273, 409, 359, 31, 2.85%, 0, 0, 5, 14.23
1701499181, 0, 284, 409, 358, 29, 2.85%, 0, 0, 5, 16.56
1701499656, 0, 284, 410, 359, 29, 2.85%, 0, 0, 5, 16.83
1701499671, 0, 284, 411, 360, 29, 2.85%, 0, 0, 5, 15.91
1701499707, 0, 285, 411, 359, 28, 2.85%, 0, 0, 5, 16.48
1701500000, 0, 285, 412, 360, 28, 2.85%, 0, 0, 5, 17.32
1701500296, 0, 285, 413, 361, 28, 2.85%, 0, 0, 5, 17.85
1701500301, 0, 285, 414, 362, 28, 2.85%, 0, 0, 5, 14.37
1701500348, 0, 292, 414, 361, 28, 2.85%, 0, 0, 5, 2.81
1701501352, 0, 306, 414, 360, 27, 2.85%, 0, 0, 5, 10.86
1701501363, 0, 306, 416, 362, 27, 2.85%, 0, 0, 6, 14.72
1701501701, 0, 306, 417, 363, 27, 2.85%, 0, 0, 6, 17.18
1701502121, 0, 312, 417, 362, 27, 2.85%, 0, 0, 6, 17.42
1701502792, 0, 313, 417, 361, 26, 2.85%, 0, 0, 6, 12.77
1701503069, 0, 313, 418, 362, 26, 2.85%, 0, 0, 6, 14.44
1701503484, 0, 313, 419, 363, 26, 2.85%, 0, 0, 6, 13.24
1701503505, 0, 313, 421, 365, 26, 2.85%, 0, 0, 6, 11.16
1701503531, 0, 313, 422, 366, 26, 2.85%, 0, 0, 6, 15.50
1701503592, 0, 313, 423, 367, 26, 2.85%, 0, 0, 6, 13.35
1701503649, 0, 313, 424, 368, 26, 2.85%, 0, 0, 6, 12.97
1701503705, 0, 313, 425, 369, 26, 2.85%, 0, 0, 6, 17.27
1701503720, 0, 314, 425, 368, 26, 2.85%, 0, 0, 6, 16.76
1701503977, 0, 314, 426, 369, 26, 2.85%, 0, 0, 6, 14.84
1701504392, 0, 314, 427, 370, 26, 2.85%, 0, 0, 6, 14.85
1701504412, 0, 320, 427, 369, 26, 2.85%, 0, 0, 6, 16.64
1701504438, 0, 320, 428, 370, 26, 2.85%, 0, 0, 6, 16.31
1701504648, 0, 320, 429, 371, 26, 2.85%, 0, 0, 6, 13.95
1701505068, 0, 322, 429, 370, 25, 2.85%, 0, 0, 6, 15.93
1701505129, 0, 322, 430, 371, 25, 2.86%, 0, 0, 6, 14.56
1701505344, 0, 322, 431, 372, 25, 2.86%, 0, 0, 6, 12.21
1701505375, 0, 322, 432, 373, 25, 2.86%, 0, 0, 6, 10.27
1701505380, 0, 322, 433, 374, 25, 2.87%, 0, 0, 6, 10.91
1701505773, 0, 322, 434, 375, 25, 2.87%, 0, 0, 6, 14.59
1701505794, 0, 326, 434, 374, 28, 2.87%, 0, 0, 6, 14.88
1701506122, 0, 326, 436, 376, 28, 2.87%, 0, 0, 6, 15.70
1701506495, 0, 328, 436, 375, 29, 2.87%, 0, 0, 6, 14.42
1701507192, 0, 328, 437, 376, 29, 2.87%, 0, 0, 6, 12.04
1701507212, 0, 330, 437, 375, 28, 2.87%, 0, 0, 6, 12.09
1701507248, 0, 330, 438, 376, 28, 2.87%, 0, 0, 6, 11.51
1701507576, 0, 330, 439, 377, 28, 2.87%, 0, 0, 6, 12.38
1701507929, 0, 334, 439, 376, 28, 2.87%, 0, 0, 6, 11.85
1701508747, 0, 334, 440, 377, 28, 2.87%, 0, 0, 6, 16.84
1701508752, 0, 334, 441, 378, 28, 2.87%, 0, 0, 6, 14.98
1701508788, 0, 334, 442, 379, 28, 2.87%, 0, 0, 6, 16.69
1701508814, 0, 334, 443, 380, 28, 2.87%, 0, 0, 6, 16.07
1701508865, 0, 334, 444, 381, 28, 2.87%, 0, 0, 6, 12.33
1701508916, 0, 334, 445, 382, 28, 2.87%, 0, 0, 6, 13.32
1701508941, 0, 334, 446, 383, 28, 2.87%, 0, 0, 6, 14.49
1701508967, 0, 339, 446, 382, 27, 2.87%, 0, 0, 6, 11.91
1701508992, 0, 339, 447, 383, 27, 2.87%, 0, 0, 6, 11.15
1701509111, 0, 339, 448, 384, 27, 2.87%, 0, 0, 6, 11.14
1701509321, 0, 339, 449, 385, 27, 2.87%, 0, 0, 6, 8.64
1701509372, 0, 339, 450, 386, 27, 2.87%, 0, 0, 6, 10.37
1701509838, 0, 342, 450, 385, 27, 2.87%, 0, 0, 6, 10.74
1701509916, 0, 342, 451, 386, 27, 2.88%, 0, 0, 6, 14.72
1701509921, 0, 342, 452, 387, 27, 2.88%, 0, 0, 6, 13.40
1701510084, 0, 346, 452, 386, 27, 2.88%, 0, 0, 6, 14.39
1701510544, 0, 346, 453, 387, 27, 2.88%, 0, 0, 6, 13.34
1701510570, 0, 348, 453, 386, 26, 2.88%, 0, 0, 6, 17.22
1701511235, 0, 348, 454, 387, 26, 2.88%, 0, 0, 6, 17.67
1701511245, 0, 348, 455, 388, 26, 2.88%, 0, 0, 6, 17.63
1701511281, 0, 350, 455, 387, 25, 2.88%, 0, 0, 6, 15.36
1701511997, 0, 351, 455, 386, 24, 2.88%, 0, 0, 6, 14.73
1701512053, 0, 351, 456, 387, 24, 2.88%, 0, 0, 6, 13.78
1701512663, 0, 352, 456, 386, 24, 2.88%, 0, 0, 6, 14.64
1701513301, 0, 352, 457, 387, 24, 2.88%, 0, 0, 6, 15.45
1701513327, 0, 353, 457, 386, 23, 2.88%, 0, 0, 6, 13.07
1701513989, 0, 353, 458, 387, 23, 2.88%, 0, 0, 6, 15.49
1701513999, 0, 353, 459, 388, 23, 2.88%, 0, 0, 6, 15.02
1701514045, 0, 354, 459, 387, 22, 2.88%, 0, 0, 6, 13.98
1701514772, 0, 354, 460, 388, 22, 2.88%, 0, 0, 6, 15.42
1701514793, 0, 354, 461, 389, 22, 2.88%, 0, 0, 6, 15.94
1701514819, 0, 354, 462, 390, 22, 2.88%, 0, 0, 6, 13.67
1701514829, 0, 354, 463, 391, 22, 2.88%, 0, 0, 6, 12.88
1701514849, 0, 354, 464, 392, 22, 2.88%, 0, 0, 6, 13.37
1701514987, 0, 355, 464, 391, 21, 2.88%, 0, 0, 6, 13.77
1701515710, 0, 376, 464, 390, 20, 2.88%, 0, 0, 6, 0.68
1701516381, 0, 376, 465, 391, 20, 2.88%, 0, 0, 6, 12.84
1701516437, 0, 376, 466, 392, 20, 2.88%, 0, 0, 6, 15.50
1701516442, 0, 376, 468, 394, 20, 2.88%, 0, 0, 6, 12.83
1701516458, 0, 376, 469, 395, 20, 2.88%, 0, 0, 6, 10.85
1701516504, 0, 376, 470, 396, 20, 2.88%, 0, 0, 6, 15.78
1701516514, 0, 376, 471, 397, 20, 2.88%, 0, 0, 6, 16.21
1701516576, 0, 376, 472, 398, 20, 2.88%, 0, 0, 6, 16.05
1701516591, 0, 376, 473, 399, 20, 2.88%, 0, 0, 6, 14.35
1701516627, 0, 376, 474, 400, 20, 2.88%, 0, 0, 6, 13.02
1701516632, 0, 376, 475, 401, 20, 2.88%, 0, 0, 6, 14.83
1701516642, 0, 376, 476, 402, 20, 2.88%, 0, 0, 6, 14.31
1701516663, 0, 377, 476, 401, 19, 2.88%, 0, 0, 6, 15.35
1701517355, 0, 377, 477, 402, 19, 2.88%, 0, 0, 6, 12.43
1701517370, 0, 387, 477, 401, 18, 2.88%, 0, 0, 6, 13.54
1701517923, 0, 387, 478, 402, 18, 2.88%, 0, 0, 6, 16.90
1701517939, 0, 388, 478, 401, 17, 2.88%, 0, 0, 6, 16.25
1701517954, 0, 388, 479, 402, 17, 2.88%, 0, 0, 6, 14.37
1701517959, 0, 388, 480, 403, 17, 2.88%, 0, 0, 6, 15.81
1701517969, 0, 388, 481, 404, 17, 2.88%, 0, 0, 6, 15.31
1701518128, 0, 388, 482, 405, 17, 2.88%, 0, 0, 6, 15.24
1701518133, 0, 388, 483, 406, 17, 2.88%, 0, 0, 6, 11.79
1701518169, 0, 388, 485, 408, 17, 2.88%, 0, 0, 6, 13.79
1701518174, 0, 388, 486, 409, 17, 2.88%, 0, 0, 6, 14.31
1701518205, 0, 388, 487, 410, 17, 2.88%, 0, 0, 6, 13.38
1701518210, 0, 388, 488, 411, 17, 2.88%, 0, 0, 6, 14.52
1701518220, 0, 388, 489, 412, 17, 2.88%, 0, 0, 6, 15.26
1701518558, 0, 388, 490, 413, 17, 2.88%, 0, 0, 6, 17.95
1701518568, 0, 389, 490, 412, 18, 2.88%, 0, 0, 6, 17.64
1701518768, 0, 389, 491, 413, 18, 2.88%, 0, 0, 6, 15.80
1701519369, 0, 412, 491, 412, 17, 2.88%, 0, 0, 6, 0.58
1701519716, 0, 412, 492, 413, 17, 2.88%, 0, 0, 6, 14.30
1701519742, 0, 417, 492, 412, 16, 2.88%, 0, 0, 6, 15.23
1701520393, 0, 420, 492, 411, 15, 2.88%, 0, 0, 6, 16.28
1701520419, 0, 420, 493, 412, 15, 2.88%, 0, 0, 7, 14.07
1701520429, 0, 420, 494, 413, 15, 2.88%, 0, 0, 7, 11.61
1701520470, 0, 420, 495, 414, 15, 2.88%, 0, 0, 7, 12.93
1701520516, 0, 420, 496, 415, 15, 2.88%, 0, 0, 7, 11.02
1701520659, 0, 420, 497, 416, 15, 2.88%, 0, 0, 7, 12.42
1701521048, 0, 420, 498, 417, 15, 2.88%, 0, 0, 7, 12.23
1701521227, 0, 420, 499, 418, 15, 2.88%, 0, 0, 7, 10.11
1701522127, 0, 420, 500, 419, 15, 2.88%, 0, 0, 7, 11.24
1701522183, 0, 420, 502, 421, 15, 2.88%, 0, 0, 7, 13.26
1701522188, 0, 420, 503, 422, 15, 2.88%, 0, 0, 7, 14.33
1701522193, 0, 420, 504, 423, 15, 2.88%, 0, 0, 7, 15.05
1701522198, 0, 420, 505, 424, 15, 2.88%, 0, 0, 7, 13.84
1701522203, 0, 420, 506, 425, 15, 2.88%, 0, 0, 7, 12.82
1701522208, 0, 420, 507, 426, 15, 2.88%, 0, 0, 7, 12.15
1701522214, 0, 420, 508, 427, 15, 2.88%, 0, 0, 7, 11.05
1701522234, 0, 420, 509, 428, 15, 2.88%, 0, 0, 7, 13.32
1701522239, 0, 420, 510, 429, 15, 2.88%, 0, 0, 7, 15.15
1701522255, 0, 420, 511, 430, 15, 2.88%, 0, 0, 7, 14.54
1701522275, 0, 420, 512, 431, 15, 2.88%, 0, 0, 7, 14.58
1701522347, 0, 420, 513, 432, 15, 2.88%, 0, 0, 7, 12.28
1701522352, 0, 420, 515, 434, 15, 2.88%, 0, 0, 7, 12.48
1701522367, 0, 425, 515, 433, 15, 2.88%, 0, 0, 7, 14.02
1701522603, 0, 425, 516, 434, 15, 2.88%, 0, 0, 7, 15.95
1701523003, 0, 425, 518, 436, 15, 2.88%, 0, 0, 7, 12.96
1701523028, 0, 425, 519, 437, 15, 2.88%, 0, 0, 7, 17.52
1701523074, 0, 425, 520, 438, 15, 2.88%, 0, 0, 7, 17.86
1701523100, 0, 425, 521, 439, 15, 2.88%, 0, 0, 7, 12.27
1701523166, 0, 425, 522, 440, 15, 2.88%, 0, 0, 7, 17.18
1701523182, 0, 425, 523, 441, 15, 2.88%, 0, 0, 7, 17.22
1701523187, 0, 425, 524, 442, 15, 2.88%, 0, 0, 7, 13.20
1701523208, 0, 427, 524, 441, 16, 2.88%, 0, 0, 7, 14.15
1701523857, 0, 428, 524, 440, 15, 2.88%, 0, 0, 7, 12.35
1701524098, 0, 428, 525, 441, 15, 2.88%, 0, 0, 7, 16.99
1701524518, 0, 428, 526, 442, 15, 2.88%, 0, 0, 7, 11.54
1701524548, 0, 429, 526, 441, 15, 2.88%, 0, 0, 7, 13.04
1701525291, 0, 430, 526, 440, 14, 2.88%, 0, 0, 7, 12.54
1701525322, 0, 430, 527, 441, 14, 2.88%, 0, 0, 7, 13.24
1701525358, 0, 430, 528, 442, 14, 2.88%, 0, 0, 7, 14.49
1701525594, 0, 430, 529, 443, 14, 2.89%, 0, 0, 7, 13.89
1701525994, 0, 431, 529, 442, 16, 2.89%, 0, 0, 7, 14.68
1701526726, 0, 432, 529, 441, 15, 2.89%, 0, 0, 7, 16.80
1701526782, 0, 432, 530, 442, 15, 2.89%, 0, 0, 7, 13.91
1701527028, 0, 432, 532, 444, 15, 2.89%, 0, 0, 7, 14.97
1701527424, 0, 432, 533, 445, 15, 2.89%, 0, 0, 7, 13.60
1701527429, 0, 432, 534, 446, 15, 2.89%, 0, 0, 7, 13.35
1701527434, 0, 432, 535, 447, 15, 2.89%, 0, 0, 7, 15.57
1701527485, 0, 432, 536, 448, 15, 2.89%, 0, 0, 7, 17.09
1701527521, 0, 432, 537, 449, 15, 2.89%, 0, 0, 7, 13.81
1701527562, 0, 432, 538, 450, 15, 2.89%, 0, 0, 7, 16.95
1701527567, 0, 432, 539, 451, 15, 2.89%, 0, 0, 7, 17.49
1701527639, 0, 434, 539, 450, 17, 2.89%, 0, 0, 7, 12.18
1701527981, 0, 434, 540, 451, 17, 2.89%, 0, 0, 7, 12.08
1701528391, 0, 434, 541, 452, 17, 2.89%, 0, 0, 7, 17.35
1701528401, 0, 434, 542, 453, 17, 2.89%, 0, 0, 7, 15.60
1701528443, 0, 435, 542, 452, 16, 2.89%, 0, 0, 7, 14.16
1701529196, 0, 435, 543, 453, 16, 2.89%, 0, 0, 7, 13.36
1701529227, 0, 438, 543, 452, 15, 2.89%, 0, 0, 7, 15.37
1701529942, 0, 446, 543, 451, 14, 2.89%, 0, 0, 7, 9.40
1701530834, 0, 446, 544, 452, 14, 2.89%, 0, 0, 7, 11.86
1701530859, 0, 450, 544, 451, 13, 2.89%, 0, 0, 7, 15.55
1701531039, 0, 455, 544, 450, 12, 2.89%, 0, 0, 7, 5.65
1701531316, 0, 455, 545, 451, 12, 2.89%, 0, 0, 7, 12.21
1701531828, 0, 479, 545, 450, 11, 2.89%, 0, 0, 7, 14.65
1701532540, 0, 481, 545, 449, 10, 2.89%, 0, 0, 7, 13.98
1701533191, 0, 509, 545, 448, 9, 2.89%, 0, 0, 7, 1.09
1701534122, 0, 515, 545, 447, 9, 2.89%, 0, 0, 7, 10.86
1701534184, 0, 515, 546, 448, 9, 2.89%, 0, 0, 8, 13.64
1701534772, 0, 518, 546, 447, 8, 2.89%, 0, 0, 8, 15.04
1701534777, 0, 518, 547, 448, 8, 2.89%, 0, 0, 8, 17.58
1701535258, 0, 518, 548, 449, 8, 2.89%, 0, 0, 8, 13.70
1701535279, 0, 526, 548, 448, 8, 2.89%, 0, 0, 8, 1.92
1701536012, 0, 526, 549, 449, 8, 2.89%, 0, 0, 8, 14.46
1701536037, 0, 527, 549, 448, 7, 2.89%, 0, 0, 8, 15.38
1701536749, 0, 527, 550, 449, 7, 2.89%, 0, 0, 8, 13.08
1701536770, 0, 527, 551, 450, 7, 2.89%, 0, 0, 8, 10.99
1701536805, 0, 527, 552, 451, 7, 2.89%, 0, 0, 8, 13.32
1701536867, 0, 528, 552, 450, 6, 2.89%, 0, 0, 8, 11.71
1701537600, 0, 528, 553, 451, 6, 2.89%, 0, 0, 8, 13.72
1701537611, 0, 528, 554, 452, 6, 2.89%, 0, 0, 8, 10.67
1701537626, 0, 528, 555, 453, 6, 2.89%, 0, 0, 8, 14.73
1701537708, 0, 529, 555, 452, 5, 2.89%, 0, 0, 8, 14.61
1701537739, 0, 529, 556, 453, 5, 2.90%, 0, 0, 8, 12.76
1701538472, 0, 529, 557, 454, 5, 2.90%, 0, 0, 8, 11.68
1701538492, 0, 530, 557, 453, 4, 2.90%, 0, 0, 8, 11.35
1701539245, 0, 530, 558, 454, 4, 2.90%, 0, 0, 8, 15.22
1701539255, 0, 530, 559, 455, 4, 2.90%, 0, 0, 8, 14.06
1701539275, 0, 530, 560, 456, 4, 2.90%, 0, 0, 8, 14.91
1701539332, 0, 530, 561, 457, 4, 2.90%, 0, 0, 8, 14.50
1701539399, 0, 530, 562, 458, 4, 2.90%, 0, 0, 8, 14.00
1701539470, 0, 530, 563, 459, 4, 2.90%, 0, 0, 8, 12.81
1701539491, 0, 532, 563, 458, 3, 2.90%, 0, 0, 8, 12.46
1701539517, 0, 532, 564, 459, 3, 2.90%, 0, 0, 8, 11.62
1701539557, 0, 532, 565, 460, 3, 2.90%, 0, 0, 8, 12.59
1701539819, 0, 532, 566, 461, 3, 2.90%, 0, 0, 8, 12.68
1701539855, 0, 532, 567, 462, 3, 2.90%, 0, 0, 8, 13.00
1701540219, 0, 532, 568, 463, 3, 2.90%, 0, 0, 8, 12.48
1701540240, 0, 546, 568, 462, 5, 2.90%, 0, 0, 8, 11.41
1701540696, 0, 546, 570, 464, 5, 2.90%, 0, 0, 9, 16.61
1701540727, 0, 546, 571, 465, 5, 2.90%, 0, 0, 9, 15.27
1701540732, 0, 546, 572, 466, 5, 2.90%, 0, 0, 9, 16.45
1701540737, 0, 546, 573, 467, 5, 2.90%, 0, 0, 9, 16.92
1701540793, 0, 546, 574, 468, 5, 2.90%, 0, 0, 9, 12.09
1701540854, 0, 555, 574, 467, 4, 2.90%, 0, 0, 9, 13.29
1701541583, 0, 555, 575, 468, 4, 2.90%, 0, 0, 9, 16.26
1701541613, 0, 565, 575, 467, 3, 2.90%, 0, 0, 9, 13.22
1701541875, 0, 565, 576, 468, 3, 2.90%, 0, 0, 9, 13.04
1701542330, 0, 565, 577, 469, 3, 2.90%, 0, 0, 9, 15.00
1701542356, 0, 565, 580, 472, 3, 2.90%, 0, 0, 9, 17.45
1701542366, 0, 565, 581, 473, 3, 2.90%, 0, 0, 9, 18.70
1701542406, 0, 565, 582, 474, 3, 2.90%, 0, 0, 9, 15.77
1701542427, 0, 565, 583, 475, 3, 2.90%, 0, 0, 9, 16.00
1701542442, 0, 565, 584, 476, 3, 2.90%, 0, 0, 9, 14.90
1701542468, 0, 565, 585, 477, 3, 2.90%, 0, 0, 9, 12.12
1701542483, 0, 565, 586, 478, 3, 2.90%, 0, 0, 9, 14.66
1701542489, 0, 566, 586, 477, 3, 2.90%, 0, 0, 9, 15.65
1701543164, 0, 566, 587, 478, 3, 2.90%, 0, 0, 9, 15.18
1701543195, 0, 566, 588, 479, 3, 2.90%, 0, 0, 9, 11.57
1701543256, 0, 567, 588, 478, 2, 2.90%, 0, 0, 9, 9.81
1701544004, 0, 579, 588, 477, 1, 2.90%, 0, 0, 9, 14.29
1701544638, 1, 5, 588, 476, 0, 2.90%, 0, 0, 9, 18.08
1701544777, 1, 6, 588, 475, 0, 2.90%, 0, 0, 9, 14.25
1701545504, 1, 17, 588, 474, 0, 2.90%, 0, 0, 9, 10.67
1701545955, 1, 19, 588, 473, 0, 2.90%, 0, 0, 9, 16.89
1701546483, 1, 25, 588, 472, 0, 2.90%, 0, 0, 9, 14.57
1701546488, 1, 28, 588, 472, 0, 2.90%, 0, 0, 9, 13.56
1701547253, 1, 29, 588, 471, 0, 2.90%, 0, 0, 9, 13.67
1701547882, 1, 32, 588, 470, 0, 2.90%, 0, 0, 9, 14.79
1701548327, 1, 46, 588, 469, 0, 2.90%, 0, 0, 9, 1.49
1701548332, 1, 48, 588, 469, 0, 2.90%, 0, 0, 9, 12.89
1701549162, 1, 54, 588, 468, 0, 2.90%, 0, 0, 9, 15.40
1701549321, 1, 62, 588, 467, 0, 2.90%, 0, 0, 9, 14.39
1701549501, 1, 72, 588, 466, 0, 2.90%, 0, 0, 9, 6.36
1701549506, 1, 74, 588, 466, 0, 2.90%, 0, 0, 9, 13.20
1701550179, 1, 74, 589, 467, 0, 2.90%, 0, 0, 9, 15.90
1701550189, 1, 74, 590, 468, 0, 2.90%, 0, 0, 9, 17.58
1701550205, 1, 78, 590, 467, 0, 2.90%, 0, 0, 9, 14.76
1701550741, 1, 80, 590, 466, 0, 2.90%, 0, 0, 9, 17.41
1701550747, 1, 82, 590, 466, 0, 2.90%, 0, 0, 9, 16.20
1701551181, 1, 84, 590, 465, 0, 2.90%, 0, 0, 9, 15.59
1701551186, 1, 95, 590, 465, 0, 2.90%, 0, 0, 9, 15.78
1701551912, 1, 99, 590, 464, 0, 2.90%, 0, 0, 9, 17.43
1701552643, 1, 100, 590, 463, 0, 2.90%, 0, 0, 9, 17.88
1701553379, 1, 101, 590, 462, 0, 2.90%, 0, 0, 9, 15.31
1701554352, 1, 103, 590, 461, 0, 2.90%, 0, 0, 9, 14.88
1701555121, 1, 103, 591, 462, 0, 2.90%, 0, 0, 9, 13.72
1701555131, 1, 104, 591, 461, 0, 2.90%, 0, 0, 9, 13.89
1701555914, 1, 105, 591, 460, 0, 2.90%, 0, 0, 9, 12.16
1701556903, 1, 106, 591, 459, 0, 2.90%, 0, 0, 9, 13.96
1701557338, 1, 120, 591, 458, 0, 2.90%, 0, 0, 9, 14.44
1701558090, 1, 125, 591, 457, 0, 2.90%, 0, 0, 9, 9.48
1701558521, 1, 125, 592, 458, 0, 2.90%, 0, 0, 9, 18.45
1701558531, 1, 128, 592, 457, 0, 2.90%, 0, 0, 9, 14.74
1701558971, 1, 132, 592, 456, 0, 2.90%, 0, 0, 9, 12.36
1701559555, 1, 141, 592, 455, 0, 2.90%, 0, 0, 9, 14.19
1701559560, 1, 144, 592, 455, 0, 2.90%, 0, 0, 9, 14.21
1701560103, 1, 144, 593, 456, 0, 2.90%, 0, 0, 9, 15.06
1701560114, 1, 144, 594, 457, 0, 2.90%, 0, 0, 9, 15.09
1701560139, 1, 144, 595, 458, 0, 2.90%, 0, 0, 9, 16.48
1701560155, 1, 144, 596, 459, 0, 2.90%, 0, 0, 9, 14.99
1701560257, 1, 144, 597, 460, 0, 2.90%, 0, 0, 9, 18.73
1701560262, 1, 144, 598, 461, 0, 2.90%, 0, 0, 9, 17.05
1701560273, 1, 144, 599, 462, 0, 2.90%, 0, 0, 9, 17.99
1701560298, 1, 144, 600, 463, 0, 2.90%, 0, 0, 9, 17.01
1701560314, 1, 146, 600, 462, 0, 2.90%, 0, 0, 9, 16.56
1701560319, 1, 150, 600, 462, 0, 2.90%, 0, 0, 9, 16.64
1701561532, 1, 152, 600, 461, 0, 2.90%, 0, 0, 9, 11.56
1701562279, 1, 155, 600, 460, 0, 2.90%, 0, 0, 9, 13.73
1701562721, 1, 155, 601, 461, 0, 2.90%, 0, 0, 9, 12.01
1701563171, 1, 199, 601, 460, 1, 2.90%, 0, 0, 9, 9.29
1701563910, 1, 199, 602, 461, 1, 2.90%, 0, 0, 9, 14.13
1701563933, 1, 453, 602, 460, 1, 2.90%, 0, 0, 9, 0.39
1701564128, 1, 453, 603, 461, 1, 2.90%, 0, 0, 9, 14.89
1701564522, 1, 453, 604, 462, 1, 2.90%, 0, 0, 9, 11.77
1701564527, 1, 453, 606, 464, 1, 2.90%, 0, 0, 9, 11.39
1701564625, 1, 453, 607, 465, 1, 2.90%, 0, 0, 9, 15.52
1701564645, 1, 453, 608, 466, 1, 2.90%, 0, 0, 9, 16.92
1701564681, 1, 453, 609, 467, 1, 2.91%, 0, 0, 9, 17.55
1701564722, 1, 453, 610, 468, 1, 2.91%, 0, 0, 9, 17.01
1701564738, 1, 494, 610, 467, 3, 2.91%, 0, 0, 9, 13.27
1701566637, 1, 494, 613, 470, 3, 2.91%, 0, 0, 9, 14.63
1701566642, 1, 494, 615, 472, 3, 2.91%, 0, 0, 9, 15.22
1701566647, 1, 494, 617, 474, 3, 2.91%, 0, 0, 9, 13.59
1701566653, 1, 494, 618, 475, 3, 2.92%, 0, 0, 9, 14.37
1701566709, 1, 494, 620, 477, 3, 2.92%, 0, 0, 9, 10.28
1701566724, 1, 494, 621, 478, 3, 2.92%, 0, 0, 9, 10.60
1701566740, 1, 494, 622, 479, 3, 2.92%, 0, 0, 9, 9.89
1701566760, 1, 494, 623, 480, 3, 2.92%, 0, 0, 9, 9.90
1701566812, 1, 494, 624, 481, 3, 2.92%, 0, 0, 9, 12.47
1701566852, 1, 494, 626, 483, 3, 2.92%, 0, 0, 9, 9.36
1701566878, 1, 494, 627, 484, 3, 2.92%, 0, 0, 9, 11.93
1701566914, 1, 511, 627, 483, 4, 2.92%, 0, 0, 9, 0.80
1701567016, 1, 511, 628, 484, 4, 2.92%, 0, 0, 9, 10.05
1701567822, 1, 511, 630, 486, 4, 2.92%, 0, 0, 9, 7.54
1701568875, 1, 511, 631, 487, 4, 2.92%, 0, 0, 9, 12.18
1701568886, 1, 511, 632, 488, 4, 2.92%, 0, 0, 9, 12.71
1701568934, 1, 600, 632, 487, 4, 2.92%, 0, 0, 9, 0.84
1701569037, 1, 600, 634, 489, 4, 3.12%, 0, 0, 9, 13.00
1701570250, 1, 602, 634, 488, 6, 3.12%, 0, 0, 9, 15.68
1701570850, 1, 608, 634, 487, 5, 3.12%, 0, 0, 9, 16.48
1701570958, 1, 608, 636, 489, 5, 3.15%, 0, 0, 9, 15.40
1701571138, 1, 608, 637, 490, 5, 3.15%, 0, 0, 9, 16.72
1701571281, 1, 608, 638, 491, 5, 3.15%, 0, 0, 9, 10.65
1701572734, 1, 608, 639, 492, 5, 3.15%, 0, 0, 9, 15.33
1701572744, 1, 608, 640, 493, 5, 3.16%, 0, 0, 9, 15.16
1701572764, 1, 608, 641, 494, 5, 3.16%, 0, 0, 9, 14.06
1701572780, 1, 608, 642, 495, 5, 3.16%, 0, 0, 9, 17.15
1701572795, 1, 608, 643, 496, 5, 3.16%, 0, 0, 9, 11.75
1701572820, 1, 608, 644, 497, 5, 3.16%, 0, 0, 9, 16.58
1701572857, 1, 608, 645, 498, 5, 3.16%, 0, 0, 9, 15.59
1701572867, 1, 608, 646, 499, 5, 3.16%, 0, 0, 9, 14.50
1701572898, 1, 608, 647, 500, 5, 3.16%, 0, 0, 9, 11.63
1701572908, 1, 608, 648, 501, 5, 3.16%, 0, 0, 9, 14.41
1701572949, 1, 617, 648, 500, 8, 3.16%, 0, 0, 9, 12.64
1701573334, 1, 617, 649, 501, 8, 3.16%, 0, 0, 9, 9.91
1701573938, 1, 617, 650, 502, 8, 3.16%, 0, 0, 9, 12.72
1701574471, 1, 617, 651, 503, 8, 3.16%, 0, 0, 9, 13.79
1701578544, 1, 617, 653, 505, 8, 3.16%, 0, 0, 9, 14.60
1701578554, 1, 617, 654, 506, 8, 3.16%, 0, 0, 9, 16.31
1701578565, 1, 617, 655, 507, 8, 3.16%, 0, 0, 9, 15.96
1701578570, 1, 617, 656, 508, 8, 3.16%, 0, 0, 9, 15.34
1701578585, 1, 617, 657, 509, 8, 3.17%, 0, 0, 9, 14.56
1701578595, 1, 617, 659, 511, 8, 3.17%, 0, 0, 9, 14.13
1701578600, 1, 617, 660, 512, 8, 3.17%, 0, 0, 9, 16.08
1701578616, 1, 617, 661, 513, 8, 3.17%, 0, 0, 9, 10.52
1701578657, 1, 617, 662, 514, 8, 3.17%, 0, 0, 9, 12.20
1701578682, 1, 617, 663, 515, 8, 3.17%, 0, 0, 9, 15.90
1701578739, 1, 631, 663, 514, 10, 3.17%, 0, 0, 9, 6.11
1701578811, 1, 631, 664, 515, 10, 3.17%, 0, 0, 9, 6.94
1701580059, 1, 631, 665, 516, 10, 3.17%, 0, 0, 9, 7.28
1701582150, 1, 631, 666, 517, 10, 3.17%, 0, 0, 9, 7.56
1701586247, 1, 631, 669, 520, 10, 3.17%, 0, 0, 9, 9.60
1701586252, 1, 631, 670, 521, 10, 3.17%, 0, 0, 9, 8.41
1701586258, 1, 631, 671, 522, 10, 3.17%, 0, 0, 9, 8.51
1701586324, 1, 631, 673, 524, 10, 3.17%, 0, 0, 9, 9.14
1701586442, 1, 631, 674, 525, 10, 3.17%, 0, 0, 9, 10.95
1701586452, 1, 632, 674, 524, 10, 3.17%, 0, 0, 9, 9.60
1701586457, 1, 632, 675, 525, 10, 3.17%, 0, 0, 9, 10.99
1701586483, 1, 632, 677, 527, 10, 3.17%, 0, 0, 9, 12.82
1701586621, 1, 632, 678, 528, 10, 3.17%, 0, 0, 9, 11.47
1701587780, 1, 632, 679, 529, 10, 3.17%, 0, 0, 9, 12.62
1701587811, 1, 632, 680, 530, 10, 3.18%, 0, 0, 9, 13.76
1701587826, 1, 632, 681, 531, 10, 3.18%, 0, 0, 9, 12.95
1701587831, 1, 632, 682, 532, 10, 3.18%, 0, 0, 9, 11.99
1701587944, 1, 632, 684, 534, 10, 3.18%, 0, 0, 9, 9.88
1701587954, 1, 632, 685, 535, 10, 3.18%, 0, 0, 9, 15.68
1701587995, 1, 632, 687, 537, 10, 3.18%, 0, 0, 9, 15.11
1701588000, 1, 632, 688, 538, 10, 3.18%, 0, 0, 9, 15.97
1701588031, 1, 633, 688, 537, 13, 3.18%, 0, 0, 9, 13.57
1701588241, 1, 633, 689, 538, 13, 3.20%, 0, 0, 9, 12.21
1701588431, 1, 633, 690, 539, 13, 3.21%, 0, 0, 9, 9.35
1701589471, 1, 633, 691, 540, 13, 3.21%, 0, 0, 9, 13.76
1701589517, 1, 633, 692, 541, 13, 3.21%, 0, 0, 9, 13.76
1701589533, 1, 633, 693, 542, 13, 3.21%, 0, 0, 9, 16.44
1701589543, 1, 633, 694, 543, 13, 3.21%, 0, 0, 9, 13.44
1701589625, 1, 633, 695, 544, 13, 3.21%, 0, 0, 9, 15.53
1701589686, 1, 634, 695, 543, 14, 3.21%, 0, 0, 9, 15.77
1701590415, 1, 634, 696, 544, 14, 3.21%, 0, 0, 9, 15.41
1701590420, 1, 634, 697, 545, 14, 3.21%, 0, 0, 9, 13.99
1701590430, 1, 634, 698, 546, 14, 3.21%, 0, 0, 9, 14.71
1701590512, 1, 634, 699, 547, 14, 3.21%, 0, 0, 9, 11.60
1701590588, 1, 637, 699, 546, 13, 3.21%, 0, 0, 9, 14.48
1701590685, 1, 637, 700, 547, 13, 3.21%, 0, 0, 9, 16.25
1701590881, 1, 637, 701, 548, 13, 3.21%, 0, 0, 9, 12.49
1701592013, 1, 637, 702, 549, 13, 3.21%, 0, 0, 9, 11.98
1701592700, 1, 637, 703, 550, 13, 3.21%, 0, 0, 9, 11.25
1701592751, 1, 637, 704, 551, 13, 3.21%, 0, 0, 9, 14.73
1701592756, 1, 637, 705, 552, 13, 3.21%, 0, 0, 9, 15.14
1701592766, 1, 637, 706, 553, 13, 3.21%, 0, 0, 9, 14.30
1701592818, 1, 637, 708, 555, 13, 3.21%, 0, 0, 9, 18.52
1701592859, 1, 643, 708, 554, 13, 3.21%, 0, 0, 9, 15.16
1701593232, 1, 643, 709, 555, 13, 3.21%, 0, 0, 9, 14.40
1701594834, 1, 643, 710, 556, 13, 3.21%, 0, 0, 9, 12.60
1701594911, 1, 653, 710, 555, 12, 3.21%, 0, 0, 9, 14.04
1701596749, 1, 653, 711, 556, 12, 3.21%, 0, 0, 10, 12.72
1701602407, 1, 653, 712, 557, 12, 3.21%, 0, 0, 10, 11.73
1701602882, 1, 653, 713, 558, 12, 3.21%, 0, 0, 10, 14.19
1701602944, 1, 656, 713, 557, 11, 3.21%, 0, 0, 10, 15.86
1701605107, 1, 656, 714, 558, 11, 3.21%, 0, 0, 10, 18.50
1701605168, 1, 674, 714, 557, 10, 3.21%, 0, 0, 10, 17.78
1701606490, 1, 675, 714, 556, 9, 3.21%, 0, 0, 10, 13.48
1701607745, 1, 675, 715, 557, 9, 3.21%, 0, 0, 10, 14.29
1701607781, 1, 676, 715, 556, 8, 3.21%, 0, 0, 10, 13.84
1701609098, 1, 681, 715, 555, 7, 3.21%, 0, 0, 10, 13.63
1701609308, 1, 681, 716, 556, 7, 3.21%, 0, 0, 10, 9.89
1701610906, 1, 681, 717, 557, 7, 3.21%, 0, 0, 10, 10.22
1701610921, 1, 681, 719, 559, 7, 3.21%, 0, 0, 10, 14.38
1701610942, 1, 681, 720, 560, 7, 3.21%, 0, 0, 10, 15.68
1701610947, 1, 681, 721, 561, 7, 3.21%, 0, 0, 10, 15.55
1701610952, 1, 681, 722, 562, 7, 3.21%, 0, 0, 10, 13.29
1701610982, 1, 681, 723, 563, 7, 3.21%, 0, 0, 10, 15.42
1701610987, 1, 681, 724, 564, 7, 3.21%, 0, 0, 10, 13.90
1701611018, 1, 681, 725, 565, 7, 3.21%, 0, 0, 10, 13.58
1701611023, 1, 681, 726, 566, 7, 3.21%, 0, 0, 10, 14.99
1701611085, 1, 681, 727, 567, 7, 3.21%, 0, 0, 10, 14.36
1701611136, 1, 688, 727, 566, 9, 3.21%, 0, 0, 10, 13.89
1701612550, 1, 688, 728, 567, 9, 3.21%, 0, 0, 10, 12.98
1701612561, 1, 688, 729, 568, 9, 3.21%, 0, 0, 10, 17.07
1701612658, 1, 689, 729, 567, 8, 3.21%, 0, 0, 10, 14.92
1701612694, 1, 689, 730, 568, 8, 3.21%, 0, 0, 10, 14.33
1701612786, 1, 689, 731, 569, 8, 3.21%, 0, 0, 10, 14.15
1701614219, 1, 697, 731, 568, 8, 3.21%, 0, 0, 10, 11.30
1701614419, 1, 697, 732, 569, 8, 3.21%, 0, 0, 10, 8.58
1701614439, 1, 697, 733, 570, 8, 3.21%, 0, 0, 10, 8.42
1701614516, 1, 697, 734, 571, 8, 3.21%, 0, 0, 10, 10.52
1701615947, 1, 697, 735, 572, 8, 3.21%, 0, 0, 10, 11.00
1701616116, 1, 697, 736, 573, 8, 3.21%, 0, 0, 10, 9.69
1701618121, 1, 697, 737, 574, 8, 3.21%, 0, 0, 10, 12.51
1701618126, 1, 697, 738, 575, 8, 3.21%, 0, 0, 10, 12.05
1701618188, 1, 697, 739, 576, 8, 3.21%, 0, 0, 10, 8.64
1701618203, 1, 697, 740, 577, 8, 3.21%, 0, 0, 10, 8.74
1701618296, 1, 699, 740, 576, 8, 3.21%, 0, 0, 10, 12.66
1701620328, 1, 707, 740, 575, 7, 3.21%, 0, 0, 10, 16.24
1701620563, 1, 707, 742, 577, 7, 3.21%, 0, 0, 10, 13.15
1701624599, 1, 716, 742, 576, 6, 3.21%, 0, 0, 10, 8.02
1701624676, 1, 716, 743, 577, 6, 3.21%, 0, 0, 10, 9.63
1701627688, 1, 716, 744, 578, 6, 3.21%, 0, 0, 10, 11.10
1701627719, 1, 716, 745, 579, 6, 3.21%, 0, 0, 10, 14.02
1701627729, 1, 716, 746, 580, 6, 3.21%, 0, 0, 10, 14.08
1701627755, 1, 716, 747, 581, 6, 3.21%, 0, 0, 10, 12.57
1701627760, 1, 716, 749, 583, 6, 3.21%, 0, 0, 10, 12.81
1701627863, 1, 720, 749, 582, 6, 3.21%, 0, 0, 10, 12.90
1701627965, 1, 720, 750, 583, 6, 3.21%, 0, 0, 10, 10.64
1701628083, 1, 720, 751, 584, 6, 3.21%, 0, 0, 10, 10.78
1701630025, 1, 720, 752, 585, 6, 3.21%, 0, 0, 10, 10.19
1701630050, 1, 720, 753, 586, 6, 3.21%, 0, 0, 10, 9.83
1701630071, 1, 720, 754, 587, 6, 3.21%, 0, 0, 10, 10.28
1701630101, 1, 720, 755, 588, 6, 3.21%, 0, 0, 10, 11.41
1701630148, 1, 720, 756, 589, 6, 3.21%, 0, 0, 10, 11.39
1701630199, 1, 720, 757, 590, 6, 3.21%, 0, 0, 10, 12.00
1701630230, 1, 720, 758, 591, 6, 3.21%, 0, 0, 10, 11.86
1701630235, 1, 722, 758, 590, 5, 3.21%, 0, 0, 10, 13.46
1701631565, 1, 729, 758, 589, 4, 3.21%, 0, 0, 10, 14.25
1701633188, 1, 729, 759, 590, 4, 3.21%, 0, 0, 10, 14.83
1701633244, 1, 734, 759, 589, 3, 3.21%, 0, 0, 10, 13.43
1701633470, 1, 734, 760, 590, 3, 3.21%, 0, 0, 11, 8.60
1701633773, 1, 734, 761, 591, 3, 3.21%, 0, 0, 11, 11.33
1701634541, 1, 734, 762, 592, 3, 3.21%, 0, 0, 11, 10.95
1701637579, 1, 734, 763, 593, 3, 3.21%, 0, 0, 11, 9.99
1701637589, 1, 734, 764, 594, 3, 3.21%, 0, 0, 11, 12.70
1701637707, 1, 734, 765, 595, 3, 3.21%, 0, 0, 11, 12.29
1701637779, 1, 745, 765, 594, 3, 3.21%, 0, 0, 11, 12.51
1701641397, 1, 745, 766, 595, 3, 3.21%, 0, 0, 11, 13.83
1701641402, 1, 745, 767, 596, 3, 3.21%, 0, 0, 11, 13.86
1701641407, 1, 745, 768, 597, 3, 3.21%, 0, 0, 11, 13.94
1701641412, 1, 745, 769, 598, 3, 3.21%, 0, 0, 11, 14.05
1701641540, 1, 745, 770, 599, 3, 3.21%, 0, 0, 11, 10.37
1701641550, 1, 745, 771, 600, 3, 3.21%, 0, 0, 11, 13.18
1701641576, 1, 760, 771, 599, 2, 3.21%, 0, 0, 11, 1.39
