# unix_time, cycles_done, cur_path, paths_total, pending_total, pending_favs, map_size, unique_crashes, unique_hangs, max_depth, execs_per_sec
1701125238, 0, 0, 1, 1, 1, 0.90%, 0, 0, 1, 36.36
1701125243, 0, 0, 4, 4, 1, 1.03%, 0, 0, 2, 57.50
1701125248, 0, 0, 25, 25, 1, 1.03%, 0, 0, 2, 54.27
1701125253, 0, 0, 47, 47, 1, 1.03%, 0, 0, 2, 46.19
1701125258, 0, 0, 61, 61, 1, 1.03%, 0, 0, 2, 36.04
1701125264, 0, 0, 66, 66, 1, 1.03%, 0, 0, 2, 33.02
1701125269, 0, 0, 69, 69, 1, 1.03%, 0, 0, 2, 30.93
1701125279, 0, 0, 79, 79, 1, 1.03%, 0, 0, 2, 28.80
1701125299, 0, 0, 83, 83, 1, 1.03%, 0, 0, 2, 32.89
1701125310, 0, 0, 86, 86, 1, 1.03%, 0, 0, 2, 29.43
1701125315, 0, 0, 92, 92, 1, 1.03%, 0, 0, 2, 30.60
1701125320, 0, 0, 103, 103, 1, 1.03%, 0, 0, 2, 31.13
1701125325, 0, 0, 106, 106, 1, 1.03%, 0, 0, 2, 33.08
1701125330, 0, 0, 109, 109, 1, 1.03%, 0, 0, 2, 29.99
1701125335, 0, 0, 110, 110, 1, 1.03%, 0, 0, 2, 28.82
1701125340, 0, 0, 118, 118, 1, 1.03%, 0, 0, 2, 35.93
1701125345, 0, 0, 126, 126, 1, 1.03%, 0, 0, 2, 35.65
1701125350, 0, 0, 131, 131, 1, 1.03%, 0, 0, 2, 33.70
1701125356, 0, 0, 136, 136, 1, 1.03%, 0, 0, 2, 35.08
1701125361, 0, 0, 140, 140, 1, 1.03%, 0, 0, 2, 35.76
1701125366, 0, 0, 141, 141, 1, 1.03%, 0, 0, 2, 33.29
1701125371, 0, 0, 142, 142, 1, 1.03%, 0, 0, 2, 32.50
1701125381, 0, 0, 145, 145, 1, 1.03%, 0, 0, 2, 36.40
1701125387, 0, 0, 146, 146, 1, 1.03%, 0, 0, 2, 34.83
1701125397, 0, 0, 147, 147, 1, 1.03%, 0, 0, 2, 34.02
1701125412, 0, 0, 149, 149, 1, 1.03%, 0, 0, 2, 38.52
1701125417, 0, 0, 151, 151, 1, 1.03%, 0, 0, 2, 39.19
1701125422, 0, 0, 153, 153, 1, 1.03%, 0, 0, 2, 40.93
1701125427, 0, 0, 156, 156, 1, 1.03%, 0, 0, 2, 39.92
1701125432, 0, 0, 157, 157, 1, 1.03%, 0, 0, 2, 36.12
1701125437, 0, 0, 158, 158, 1, 1.03%, 0, 0, 2, 38.91
1701125443, 0, 0, 160, 160, 1, 1.03%, 0, 0, 2, 36.88
1701125448, 0, 0, 166, 166, 1, 1.03%, 0, 0, 2, 33.19
1701125453, 0, 0, 172, 172, 1, 1.03%, 0, 0, 2, 37.61
1701125458, 0, 0, 173, 173, 1, 1.03%, 0, 0, 2, 37.24
1701125463, 0, 0, 174, 174, 1, 1.03%, 0, 0, 2, 37.80
1701125468, 0, 0, 176, 176, 1, 1.03%, 0, 0, 2, 32.00
1701125499, 0, 0, 177, 177, 1, 1.03%, 0, 0, 2, 33.98
1701125514, 0, 0, 178, 178, 1, 1.04%, 0, 0, 2, 30.33
1701125519, 0, 0, 179, 179, 1, 1.04%, 0, 0, 2, 31.44
1701125525, 0, 0, 180, 180, 1, 1.04%, 0, 0, 2, 32.78
1701125545, 0, 0, 181, 181, 1, 1.04%, 0, 0, 2, 38.91
1701125550, 0, 0, 183, 183, 1, 1.04%, 0, 0, 2, 34.80
1701125555, 0, 0, 185, 185, 1, 1.04%, 0, 0, 2, 33.62
1701125565, 0, 0, 186, 186, 1, 1.04%, 0, 0, 2, 38.55
1701125570, 0, 0, 188, 188, 1, 1.04%, 0, 0, 2, 37.14
1701125586, 0, 0, 189, 189, 1, 1.04%, 0, 0, 2, 36.55
1701125596, 0, 0, 190, 190, 1, 1.04%, 0, 0, 2, 36.80
1701125601, 0, 0, 191, 191, 1, 1.04%, 0, 0, 2, 38.87
1701125606, 0, 0, 193, 193, 1, 1.05%, 0, 0, 2, 37.65
1701125647, 0, 0, 194, 194, 1, 1.05%, 0, 0, 2, 34.89
1701125744, 0, 0, 195, 195, 1, 1.05%, 0, 0, 2, 28.11
1701125755, 0, 0, 199, 199, 1, 1.05%, 0, 0, 2, 28.16
1701125760, 0, 0, 212, 212, 1, 1.05%, 0, 0, 2, 27.07
1701125765, 0, 0, 220, 220, 1, 1.05%, 0, 0, 2, 31.32
1701125770, 0, 0, 223, 223, 1, 1.05%, 0, 0, 2, 32.74
1701125816, 0, 0, 224, 224, 1, 1.05%, 0, 0, 2, 35.12
1701125883, 0, 0, 226, 226, 1, 1.05%, 0, 0, 2, 34.46
1701125985, 0, 0, 228, 228, 1, 1.05%, 0, 0, 2, 32.11
1701125991, 0, 0, 229, 229, 1, 1.05%, 0, 0, 2, 33.10
1701126006, 0, 0, 232, 232, 1, 1.05%, 0, 0, 2, 27.92
1701126011, 0, 0, 233, 233, 1, 1.05%, 0, 0, 2, 32.29
1701126031, 0, 0, 234, 234, 1, 1.05%, 0, 0, 2, 26.04
1701126042, 0, 0, 236, 236, 1, 1.05%, 0, 0, 2, 22.85
1701126486, 0, 0, 237, 237, 1, 1.05%, 0, 0, 2, 26.70
1701126666, 0, 0, 240, 240, 1, 1.06%, 0, 0, 2, 36.51
1701126696, 0, 0, 241, 241, 1, 1.06%, 0, 0, 2, 34.15
1701126712, 0, 0, 243, 243, 1, 1.09%, 0, 0, 2, 38.15
1701126758, 0, 0, 244, 244, 1, 1.09%, 0, 0, 2, 26.03
1701126932, 0, 0, 246, 246, 1, 1.09%, 0, 0, 2, 36.10
1701127311, 0, 0, 248, 248, 1, 1.10%, 0, 0, 2, 36.11
1701127367, 0, 0, 250, 250, 1, 1.10%, 0, 0, 2, 34.23
1701127505, 0, 0, 251, 251, 1, 1.20%, 0, 0, 2, 32.00
1701127536, 0, 0, 253, 253, 1, 1.22%, 0, 0, 2, 34.55
1701127556, 0, 0, 254, 254, 1, 1.22%, 0, 0, 2, 24.75
1701127561, 0, 0, 255, 255, 1, 1.22%, 0, 0, 2, 27.54
1701127582, 0, 0, 256, 256, 1, 1.22%, 0, 0, 2, 35.90
1701127633, 0, 0, 257, 257, 1, 1.23%, 0, 0, 2, 38.71
1701127653, 0, 0, 258, 258, 1, 1.23%, 0, 0, 2, 40.86
1701127659, 0, 0, 259, 259, 1, 1.23%, 0, 0, 2, 39.20
1701127679, 0, 0, 260, 260, 1, 1.23%, 0, 0, 2, 37.36
1701127720, 0, 0, 261, 261, 1, 1.58%, 0, 0, 2, 33.71
1701127735, 0, 0, 262, 262, 1, 1.58%, 0, 0, 2, 39.55
1701127812, 0, 0, 263, 263, 1, 1.59%, 0, 0, 2, 35.99
1701127939, 0, 0, 264, 264, 1, 1.60%, 0, 0, 2, 35.92
1701127971, 0, 4, 264, 263, 21, 1.60%, 0, 0, 2, 3.10
1701128048, 0, 4, 265, 264, 21, 1.60%, 0, 0, 3, 35.94
1701128248, 0, 4, 266, 265, 21, 1.60%, 0, 0, 3, 28.35
1701128484, 0, 4, 269, 268, 21, 1.60%, 0, 0, 3, 26.67
1701128689, 0, 4, 270, 269, 21, 1.60%, 0, 0, 3, 32.47
1701130312, 0, 4, 271, 270, 21, 1.61%, 0, 0, 3, 31.80
1701130337, 0, 19, 271, 269, 22, 1.61%, 0, 0, 3, 32.76
1701130895, 0, 19, 272, 270, 22, 1.61%, 0, 0, 3, 32.68
1701132768, 0, 31, 272, 269, 20, 1.61%, 0, 0, 3, 27.98
1701132773, 0, 149, 272, 268, 20, 1.61%, 0, 0, 3, 32.22
1701132825, 0, 149, 273, 269, 20, 1.61%, 0, 0, 3, 32.22
1701133275, 0, 149, 276, 272, 20, 1.61%, 0, 0, 3, 34.14
1701133280, 0, 149, 277, 273, 20, 1.61%, 0, 0, 3, 37.69
1701134969, 0, 242, 277, 270, 19, 1.61%, 0, 0, 3, 35.90
1701134974, 0, 251, 277, 266, 15, 1.61%, 0, 0, 3, 35.82
1701134979, 0, 251, 291, 280, 15, 1.63%, 0, 0, 3, 35.56
1701134985, 0, 251, 297, 286, 15, 1.64%, 0, 0, 3, 39.99
1701134990, 0, 251, 301, 290, 15, 1.64%, 0, 0, 3, 39.10
1701134995, 0, 251, 304, 293, 15, 1.64%, 0, 0, 3, 33.76
1701135000, 0, 251, 307, 296, 15, 1.64%, 0, 0, 3, 34.32
1701135005, 0, 251, 309, 298, 15, 1.67%, 0, 0, 3, 32.89
1701135010, 0, 251, 312, 301, 15, 1.67%, 0, 0, 3, 36.64
1701135015, 0, 251, 313, 302, 15, 1.68%, 0, 0, 3, 39.06
1701135021, 0, 251, 316, 305, 15, 1.70%, 0, 0, 3, 36.70
1701135031, 0, 251, 318, 307, 15, 1.70%, 0, 0, 3, 35.53
1701135036, 0, 251, 320, 309, 15, 1.71%, 0, 0, 3, 34.97
1701135041, 0, 251, 323, 312, 15, 1.72%, 0, 0, 3, 34.57
1701135046, 0, 251, 324, 313, 15, 1.72%, 0, 0, 3, 34.17
1701135051, 0, 251, 325, 314, 15, 1.72%, 0, 0, 3, 30.78
1701135062, 0, 251, 327, 316, 15, 1.73%, 0, 0, 3, 34.69
1701135072, 0, 251, 329, 318, 15, 1.74%, 0, 0, 3, 38.55
1701135077, 0, 251, 330, 319, 15, 1.75%, 0, 0, 3, 36.53
1701135082, 0, 251, 331, 320, 15, 1.75%, 0, 0, 3, 30.82
1701135103, 0, 252, 332, 320, 31, 1.75%, 0, 0, 3, 33.59
1701135108, 0, 256, 334, 320, 29, 1.76%, 0, 0, 3, 34.16
1701135113, 0, 256, 335, 321, 29, 1.76%, 0, 0, 3, 29.18
1701135123, 0, 256, 337, 323, 29, 1.77%, 0, 0, 3, 35.90
1701135128, 0, 256, 338, 324, 29, 1.77%, 0, 0, 3, 31.79
1701135138, 0, 256, 340, 326, 29, 1.78%, 0, 0, 3, 38.14
1701135159, 0, 256, 341, 327, 29, 1.78%, 0, 0, 3, 34.18
1701135225, 0, 260, 341, 325, 36, 1.78%, 0, 0, 3, 31.78
1701135236, 0, 260, 344, 328, 36, 1.78%, 0, 0, 3, 31.28
1701135241, 0, 260, 346, 330, 36, 1.79%, 0, 0, 3, 35.05
1701135256, 0, 260, 347, 331, 36, 1.79%, 0, 0, 3, 36.65
1701135271, 0, 260, 352, 336, 36, 1.81%, 0, 0, 3, 36.16
1701135277, 0, 260, 361, 345, 36, 1.83%, 0, 0, 3, 38.83
1701135282, 0, 260, 375, 359, 36, 1.84%, 0, 0, 3, 38.18
1701135287, 0, 260, 395, 379, 36, 1.90%, 0, 0, 3, 37.17
1701135292, 0, 260, 414, 398, 36, 1.90%, 0, 0, 3, 37.06
1701135297, 0, 260, 431, 415, 36, 1.90%, 0, 0, 3, 30.51
1701135302, 0, 260, 446, 430, 36, 1.91%, 0, 0, 3, 28.23
1701135307, 0, 260, 458, 442, 36, 1.92%, 0, 0, 3, 28.04
1701135312, 0, 260, 467, 451, 36, 1.93%, 0, 0, 3, 30.78
1701135318, 0, 260, 478, 462, 36, 1.93%, 0, 0, 3, 30.16
1701135323, 0, 260, 479, 463, 36, 1.93%, 0, 0, 3, 31.25
1701135333, 0, 260, 480, 464, 36, 1.94%, 0, 0, 3, 33.92
1701135369, 0, 260, 481, 465, 36, 1.96%, 0, 0, 3, 37.60
1701135374, 0, 260, 492, 476, 36, 1.96%, 0, 0, 3, 36.63
1701135379, 0, 260, 498, 482, 36, 1.96%, 0, 0, 3, 34.93
1701135384, 0, 260, 501, 485, 36, 1.96%, 0, 0, 3, 37.28
1701135435, 0, 260, 502, 486, 36, 1.96%, 0, 0, 3, 35.35
1701135440, 0, 260, 503, 487, 36, 1.97%, 0, 0, 3, 34.27
1701135450, 0, 260, 504, 488, 36, 1.97%, 0, 0, 3, 33.82
1701135461, 0, 260, 506, 490, 36, 1.97%, 0, 0, 3, 31.95
1701135466, 0, 260, 507, 491, 36, 1.97%, 0, 0, 3, 32.39
1701135471, 0, 260, 508, 492, 36, 1.98%, 0, 0, 3, 36.11
1701135574, 0, 260, 509, 493, 36, 1.98%, 0, 0, 3, 35.05
1701135605, 0, 260, 511, 495, 36, 2.10%, 0, 0, 3, 35.69
1701135646, 0, 260, 512, 496, 36, 2.11%, 0, 0, 3, 32.40
1701135671, 0, 260, 513, 497, 36, 2.11%, 0, 0, 3, 31.53
1701135676, 0, 260, 514, 498, 36, 2.11%, 0, 0, 3, 38.63
1701136035, 0, 260, 515, 499, 36, 2.11%, 0, 0, 3, 33.42
1701136040, 0, 260, 516, 500, 36, 2.11%, 0, 0, 3, 33.30
1701136045, 0, 260, 517, 501, 36, 2.11%, 0, 0, 3, 31.42
1701136096, 0, 260, 519, 503, 36, 2.11%, 0, 0, 3, 33.63
1701136106, 0, 260, 522, 506, 36, 2.11%, 0, 0, 3, 33.40
1701136111, 0, 260, 524, 508, 36, 2.11%, 0, 0, 3, 35.35
1701136121, 0, 260, 526, 510, 36, 2.11%, 0, 0, 3, 33.54
1701136203, 0, 260, 527, 511, 36, 2.11%, 0, 0, 3, 35.49
1701136224, 0, 260, 529, 513, 36, 2.11%, 0, 0, 3, 31.56
1701136229, 0, 260, 530, 514, 36, 2.11%, 0, 0, 3, 30.79
1701136234, 0, 260, 531, 515, 36, 2.11%, 0, 0, 3, 31.37
1701136244, 0, 260, 533, 517, 36, 2.11%, 0, 0, 3, 31.60
1701136255, 0, 260, 536, 520, 36, 2.11%, 0, 0, 3, 28.41
1701136265, 0, 260, 537, 521, 36, 2.11%, 0, 0, 3, 28.94
1701136352, 0, 260, 540, 524, 36, 2.14%, 0, 0, 3, 29.53
1701136373, 0, 260, 542, 526, 36, 2.15%, 0, 0, 3, 35.68
1701136378, 0, 260, 544, 528, 36, 2.15%, 0, 0, 3, 36.18
1701136383, 0, 260, 547, 531, 36, 2.15%, 0, 0, 3, 33.59
1701136388, 0, 260, 548, 532, 36, 2.15%, 0, 0, 3, 34.92
1701136393, 0, 260, 550, 534, 36, 2.15%, 0, 0, 3, 31.81
1701136419, 0, 261, 550, 533, 65, 2.15%, 0, 0, 3, 35.13
1701136444, 0, 261, 551, 534, 65, 2.15%, 0, 0, 3, 38.28
1701136460, 0, 261, 552, 535, 65, 2.15%, 0, 0, 3, 40.13
1701136639, 0, 261, 553, 536, 65, 2.15%, 0, 0, 3, 32.58
1701136946, 0, 261, 554, 537, 65, 2.15%, 0, 0, 3, 38.80
1701136951, 0, 261, 556, 539, 65, 2.15%, 0, 0, 3, 38.49
1701136986, 0, 261, 557, 540, 65, 2.15%, 0, 0, 3, 33.97
1701136992, 0, 261, 558, 541, 65, 2.15%, 0, 0, 3, 35.36
1701137012, 0, 261, 559, 542, 65, 2.15%, 0, 0, 3, 37.20
1701137017, 0, 261, 560, 543, 65, 2.15%, 0, 0, 3, 33.14
1701137048, 0, 261, 562, 545, 65, 2.16%, 0, 0, 3, 35.50
1701137053, 0, 261, 563, 546, 65, 2.16%, 0, 0, 3, 29.60
1701137058, 0, 261, 564, 547, 65, 2.16%, 0, 0, 3, 32.58
1701137079, 0, 261, 565, 548, 65, 2.16%, 0, 0, 3, 35.74
1701137165, 0, 261, 566, 549, 65, 2.16%, 0, 0, 3, 37.29
1701137170, 0, 261, 567, 550, 65, 2.16%, 0, 0, 3, 38.52
1701137180, 0, 261, 568, 551, 65, 2.16%, 0, 0, 3, 38.30
1701137247, 0, 261, 569, 552, 65, 2.17%, 0, 0, 3, 30.63
1701137257, 0, 261, 570, 553, 65, 2.17%, 0, 0, 3, 32.48
1701137272, 0, 261, 571, 554, 65, 2.29%, 0, 0, 3, 30.42
1701137293, 0, 261, 572, 555, 65, 2.29%, 0, 0, 3, 34.96
1701137308, 0, 272, 572, 553, 65, 2.29%, 0, 0, 3, 31.38
1701137318, 0, 273, 572, 552, 64, 2.29%, 0, 0, 3, 32.58
1701137364, 0, 273, 573, 553, 64, 2.29%, 0, 0, 4, 31.42
1701137370, 0, 273, 574, 554, 64, 2.29%, 0, 0, 4, 29.64
1701137482, 0, 273, 575, 555, 64, 2.29%, 0, 0, 4, 29.76
1701137748, 0, 273, 584, 564, 64, 2.31%, 0, 0, 4, 28.58
1701137753, 0, 273, 586, 566, 64, 2.31%, 0, 0, 4, 26.82
1701139329, 0, 274, 586, 565, 66, 2.31%, 0, 0, 4, 34.72
1701139340, 0, 274, 587, 566, 66, 2.31%, 0, 0, 4, 35.85
1701141503, 0, 274, 588, 567, 66, 2.31%, 0, 0, 4, 33.52
1701141529, 0, 284, 588, 565, 64, 2.31%, 0, 0, 4, 35.02
1701141534, 0, 307, 588, 560, 59, 2.31%, 0, 0, 4, 33.49
1701141539, 0, 308, 589, 560, 58, 2.31%, 0, 0, 4, 32.27
1701141544, 0, 312, 589, 559, 57, 2.31%, 0, 0, 4, 33.39
1701141550, 0, 318, 590, 558, 56, 2.31%, 0, 0, 4, 32.40
1701141555, 0, 329, 590, 553, 51, 2.31%, 0, 0, 4, 35.53
1701141560, 0, 330, 596, 558, 50, 2.31%, 0, 0, 4, 34.24
1701141565, 0, 330, 598, 560, 50, 2.56%, 0, 0, 4, 29.99
1701141657, 0, 330, 599, 561, 50, 2.57%, 0, 0, 4, 37.69
1701141678, 0, 350, 599, 551, 44, 2.57%, 0, 0, 4, 40.94
1701142015, 0, 350, 600, 552, 44, 2.59%, 0, 0, 4, 35.94
1701142778, 0, 353, 600, 550, 43, 2.59%, 0, 0, 4, 32.49
1701142783, 0, 360, 600, 548, 41, 2.59%, 0, 0, 4, 28.38
1701142789, 0, 361, 600, 547, 40, 2.59%, 0, 0, 4, 26.62
1701142794, 0, 387, 600, 545, 38, 2.59%, 0, 0, 4, 31.81
1701142799, 0, 480, 600, 544, 38, 2.59%, 0, 0, 4, 34.12
1701142886, 0, 480, 601, 545, 38, 2.59%, 0, 0, 4, 36.29
1701143075, 0, 480, 602, 546, 38, 2.60%, 0, 0, 4, 34.96
1701143480, 0, 480, 603, 547, 38, 2.60%, 0, 0, 4, 35.26
1701143495, 0, 499, 603, 546, 39, 2.60%, 0, 0, 4, 30.64
1701143551, 0, 499, 609, 552, 39, 2.60%, 0, 0, 4, 35.28
1701143613, 0, 499, 610, 553, 39, 2.60%, 0, 0, 4, 41.51
1701144625, 0, 499, 611, 554, 39, 2.60%, 0, 0, 4, 38.16
1701144646, 0, 499, 612, 555, 39, 2.60%, 0, 0, 4, 32.70
1701144672, 0, 499, 613, 556, 39, 2.60%, 0, 0, 4, 28.85
1701144697, 0, 499, 616, 559, 39, 2.60%, 0, 0, 4, 35.56
1701144707, 0, 499, 618, 561, 39, 2.60%, 0, 0, 4, 38.28
1701144712, 0, 499, 619, 562, 39, 2.60%, 0, 0, 4, 37.06
1701144717, 0, 499, 619, 562, 39, 2.60%, 0, 1, 4, 32.37
1701144738, 0, 499, 620, 563, 39, 2.60%, 0, 1, 4, 34.97
1701144764, 0, 499, 622, 565, 39, 2.60%, 0, 1, 4, 34.06
1701144774, 0, 499, 623, 566, 39, 2.61%, 0, 1, 4, 38.21
1701144789, 0, 499, 625, 568, 39, 2.61%, 0, 1, 4, 38.40
1701144850, 0, 499, 626, 569, 39, 2.61%, 0, 1, 4, 38.29
1701144855, 0, 499, 627, 570, 39, 2.61%, 0, 1, 4, 41.54
1701144861, 0, 499, 628, 571, 39, 2.61%, 0, 1, 4, 37.07
1701144866, 0, 499, 629, 572, 39, 2.61%, 0, 1, 4, 35.29
1701144871, 0, 499, 630, 573, 39, 2.61%, 0, 1, 4, 34.31
1701144947, 0, 499, 631, 574, 39, 2.61%, 0, 1, 4, 40.41
1701144957, 0, 499, 632, 575, 39, 2.61%, 0, 1, 4, 39.90
1701144978, 0, 499, 633, 576, 39, 2.61%, 0, 1, 4, 34.88
1701145049, 0, 499, 634, 577, 39, 2.61%, 0, 1, 4, 38.64
1701145064, 0, 499, 635, 578, 39, 2.61%, 0, 1, 4, 39.71
1701145080, 0, 499, 636, 579, 39, 2.61%, 0, 1, 4, 39.54
1701145095, 0, 502, 636, 577, 42, 2.61%, 0, 1, 4, 34.20
1701145100, 0, 508, 636, 575, 40, 2.61%, 0, 1, 4, 33.41
1701145105, 0, 509, 636, 574, 39, 2.61%, 0, 1, 4, 31.64
1701145110, 0, 514, 636, 572, 37, 2.61%, 0, 1, 4, 28.75
1701145115, 0, 526, 636, 570, 35, 2.61%, 0, 1, 4, 26.70
1701145120, 0, 529, 636, 569, 34, 2.61%, 0, 1, 4, 13.81
1701145125, 0, 540, 636, 568, 33, 2.61%, 0, 1, 4, 19.78
1701145131, 0, 541, 636, 567, 32, 2.61%, 0, 1, 4, 21.71
1701145136, 0, 543, 636, 566, 31, 2.61%, 0, 1, 4, 21.80
1701146123, 0, 543, 638, 568, 31, 2.61%, 0, 1, 4, 32.93
1701146245, 0, 543, 639, 569, 31, 2.62%, 0, 1, 4, 33.55
1701146276, 0, 543, 640, 570, 31, 2.62%, 0, 1, 4, 33.26
1701146302, 0, 551, 640, 569, 32, 2.62%, 0, 1, 4, 29.20
1701146307, 0, 552, 640, 568, 31, 2.62%, 0, 1, 4, 28.05
1701146312, 0, 554, 640, 567, 30, 2.62%, 0, 1, 4, 28.76
1701146317, 0, 560, 640, 566, 29, 2.62%, 0, 1, 4, 28.04
1701146322, 0, 561, 640, 565, 28, 2.62%, 0, 1, 4, 26.80
1701146332, 0, 565, 640, 564, 27, 2.62%, 0, 1, 4, 34.85
1701146921, 0, 566, 640, 563, 26, 2.62%, 0, 1, 4, 37.40
1701146926, 0, 570, 642, 563, 24, 2.62%, 0, 1, 4, 37.85
1701146931, 0, 570, 644, 565, 24, 2.62%, 0, 1, 4, 35.37
1701146936, 0, 570, 645, 566, 24, 2.62%, 0, 1, 4, 34.85
1701146947, 0, 570, 647, 568, 24, 2.62%, 0, 1, 4, 35.79
1701146952, 0, 570, 649, 570, 24, 2.62%, 0, 2, 4, 33.59
1701146977, 0, 570, 650, 571, 24, 2.64%, 0, 2, 4, 34.48
1701146982, 0, 570, 652, 573, 24, 2.66%, 0, 2, 4, 35.54
1701147003, 0, 570, 653, 574, 24, 2.68%, 0, 2, 4, 30.86
1701147018, 0, 574, 653, 573, 26, 2.68%, 0, 2, 4, 27.43
1701149020, 0, 574, 654, 574, 26, 2.81%, 0, 2, 5, 34.39
1701149092, 0, 586, 654, 573, 24, 2.81%, 0, 2, 5, 29.67
1701151340, 0, 588, 654, 572, 23, 2.81%, 0, 2, 5, 31.09
1701151345, 0, 589, 654, 571, 22, 2.81%, 0, 2, 5, 33.91
1701151355, 0, 589, 656, 573, 22, 2.81%, 0, 2, 5, 33.90
1701151365, 0, 589, 657, 574, 22, 2.81%, 0, 2, 5, 36.05
1701151437, 0, 589, 660, 577, 22, 2.81%, 0, 2, 5, 36.31
1701151653, 0, 589, 661, 578, 22, 2.81%, 0, 2, 5, 36.23
1701151688, 0, 589, 662, 579, 22, 2.82%, 0, 2, 5, 35.57
1701151729, 0, 589, 663, 580, 22, 2.82%, 0, 2, 5, 36.82
1701151770, 0, 589, 664, 581, 22, 2.82%, 0, 2, 5, 34.05
1701151780, 0, 589, 665, 582, 22, 2.82%, 0, 2, 5, 37.80
1701151924, 0, 589, 666, 583, 22, 2.82%, 0, 2, 5, 30.76
1701151995, 0, 589, 667, 584, 22, 2.82%, 0, 2, 5, 37.69
1701152016, 0, 596, 667, 581, 23, 2.82%, 0, 2, 5, 33.30
1701152021, 0, 597, 672, 585, 22, 2.85%, 0, 2, 5, 35.87
1701152026, 0, 597, 684, 597, 22, 2.87%, 0, 2, 5, 36.70
1701152031, 0, 597, 688, 601, 22, 2.88%, 0, 2, 5, 36.37
1701152036, 0, 597, 689, 602, 22, 2.88%, 0, 2, 5, 38.65
1701152042, 0, 597, 691, 604, 22, 2.89%, 0, 2, 5, 37.27
1701152047, 0, 597, 692, 605, 22, 2.89%, 0, 2, 5, 37.48
1701152057, 0, 597, 694, 607, 22, 2.90%, 0, 2, 5, 37.36
1701152062, 0, 597, 696, 609, 22, 2.90%, 0, 2, 5, 31.90
1701152067, 0, 597, 698, 611, 22, 2.91%, 0, 2, 5, 32.83
1701152072, 0, 597, 700, 613, 22, 2.91%, 0, 2, 5, 32.54
1701152083, 0, 597, 701, 614, 22, 2.91%, 0, 2, 5, 32.04
1701152088, 0, 597, 703, 616, 22, 2.91%, 0, 2, 5, 34.45
1701152098, 0, 597, 704, 617, 22, 2.91%, 0, 2, 5, 34.47
1701152139, 0, 597, 705, 618, 22, 2.91%, 0, 2, 5, 35.84
1701152144, 0, 597, 706, 619, 22, 2.91%, 0, 2, 5, 35.39
1701152149, 0, 597, 708, 621, 22, 2.91%, 0, 2, 5, 30.68
1701152333, 0, 597, 711, 624, 22, 2.91%, 0, 2, 5, 39.14
1701152338, 0, 597, 712, 625, 22, 2.91%, 0, 2, 5, 39.27
1701152343, 0, 597, 713, 626, 22, 2.91%, 0, 2, 5, 37.44
1701152353, 0, 597, 714, 627, 22, 2.92%, 0, 2, 5, 36.68
1701152363, 0, 597, 715, 628, 22, 2.92%, 0, 2, 5, 34.24
1701152369, 0, 597, 722, 635, 22, 2.92%, 0, 2, 5, 29.61
1701152374, 0, 597, 728, 641, 22, 2.92%, 0, 2, 5, 33.39
1701152379, 0, 597, 733, 646, 22, 2.92%, 0, 2, 5, 37.14
1701152384, 0, 597, 735, 648, 22, 2.92%, 0, 2, 5, 38.46
1701152389, 0, 597, 739, 652, 22, 2.92%, 0, 2, 5, 37.08
1701152394, 0, 597, 740, 653, 22, 2.92%, 0, 2, 5, 32.63
1701152399, 0, 597, 741, 654, 22, 2.92%, 0, 2, 5, 30.30
1701152410, 0, 597, 742, 655, 22, 2.92%, 0, 2, 5, 30.22
1701152415, 0, 597, 743, 656, 22, 2.92%, 0, 2, 5, 30.85
1701152420, 0, 597, 747, 660, 22, 2.92%, 0, 2, 5, 32.82
1701152435, 0, 597, 749, 662, 22, 2.92%, 0, 2, 5, 29.99
1701152440, 0, 597, 751, 664, 22, 2.92%, 0, 2, 5, 27.82
1701152450, 0, 597, 752, 665, 22, 2.92%, 0, 2, 5, 30.52
1701152455, 0, 597, 753, 666, 22, 2.92%, 0, 2, 5, 31.57
1701152471, 0, 597, 754, 667, 22, 2.92%, 0, 2, 5, 27.64
1701152476, 0, 597, 755, 668, 22, 2.93%, 0, 2, 5, 25.28
1701152506, 0, 597, 756, 669, 22, 2.93%, 0, 2, 5, 32.02
1701152517, 0, 597, 758, 671, 22, 2.96%, 0, 2, 5, 34.78
1701152532, 0, 597, 759, 672, 22, 2.96%, 0, 2, 5, 37.96
1701152542, 0, 597, 760, 673, 22, 2.96%, 0, 2, 5, 36.65
1701152547, 0, 597, 761, 674, 22, 2.96%, 0, 2, 5, 36.89
1701152583, 0, 597, 762, 675, 22, 2.96%, 0, 2, 5, 39.36
1701152589, 0, 597, 763, 676, 22, 2.96%, 0, 2, 5, 33.44
1701152594, 0, 597, 764, 677, 22, 2.96%, 0, 2, 5, 33.23
1701152599, 0, 597, 765, 678, 22, 2.96%, 0, 2, 5, 31.97
1701152619, 0, 597, 766, 679, 22, 2.96%, 0, 2, 5, 31.54
1701152629, 0, 597, 767, 680, 22, 2.96%, 0, 2, 5, 32.80
1701152634, 0, 597, 768, 681, 22, 2.96%, 0, 2, 5, 34.34
1701152645, 0, 597, 769, 682, 22, 2.96%, 0, 2, 5, 36.01
1701152655, 0, 597, 770, 683, 22, 2.96%, 0, 2, 5, 34.22
1701152670, 0, 597, 771, 684, 22, 2.96%, 0, 2, 5, 34.26
1701152675, 0, 597, 772, 685, 22, 2.96%, 0, 2, 5, 34.03
1701152681, 0, 597, 773, 686, 22, 2.96%, 0, 2, 5, 31.33
1701152711, 0, 597, 774, 687, 22, 2.96%, 0, 2, 5, 37.86
1701152721, 0, 597, 775, 688, 22, 2.96%, 0, 2, 5, 37.74
1701152742, 0, 597, 776, 689, 22, 2.96%, 0, 2, 5, 39.23
1701152747, 0, 597, 778, 691, 22, 2.96%, 0, 2, 5, 39.08
1701152773, 0, 597, 779, 692, 22, 2.96%, 0, 2, 5, 32.27
1701152793, 0, 597, 781, 694, 22, 2.96%, 0, 2, 5, 33.50
1701152799, 0, 597, 782, 695, 22, 2.96%, 0, 2, 5, 34.92
1701152814, 0, 597, 783, 696, 22, 2.96%, 0, 2, 5, 34.88
1701152849, 0, 597, 784, 697, 22, 2.97%, 0, 2, 5, 26.60
1701152860, 0, 597, 785, 698, 22, 2.97%, 0, 2, 5, 32.10
1701152870, 0, 598, 786, 698, 36, 2.97%, 0, 2, 5, 33.76
1701152901, 0, 598, 787, 699, 36, 2.97%, 0, 2, 5, 26.43
1701152952, 0, 598, 788, 700, 36, 2.97%, 0, 2, 5, 35.32
1701153003, 0, 599, 788, 699, 36, 2.97%, 0, 2, 5, 39.19
1701153049, 0, 599, 791, 702, 36, 2.97%, 0, 2, 5, 30.52
1701153054, 0, 599, 802, 713, 36, 3.02%, 0, 2, 5, 34.43
1701153059, 0, 599, 803, 714, 36, 3.03%, 0, 2, 5, 37.68
1701153105, 0, 599, 810, 721, 36, 3.03%, 0, 2, 5, 31.68
1701153111, 0, 599, 813, 724, 36, 3.05%, 0, 2, 5, 32.17
1701153167, 0, 599, 814, 725, 36, 3.05%, 0, 2, 5, 29.88
1701153290, 0, 599, 825, 736, 36, 3.05%, 0, 2, 5, 29.54
1701153295, 0, 599, 827, 738, 36, 3.05%, 0, 2, 5, 20.08
1701153301, 0, 599, 828, 739, 36, 3.05%, 0, 2, 5, 34.60
1701153316, 0, 599, 829, 740, 36, 3.06%, 0, 2, 5, 27.73
1701153516, 0, 599, 831, 742, 36, 3.07%, 0, 2, 5, 31.29
1701153557, 0, 599, 832, 743, 36, 3.07%, 0, 2, 5, 29.82
1701153731, 0, 599, 835, 746, 36, 3.07%, 0, 2, 5, 26.67
1701153741, 0, 599, 836, 747, 36, 3.07%, 0, 2, 5, 36.73
1701153833, 0, 599, 837, 748, 36, 3.07%, 0, 2, 5, 26.79
1701153864, 0, 599, 838, 749, 36, 3.08%, 0, 2, 5, 34.93
1701153904, 0, 599, 839, 750, 36, 3.08%, 0, 2, 5, 37.50
1701154103, 0, 601, 839, 749, 51, 3.08%, 0, 2, 5, 23.49
1701154154, 0, 601, 841, 751, 51, 3.09%, 0, 2, 5, 37.64
1701154844, 0, 602, 841, 750, 52, 3.09%, 0, 2, 5, 34.40
1701154849, 0, 616, 841, 749, 51, 3.09%, 0, 2, 5, 33.62
1701154905, 0, 616, 842, 750, 51, 3.10%, 0, 2, 5, 36.83
1701155121, 0, 616, 843, 751, 51, 3.10%, 0, 2, 5, 37.81
1701155785, 0, 616, 844, 752, 51, 3.10%, 0, 2, 5, 25.73
1701155852, 0, 622, 844, 751, 52, 3.10%, 0, 2, 5, 34.94
1701155857, 0, 622, 845, 752, 52, 3.10%, 0, 2, 5, 34.25
1701155928, 0, 622, 846, 753, 52, 3.10%, 0, 2, 5, 36.85
1701155990, 0, 622, 846, 753, 52, 3.10%, 0, 3, 5, 5.22
1701156163, 0, 622, 847, 754, 52, 3.14%, 0, 3, 5, 37.90
1701156250, 0, 626, 847, 753, 54, 3.14%, 0, 3, 5, 33.09
1701156290, 0, 626, 848, 754, 54, 3.14%, 0, 3, 5, 35.96
1701156331, 0, 626, 850, 756, 54, 3.15%, 0, 3, 5, 23.76
1701156336, 0, 626, 853, 759, 54, 3.15%, 0, 3, 5, 26.58
1701156357, 0, 626, 854, 760, 54, 3.16%, 0, 3, 5, 31.81
1701156372, 0, 626, 860, 766, 54, 3.16%, 0, 3, 5, 26.73
1701156378, 0, 626, 860, 766, 54, 3.16%, 0, 4, 5, 3.40
1701156393, 0, 626, 861, 767, 54, 3.16%, 0, 4, 5, 30.61
1701156429, 0, 633, 861, 766, 58, 3.16%, 0, 4, 5, 37.49
1701157151, 0, 633, 862, 767, 58, 3.16%, 0, 4, 5, 36.89
1701157171, 0, 633, 863, 768, 58, 3.16%, 0, 4, 5, 37.66
1701157197, 0, 634, 863, 767, 57, 3.16%, 0, 4, 5, 36.25
1701157325, 0, 634, 864, 768, 57, 3.16%, 0, 4, 5, 38.15
1701157632, 0, 634, 865, 769, 57, 3.16%, 0, 4, 5, 39.37
1701158219, 0, 634, 867, 771, 57, 3.16%, 0, 4, 5, 43.16
1701158245, 0, 634, 869, 773, 57, 3.16%, 0, 4, 5, 36.27
1701158377, 0, 634, 870, 774, 57, 3.16%, 0, 4, 5, 40.45
1701158439, 0, 635, 870, 773, 58, 3.16%, 0, 4, 5, 37.21
1701158485, 0, 635, 871, 774, 58, 3.16%, 0, 4, 5, 37.51
1701158536, 0, 635, 872, 775, 58, 3.16%, 0, 4, 5, 37.51
1701158761, 0, 635, 873, 776, 58, 3.16%, 0, 4, 5, 36.44
1701159067, 0, 635, 875, 778, 58, 3.16%, 0, 4, 5, 34.73
1701159313, 0, 635, 876, 779, 58, 3.16%, 0, 4, 5, 35.53
1701159354, 0, 638, 876, 778, 59, 3.16%, 0, 4, 5, 32.51
1701159385, 0, 638, 877, 779, 59, 3.16%, 0, 4, 5, 41.92
1701159400, 0, 638, 879, 781, 59, 3.16%, 0, 4, 5, 38.05
1701159405, 0, 638, 882, 784, 59, 3.17%, 0, 4, 5, 42.61
1701159507, 0, 638, 884, 786, 59, 3.17%, 0, 4, 5, 34.26
1701160184, 0, 638, 886, 788, 59, 3.19%, 0, 4, 5, 26.23
1701160291, 0, 638, 888, 790, 59, 3.19%, 0, 4, 5, 32.57
1701160297, 0, 638, 889, 791, 59, 3.19%, 0, 4, 5, 29.94
1701160353, 0, 649, 891, 792, 65, 3.19%, 0, 4, 5, 33.71
1701160358, 0, 649, 896, 797, 65, 3.22%, 0, 4, 5, 33.19
1701160363, 0, 649, 898, 799, 65, 3.22%, 0, 4, 5, 29.29
1701160368, 0, 649, 901, 802, 65, 3.22%, 0, 4, 5, 29.75
1701160384, 0, 649, 902, 803, 65, 3.22%, 0, 4, 5, 34.60
1701160389, 0, 649, 904, 805, 65, 3.22%, 0, 4, 5, 37.14
1701160522, 0, 649, 905, 806, 65, 3.22%, 0, 4, 5, 33.63
1701160527, 0, 649, 906, 807, 65, 3.22%, 0, 4, 5, 38.37
1701160548, 0, 649, 908, 809, 65, 3.22%, 0, 4, 5, 39.09
1701160553, 0, 649, 909, 810, 65, 3.22%, 0, 4, 5, 35.34
1701160558, 0, 649, 911, 812, 65, 3.22%, 0, 4, 5, 32.73
1701160563, 0, 649, 912, 813, 65, 3.22%, 0, 4, 5, 33.01
1701160574, 0, 649, 913, 814, 65, 3.22%, 0, 4, 5, 33.45
1701160579, 0, 649, 915, 816, 65, 3.22%, 0, 4, 5, 31.75
1701160594, 0, 649, 916, 817, 65, 3.22%, 0, 4, 5, 40.14
1701160599, 0, 649, 917, 818, 65, 3.22%, 0, 4, 5, 39.19
1701160604, 0, 649, 918, 819, 65, 3.22%, 0, 4, 5, 39.84
1701160609, 0, 649, 919, 820, 65, 3.22%, 0, 4, 5, 42.08
1701160676, 0, 649, 920, 821, 65, 3.22%, 0, 4, 5, 35.09
1701160778, 0, 649, 921, 822, 65, 3.23%, 0, 4, 5, 30.73
1701160824, 0, 649, 922, 823, 65, 3.26%, 0, 4, 5, 41.30
1701160905, 0, 650, 922, 822, 71, 3.26%, 0, 4, 5, 36.98
1701161054, 0, 651, 924, 823, 70, 3.26%, 0, 4, 5, 33.11
1701161059, 0, 651, 927, 826, 70, 3.27%, 0, 4, 5, 37.44
1701161064, 0, 651, 928, 827, 70, 3.27%, 0, 4, 5, 37.31
1701161079, 0, 651, 929, 828, 70, 3.27%, 0, 4, 5, 38.27
1701161218, 0, 651, 930, 829, 70, 3.27%, 0, 4, 5, 36.82
1701161264, 0, 653, 930, 828, 72, 3.27%, 0, 4, 5, 31.94
1701161305, 0, 653, 932, 830, 72, 3.27%, 0, 4, 6, 33.06
1701161310, 0, 653, 946, 844, 72, 3.30%, 0, 4, 6, 32.47
1701161315, 0, 653, 954, 852, 72, 3.30%, 0, 4, 6, 34.37
1701161320, 0, 653, 956, 854, 72, 3.31%, 0, 4, 6, 36.50
1701161325, 0, 653, 963, 861, 72, 3.32%, 0, 4, 6, 31.65
1701161330, 0, 653, 972, 870, 72, 3.32%, 0, 4, 6, 31.48
1701161335, 0, 653, 978, 876, 72, 3.32%, 0, 4, 6, 28.35
1701161346, 0, 653, 982, 880, 72, 3.32%, 0, 4, 6, 36.16
1701161351, 0, 653, 984, 882, 72, 3.32%, 0, 4, 6, 31.20
1701161356, 0, 653, 987, 885, 72, 3.32%, 0, 4, 6, 28.39
1701161361, 0, 653, 989, 887, 72, 3.32%, 0, 4, 6, 29.55
1701161366, 0, 653, 991, 889, 72, 3.33%, 0, 4, 6, 34.13
1701161412, 0, 653, 992, 890, 72, 3.33%, 0, 4, 6, 28.27
1701161428, 0, 653, 994, 892, 72, 3.35%, 0, 4, 6, 29.66
1701161438, 0, 653, 995, 893, 72, 3.35%, 0, 4, 6, 30.41
1701161443, 0, 653, 997, 895, 72, 3.35%, 0, 4, 6, 30.19
1701161504, 0, 653, 998, 896, 72, 3.35%, 0, 4, 6, 34.07
1701161515, 0, 653, 1001, 899, 72, 3.36%, 0, 4, 6, 37.77
1701161530, 0, 653, 1004, 902, 72, 3.36%, 0, 4, 6, 36.04
1701161540, 0, 653, 1005, 903, 72, 3.36%, 0, 4, 6, 32.13
1701161555, 0, 653, 1006, 904, 72, 3.36%, 0, 4, 6, 31.75
1701161565, 0, 653, 1007, 905, 72, 3.37%, 0, 4, 6, 28.88
1701161570, 0, 653, 1009, 907, 72, 3.37%, 0, 4, 6, 34.31
1701161652, 0, 653, 1010, 908, 72, 3.37%, 0, 4, 6, 31.71
1701161657, 0, 653, 1011, 909, 72, 3.37%, 0, 4, 6, 39.53
1701161739, 0, 653, 1012, 910, 72, 3.37%, 0, 4, 6, 31.43
1701161749, 0, 653, 1013, 911, 72, 3.37%, 0, 4, 6, 33.44
1701161754, 0, 653, 1014, 912, 72, 3.37%, 0, 4, 6, 33.19
1701161887, 0, 653, 1016, 914, 72, 3.38%, 0, 4, 6, 29.01
1701161908, 0, 653, 1017, 915, 72, 3.38%, 0, 4, 6, 36.83
1701161949, 0, 653, 1018, 916, 72, 3.39%, 0, 4, 6, 36.43
1701162087, 0, 653, 1019, 917, 72, 3.39%, 0, 4, 6, 35.48
1701162128, 0, 653, 1020, 918, 72, 3.39%, 0, 4, 6, 39.03
1701162133, 0, 653, 1022, 920, 72, 3.39%, 0, 4, 6, 39.39
1701162220, 0, 653, 1023, 921, 72, 3.39%, 0, 4, 6, 32.13
1701162251, 0, 653, 1024, 922, 72, 3.39%, 0, 4, 6, 39.42
1701162348, 0, 653, 1025, 923, 72, 3.39%, 0, 4, 6, 36.71
1701162415, 0, 653, 1026, 924, 72, 3.39%, 0, 4, 6, 38.05
1701162430, 0, 653, 1032, 930, 72, 3.39%, 0, 4, 6, 35.85
1701162436, 0, 653, 1038, 936, 72, 3.40%, 0, 4, 6, 37.66
1701162492, 0, 653, 1039, 937, 72, 3.40%, 0, 4, 6, 30.93
1701162538, 0, 653, 1040, 938, 72, 3.40%, 0, 4, 6, 34.66
1701162543, 0, 653, 1041, 939, 72, 3.40%, 0, 4, 6, 34.68
1701162758, 0, 653, 1042, 940, 72, 3.40%, 0, 4, 6, 38.10
1701162763, 0, 653, 1044, 942, 72, 3.40%, 0, 4, 6, 36.46
1701162804, 0, 653, 1045, 943, 72, 3.40%, 0, 4, 6, 39.08
1701162890, 0, 653, 1046, 944, 72, 3.41%, 0, 4, 6, 42.04
1701162962, 0, 653, 1048, 946, 72, 3.41%, 0, 4, 6, 42.11
1701163018, 0, 662, 1048, 944, 86, 3.41%, 0, 4, 6, 41.06
1701163023, 0, 663, 1048, 943, 85, 3.41%, 0, 4, 6, 43.29
1701163028, 0, 663, 1049, 944, 85, 3.41%, 0, 4, 6, 42.29
1701163038, 0, 663, 1050, 945, 85, 3.41%, 0, 4, 6, 37.76
1701163048, 0, 663, 1051, 946, 85, 3.41%, 0, 4, 6, 38.14
1701163099, 0, 663, 1052, 947, 85, 3.41%, 0, 4, 6, 33.01
1701163284, 0, 666, 1052, 946, 85, 3.41%, 0, 4, 6, 37.39
1701163289, 0, 693, 1052, 945, 84, 3.41%, 0, 4, 6, 36.78
1701163304, 0, 693, 1053, 946, 84, 3.41%, 0, 4, 6, 41.87
1701163314, 0, 693, 1055, 948, 84, 3.41%, 0, 4, 6, 39.53
1701163319, 0, 693, 1056, 949, 84, 3.41%, 0, 4, 6, 41.90
1701163370, 0, 693, 1057, 950, 84, 3.42%, 0, 4, 6, 40.55
1701163610, 0, 693, 1058, 951, 84, 3.42%, 0, 4, 6, 39.88
1701163615, 0, 693, 1059, 952, 84, 3.42%, 0, 4, 6, 41.26
1701163626, 0, 693, 1060, 953, 84, 3.42%, 0, 4, 6, 41.88
1701163641, 0, 693, 1061, 954, 84, 3.42%, 0, 4, 6, 41.71
1701163656, 0, 693, 1062, 955, 84, 3.42%, 0, 4, 6, 37.64
1701163662, 0, 693, 1064, 957, 84, 3.42%, 0, 4, 6, 37.80
1701163672, 0, 693, 1065, 958, 84, 3.42%, 0, 4, 6, 41.93
1701163697, 0, 693, 1066, 959, 84, 3.42%, 0, 4, 6, 40.26
1701163712, 0, 693, 1067, 960, 84, 3.43%, 0, 4, 6, 37.16
1701163723, 0, 693, 1068, 961, 84, 3.43%, 0, 4, 6, 42.86
1701163794, 0, 693, 1069, 962, 84, 3.43%, 0, 4, 6, 42.37
1701163886, 0, 693, 1070, 963, 84, 3.43%, 0, 4, 6, 37.90
1701163896, 0, 693, 1072, 965, 84, 3.43%, 0, 4, 6, 39.73
1701163962, 0, 693, 1073, 966, 84, 3.43%, 0, 4, 6, 35.78
1701163968, 0, 693, 1074, 967, 84, 3.43%, 0, 4, 6, 30.76
1701163973, 0, 693, 1075, 968, 84, 3.44%, 0, 4, 6, 38.38
1701163978, 0, 693, 1076, 969, 84, 3.44%, 0, 4, 6, 41.70
1701164013, 0, 697, 1076, 968, 89, 3.44%, 0, 4, 6, 39.52
1701164346, 0, 697, 1077, 969, 89, 3.44%, 0, 4, 6, 38.72
1701164361, 0, 697, 1078, 970, 89, 3.45%, 0, 4, 6, 38.30
1701164402, 0, 697, 1079, 971, 89, 3.45%, 0, 4, 6, 37.39
1701164412, 0, 697, 1080, 972, 89, 3.46%, 0, 4, 6, 38.96
1701164417, 0, 697, 1081, 973, 89, 3.46%, 0, 4, 6, 35.10
1701164499, 0, 697, 1082, 974, 89, 3.46%, 0, 4, 6, 35.35
1701164509, 0, 697, 1083, 975, 89, 3.46%, 0, 4, 6, 39.23
1701164612, 0, 697, 1084, 976, 89, 3.47%, 0, 4, 6, 39.37
1701164668, 0, 697, 1085, 977, 89, 3.47%, 0, 4, 6, 39.25
1701164693, 0, 697, 1086, 978, 89, 3.47%, 0, 4, 6, 37.73
1701164714, 0, 697, 1088, 980, 89, 3.54%, 0, 4, 6, 29.91
1701164719, 0, 697, 1089, 981, 89, 3.54%, 0, 4, 6, 32.30
1701164749, 0, 697, 1090, 982, 89, 3.54%, 0, 4, 6, 37.49
1701164785, 0, 713, 1090, 980, 95, 3.54%, 0, 4, 6, 37.21
1701165061, 0, 720, 1090, 979, 94, 3.54%, 0, 4, 6, 38.82
1701165379, 0, 720, 1092, 981, 94, 3.54%, 0, 4, 6, 35.27
1701165394, 0, 720, 1093, 982, 94, 3.54%, 0, 4, 6, 31.44
1701165456, 0, 720, 1094, 983, 94, 3.54%, 0, 4, 6, 33.27
1701165553, 0, 720, 1095, 984, 94, 3.54%, 0, 4, 6, 38.01
1701165568, 0, 720, 1096, 985, 94, 3.54%, 0, 4, 6, 37.80
1701165573, 0, 720, 1097, 986, 94, 3.54%, 0, 4, 6, 35.60
1701165742, 0, 720, 1098, 987, 94, 3.54%, 0, 4, 6, 32.38
1701165818, 0, 720, 1099, 988, 94, 3.54%, 0, 4, 6, 30.34
1701165839, 0, 734, 1099, 987, 96, 3.54%, 0, 4, 6, 35.07
1701166100, 0, 740, 1099, 986, 95, 3.54%, 0, 4, 6, 35.08
1701166305, 0, 740, 1100, 987, 95, 3.54%, 0, 4, 6, 30.78
1701166311, 0, 740, 1101, 988, 95, 3.54%, 0, 4, 6, 31.36
1701166336, 0, 740, 1102, 989, 95, 3.54%, 0, 4, 6, 33.04
1701166552, 0, 756, 1102, 987, 94, 3.54%, 0, 4, 6, 37.48
1701166577, 0, 756, 1103, 988, 94, 3.54%, 0, 4, 6, 38.26
1701166624, 0, 756, 1105, 990, 94, 3.54%, 0, 4, 6, 40.10
1701166896, 0, 756, 1107, 992, 94, 3.54%, 0, 4, 6, 30.62
1701166926, 0, 756, 1109, 994, 94, 3.54%, 0, 4, 6, 33.16
1701166957, 0, 756, 1110, 995, 94, 3.54%, 0, 4, 6, 33.47
1701166962, 0, 756, 1111, 996, 94, 3.55%, 0, 4, 6, 36.09
1701167023, 0, 756, 1112, 997, 94, 3.55%, 0, 4, 6, 33.18
1701167029, 0, 756, 1113, 998, 94, 3.55%, 0, 4, 6, 34.48
1701167039, 0, 756, 1114, 999, 94, 3.55%, 0, 4, 6, 31.18
1701167054, 0, 756, 1115, 1000, 94, 3.55%, 0, 4, 6, 33.12
1701167166, 0, 756, 1116, 1001, 94, 3.55%, 0, 4, 6, 38.42
1701167177, 0, 756, 1117, 1002, 94, 3.56%, 0, 4, 6, 31.28
1701167299, 0, 756, 1118, 1003, 94, 3.56%, 0, 4, 6, 37.06
1701167320, 0, 756, 1119, 1004, 94, 3.56%, 0, 4, 6, 37.08
1701167391, 0, 759, 1119, 1003, 97, 3.56%, 0, 4, 6, 32.55
1701167453, 0, 759, 1120, 1004, 97, 3.56%, 0, 4, 6, 34.92
1701167638, 0, 760, 1120, 1003, 96, 3.56%, 0, 4, 6, 31.99
1701167643, 0, 760, 1121, 1004, 96, 3.56%, 0, 4, 6, 32.15
1701167951, 0, 760, 1122, 1005, 96, 3.56%, 0, 4, 6, 35.37
1701167961, 0, 760, 1123, 1006, 96, 3.56%, 0, 4, 6, 33.77
1701167997, 0, 760, 1124, 1007, 96, 3.56%, 0, 4, 6, 32.53
1701168007, 0, 760, 1125, 1008, 96, 3.56%, 0, 4, 6, 36.29
1701168033, 0, 760, 1126, 1009, 96, 3.56%, 0, 4, 6, 32.75
1701168058, 0, 760, 1127, 1010, 96, 3.56%, 0, 4, 6, 32.66
1701168084, 0, 760, 1128, 1011, 96, 3.56%, 0, 4, 6, 36.24
1701168130, 0, 760, 1129, 1012, 96, 3.56%, 0, 4, 6, 32.68
1701168171, 0, 760, 1130, 1013, 96, 3.56%, 0, 4, 6, 39.29
1701168197, 0, 760, 1131, 1014, 96, 3.56%, 0, 4, 6, 35.58
1701168264, 0, 760, 1132, 1015, 96, 3.56%, 0, 4, 6, 29.49
1701168274, 0, 760, 1133, 1016, 96, 3.56%, 0, 4, 6, 34.51
1701168304, 0, 760, 1135, 1018, 96, 3.59%, 0, 4, 6, 39.00
1701168423, 0, 768, 1135, 1017, 100, 3.59%, 0, 4, 6, 37.41
1701168505, 0, 768, 1136, 1018, 100, 3.59%, 0, 4, 6, 33.85
1701168863, 0, 768, 1138, 1020, 100, 3.59%, 0, 4, 6, 30.48
1701168868, 0, 768, 1139, 1021, 100, 3.59%, 0, 4, 6, 25.55
1701168909, 0, 768, 1141, 1023, 100, 3.59%, 0, 4, 6, 37.22
1701168935, 0, 768, 1142, 1024, 100, 3.59%, 0, 4, 6, 32.41
1701169007, 0, 768, 1143, 1025, 100, 3.59%, 0, 4, 6, 37.43
1701169037, 0, 768, 1144, 1026, 100, 3.59%, 0, 4, 6, 32.66
1701169094, 0, 768, 1145, 1027, 100, 3.59%, 0, 4, 6, 34.41
1701169335, 0, 774, 1145, 1026, 100, 3.59%, 0, 4, 6, 38.66
1701169678, 0, 775, 1145, 1025, 99, 3.59%, 0, 4, 6, 29.41
1701170086, 0, 775, 1146, 1026, 99, 3.59%, 0, 4, 6, 37.15
1701170137, 0, 775, 1147, 1027, 99, 3.59%, 0, 4, 6, 29.03
1701170199, 0, 778, 1147, 1026, 97, 3.59%, 0, 4, 6, 33.29
1701170302, 0, 778, 1148, 1027, 97, 3.59%, 0, 4, 6, 30.03
1701170496, 0, 784, 1148, 1026, 96, 3.59%, 0, 4, 6, 36.14
1701170650, 0, 797, 1148, 1025, 95, 3.59%, 0, 4, 6, 27.30
1701170696, 0, 797, 1149, 1026, 95, 3.59%, 0, 4, 6, 32.87
1701170701, 0, 797, 1151, 1028, 95, 3.60%, 0, 4, 6, 37.33
1701170921, 0, 797, 1153, 1030, 95, 3.60%, 0, 4, 6, 26.82
1701170926, 0, 797, 1155, 1032, 95, 3.60%, 0, 4, 6, 20.04
1701171403, 0, 798, 1155, 1031, 95, 3.60%, 0, 4, 6, 31.80
1701171449, 0, 798, 1158, 1034, 95, 3.60%, 0, 4, 6, 34.93
1701171495, 0, 798, 1159, 1035, 95, 3.60%, 0, 4, 6, 37.98
1701171536, 0, 798, 1160, 1036, 95, 3.60%, 0, 4, 6, 29.68
1701171668, 0, 798, 1167, 1043, 95, 3.60%, 0, 4, 6, 25.33
1701172159, 0, 802, 1167, 1042, 95, 3.60%, 0, 4, 6, 27.78
1701172164, 0, 806, 1167, 1040, 93, 3.60%, 0, 4, 6, 27.54
1701172170, 0, 808, 1167, 1038, 91, 3.60%, 0, 4, 6, 30.84
1701172175, 0, 811, 1167, 1036, 89, 3.60%, 0, 4, 6, 30.86
1701172180, 0, 812, 1167, 1035, 88, 3.60%, 0, 4, 6, 30.44
1701172185, 0, 830, 1167, 1032, 85, 3.60%, 0, 4, 6, 34.82
1701172190, 0, 836, 1167, 1031, 84, 3.60%, 0, 4, 6, 34.69
1701172768, 0, 837, 1167, 1030, 83, 3.60%, 0, 4, 6, 37.36
1701173264, 0, 838, 1167, 1029, 82, 3.60%, 0, 4, 6, 33.16
1701173826, 0, 839, 1167, 1028, 81, 3.60%, 0, 4, 6, 38.22
1701174583, 0, 840, 1167, 1027, 80, 3.60%, 0, 4, 6, 33.13
1701175357, 0, 841, 1167, 1026, 79, 3.60%, 0, 4, 6, 32.97
1701175362, 0, 842, 1167, 1025, 78, 3.60%, 0, 4, 6, 27.79
1701176125, 0, 842, 1168, 1026, 78, 3.60%, 0, 4, 6, 35.23
1701176172, 0, 842, 1169, 1027, 78, 3.60%, 0, 4, 6, 28.64
1701176218, 0, 845, 1169, 1026, 78, 3.60%, 0, 4, 6, 33.77
1701176223, 0, 847, 1170, 1026, 77, 3.60%, 0, 4, 6, 33.51
1701176305, 0, 847, 1171, 1027, 77, 3.60%, 0, 4, 6, 31.99
1701176310, 0, 847, 1172, 1028, 77, 3.60%, 0, 4, 6, 30.34
1701176315, 0, 847, 1176, 1032, 77, 3.62%, 0, 4, 6, 21.61
1701176321, 0, 847, 1177, 1033, 77, 3.62%, 0, 4, 6, 27.93
1701176356, 0, 847, 1178, 1034, 77, 3.62%, 0, 4, 6, 25.85
1701176361, 0, 847, 1182, 1038, 77, 3.62%, 0, 4, 6, 29.26
1701176371, 0, 847, 1184, 1040, 77, 3.62%, 0, 4, 6, 30.49
1701176376, 0, 847, 1185, 1041, 77, 3.62%, 0, 4, 6, 32.54
1701176387, 0, 847, 1186, 1042, 77, 3.62%, 0, 4, 6, 30.86
1701176510, 0, 847, 1187, 1043, 77, 3.62%, 0, 4, 6, 34.16
1701176526, 0, 847, 1188, 1044, 77, 3.62%, 0, 4, 6, 38.72
1701176551, 0, 847, 1189, 1045, 77, 3.63%, 0, 4, 6, 38.43
1701176690, 0, 847, 1190, 1046, 77, 3.63%, 0, 4, 6, 30.18
1701176736, 0, 849, 1190, 1045, 80, 3.63%, 0, 4, 6, 23.15
1701176756, 0, 849, 1191, 1046, 80, 3.63%, 0, 4, 6, 13.94
1701176818, 0, 849, 1192, 1047, 80, 3.63%, 0, 4, 6, 14.98
1701176925, 0, 849, 1193, 1048, 80, 3.63%, 0, 4, 6, 20.25
1701176986, 0, 849, 1194, 1049, 80, 3.63%, 0, 4, 6, 25.83
1701177012, 0, 860, 1194, 1047, 79, 3.63%, 0, 4, 6, 32.84
1701177022, 0, 860, 1194, 1047, 79, 3.63%, 0, 5, 6, 33.05
1701177161, 0, 865, 1194, 1046, 78, 3.63%, 0, 5, 6, 25.62
1701178108, 0, 865, 1195, 1047, 78, 3.63%, 0, 5, 6, 30.19
1701178471, 0, 870, 1195, 1046, 78, 3.63%, 0, 5, 6, 31.83
1701178798, 0, 870, 1196, 1047, 78, 3.63%, 0, 5, 6, 34.19
1701179360, 0, 878, 1196, 1046, 77, 3.63%, 0, 5, 6, 27.19
1701179365, 0, 882, 1196, 1044, 75, 3.63%, 0, 5, 6, 33.48
1701179371, 0, 887, 1196, 1043, 74, 3.63%, 0, 5, 6, 33.82
1701179417, 0, 887, 1197, 1044, 74, 3.63%, 0, 5, 6, 30.84
1701180380, 0, 888, 1197, 1043, 74, 3.63%, 0, 5, 6, 30.07
1701180431, 0, 888, 1198, 1044, 74, 3.63%, 0, 5, 6, 32.69
1701181445, 0, 914, 1198, 1042, 73, 3.63%, 0, 5, 6, 36.67
1701181614, 0, 916, 1198, 1041, 72, 3.63%, 0, 5, 6, 32.86
1701181957, 0, 916, 1199, 1042, 72, 3.63%, 0, 5, 6, 26.60
1701181998, 0, 919, 1199, 1041, 72, 3.63%, 0, 5, 6, 26.89
1701182003, 0, 919, 1208, 1050, 72, 3.63%, 0, 5, 6, 25.58
1701182008, 0, 919, 1210, 1052, 72, 3.63%, 0, 5, 6, 31.21
1701182013, 0, 919, 1213, 1055, 72, 3.63%, 0, 5, 6, 33.01
1701182018, 0, 919, 1214, 1056, 72, 3.63%, 0, 5, 6, 28.12
1701182044, 0, 919, 1215, 1057, 72, 3.63%, 0, 5, 6, 22.09
1701182151, 0, 919, 1217, 1059, 72, 3.63%, 0, 5, 6, 23.13
1701182167, 0, 919, 1218, 1060, 72, 3.63%, 0, 5, 6, 36.91
1701182197, 0, 920, 1218, 1059, 73, 3.63%, 0, 5, 6, 35.38
1701182202, 0, 921, 1220, 1060, 72, 3.66%, 0, 5, 6, 38.86
1701182218, 0, 924, 1221, 1060, 73, 3.66%, 0, 5, 6, 39.50
1701182228, 0, 924, 1223, 1062, 73, 3.66%, 0, 5, 6, 31.76
1701182417, 0, 925, 1223, 1061, 73, 3.66%, 0, 5, 6, 34.65
1701182422, 0, 925, 1224, 1062, 73, 3.66%, 0, 5, 6, 33.98
1701182612, 0, 925, 1225, 1063, 73, 3.66%, 0, 5, 6, 36.10
1701182678, 0, 925, 1226, 1064, 73, 3.66%, 0, 5, 6, 27.27
1701182699, 0, 925, 1227, 1065, 73, 3.67%, 0, 5, 6, 36.04
1701182965, 0, 928, 1231, 1067, 73, 3.69%, 0, 5, 6, 32.64
1701182970, 0, 928, 1236, 1072, 73, 3.69%, 0, 5, 6, 35.03
1701182975, 0, 928, 1239, 1075, 73, 3.69%, 0, 5, 6, 35.39
1701183006, 0, 928, 1242, 1078, 73, 3.69%, 0, 5, 6, 31.42
1701183149, 0, 932, 1242, 1077, 76, 3.69%, 0, 5, 6, 38.63
1701183215, 0, 932, 1243, 1078, 76, 3.70%, 0, 5, 7, 41.95
1701183286, 0, 932, 1244, 1079, 76, 3.70%, 0, 5, 7, 38.13
1701183358, 0, 932, 1245, 1080, 76, 3.70%, 0, 5, 7, 34.52
1701184100, 0, 932, 1246, 1081, 76, 3.73%, 0, 5, 7, 34.18
1701184208, 0, 932, 1247, 1082, 76, 3.76%, 0, 5, 7, 36.79
1701184398, 0, 932, 1258, 1093, 76, 3.78%, 0, 5, 7, 33.70
1701184577, 0, 932, 1260, 1095, 76, 3.78%, 0, 5, 7, 37.43
1701184608, 0, 978, 1260, 1094, 81, 3.78%, 0, 5, 7, 27.46
1701184613, 0, 985, 1260, 1093, 80, 3.78%, 0, 5, 7, 28.79
1701184618, 0, 990, 1260, 1092, 79, 3.78%, 0, 5, 7, 30.79
1701184664, 0, 990, 1264, 1096, 79, 3.78%, 0, 5, 7, 35.78
1701184670, 0, 990, 1265, 1097, 79, 3.78%, 0, 5, 7, 37.83
1701185530, 0, 990, 1266, 1098, 79, 3.78%, 0, 5, 7, 28.11
1701185842, 0, 990, 1267, 1099, 79, 3.78%, 0, 5, 7, 29.47
1701186077, 0, 990, 1268, 1100, 79, 3.78%, 0, 5, 7, 35.44
1701186088, 0, 990, 1271, 1103, 79, 3.79%, 0, 5, 7, 35.89
1701186329, 0, 990, 1272, 1104, 79, 3.79%, 0, 5, 7, 39.08
1701186344, 0, 990, 1273, 1105, 79, 3.79%, 0, 5, 7, 36.75
1701186375, 0, 990, 1274, 1106, 79, 3.79%, 0, 5, 7, 28.70
1701186411, 0, 990, 1275, 1107, 79, 3.79%, 0, 5, 7, 27.05
1701186432, 0, 990, 1276, 1108, 79, 3.79%, 0, 5, 7, 34.33
1701186488, 0, 990, 1277, 1109, 79, 3.79%, 0, 5, 7, 36.62
1701186765, 0, 990, 1278, 1110, 79, 3.79%, 0, 5, 7, 34.91
1701186795, 0, 996, 1278, 1109, 80, 3.79%, 0, 5, 7, 32.74
1701186801, 0, 999, 1278, 1108, 79, 3.79%, 0, 5, 7, 32.82
1701187645, 0, 999, 1279, 1109, 79, 3.79%, 0, 5, 7, 31.21
1701188440, 0, 999, 1280, 1110, 79, 3.79%, 0, 5, 7, 33.06
1701188557, 0, 999, 1281, 1111, 79, 3.79%, 0, 5, 7, 35.99
1701188588, 0, 1019, 1281, 1110, 79, 3.79%, 0, 5, 7, 30.11
1701188890, 0, 1019, 1282, 1111, 79, 3.80%, 0, 5, 7, 28.60
1701189044, 0, 1019, 1283, 1112, 79, 3.81%, 0, 5, 7, 37.51
1701189238, 0, 1019, 1284, 1113, 79, 3.82%, 0, 5, 7, 37.54
1701189463, 0, 1019, 1285, 1114, 79, 3.82%, 0, 5, 7, 38.36
1701189760, 0, 1019, 1286, 1115, 79, 3.82%, 0, 5, 7, 37.42
1701189857, 0, 1019, 1287, 1116, 79, 3.83%, 0, 5, 7, 38.27
1701190082, 0, 1019, 1289, 1118, 79, 3.83%, 0, 5, 7, 32.32
1701190087, 0, 1019, 1290, 1119, 79, 3.83%, 0, 5, 7, 35.19
1701190353, 0, 1036, 1290, 1118, 81, 3.83%, 0, 5, 7, 36.22
1701190358, 0, 1037, 1290, 1117, 81, 3.83%, 0, 5, 7, 34.79
1701190364, 0, 1044, 1290, 1116, 80, 3.83%, 0, 5, 7, 35.07
1701190369, 0, 1045, 1290, 1115, 79, 3.83%, 0, 5, 7, 32.52
1701190374, 0, 1046, 1290, 1114, 78, 3.83%, 0, 5, 7, 28.42
1701190379, 0, 1047, 1290, 1113, 77, 3.83%, 0, 5, 7, 32.67
1701190384, 0, 1049, 1290, 1112, 76, 3.83%, 0, 5, 7, 32.83
1701190390, 0, 1071, 1290, 1108, 72, 3.83%, 0, 5, 7, 35.10
1701190395, 0, 1071, 1292, 1110, 72, 3.83%, 0, 5, 7, 36.70
1701190400, 0, 1071, 1295, 1113, 72, 3.83%, 0, 5, 7, 36.34
1701190809, 0, 1071, 1296, 1114, 72, 3.83%, 0, 5, 7, 35.05
1701190825, 0, 1071, 1297, 1115, 72, 3.83%, 0, 5, 7, 34.26
1701190907, 0, 1071, 1298, 1116, 72, 3.83%, 0, 5, 7, 34.29
1701190973, 0, 1071, 1299, 1117, 72, 3.83%, 0, 5, 7, 36.01
1701191142, 0, 1071, 1300, 1118, 72, 3.83%, 0, 5, 7, 35.85
1701191265, 0, 1072, 1301, 1118, 74, 3.83%, 0, 5, 7, 36.06
1701191270, 0, 1072, 1302, 1119, 74, 3.84%, 0, 5, 7, 32.68
1701191281, 0, 1072, 1303, 1120, 74, 3.84%, 0, 5, 7, 37.55
1701191291, 0, 1074, 1303, 1119, 76, 3.84%, 0, 5, 7, 38.40
1701191700, 0, 1077, 1303, 1118, 75, 3.84%, 0, 5, 7, 40.64
1701192038, 0, 1077, 1304, 1119, 75, 3.84%, 0, 5, 7, 29.40
1701192069, 0, 1077, 1305, 1120, 75, 3.84%, 0, 5, 7, 27.61
1701192094, 0, 1077, 1306, 1121, 75, 3.84%, 0, 5, 7, 35.74
1701192253, 0, 1077, 1307, 1122, 75, 3.84%, 0, 5, 7, 36.88
1701192478, 0, 1077, 1308, 1123, 75, 3.84%, 0, 5, 7, 34.69
1701192519, 0, 1079, 1309, 1123, 76, 3.85%, 0, 5, 7, 38.74
1701192524, 0, 1079, 1311, 1125, 76, 3.86%, 0, 5, 7, 33.69
1701192534, 0, 1079, 1313, 1127, 76, 3.86%, 0, 5, 7, 36.26
1701192585, 0, 1079, 1314, 1128, 76, 3.86%, 0, 5, 7, 37.67
1701192590, 0, 1079, 1315, 1129, 76, 3.86%, 0, 5, 7, 37.45
1701192596, 0, 1079, 1316, 1130, 76, 3.86%, 0, 5, 7, 34.89
1701192821, 0, 1079, 1317, 1131, 76, 3.86%, 0, 5, 7, 38.99
1701192831, 0, 1079, 1318, 1132, 76, 3.86%, 0, 5, 7, 37.12
1701192852, 0, 1079, 1319, 1133, 76, 3.86%, 0, 5, 7, 34.31
1701192934, 0, 1079, 1320, 1134, 76, 3.86%, 0, 5, 7, 35.09
1701192939, 0, 1079, 1321, 1135, 76, 3.86%, 0, 5, 7, 37.43
1701193006, 0, 1079, 1322, 1136, 76, 3.86%, 0, 5, 7, 31.66
1701193016, 0, 1079, 1323, 1137, 76, 3.86%, 0, 5, 7, 30.61
1701193103, 0, 1079, 1324, 1138, 76, 3.86%, 0, 5, 7, 34.75
1701193113, 0, 1079, 1325, 1139, 76, 3.86%, 0, 5, 7, 33.47
1701193170, 0, 1079, 1326, 1140, 76, 3.86%, 0, 5, 7, 26.56
1701193334, 0, 1083, 1326, 1139, 77, 3.86%, 0, 5, 7, 35.74
1701193698, 0, 1085, 1326, 1138, 77, 3.86%, 0, 5, 7, 38.36
1701193703, 0, 1087, 1335, 1146, 76, 3.88%, 0, 5, 7, 38.52
1701193709, 0, 1087, 1337, 1148, 76, 3.88%, 0, 5, 7, 35.12
1701193714, 0, 1087, 1339, 1150, 76, 3.88%, 0, 5, 7, 33.06
1701193719, 0, 1087, 1342, 1153, 76, 3.88%, 0, 5, 7, 35.71
1701193724, 0, 1087, 1344, 1155, 76, 3.88%, 0, 5, 7, 31.22
1701193729, 0, 1087, 1345, 1156, 76, 3.89%, 0, 5, 7, 30.97
1701193734, 0, 1087, 1347, 1158, 76, 3.89%, 0, 5, 7, 32.85
1701193739, 0, 1087, 1349, 1160, 76, 3.90%, 0, 5, 7, 37.61
1701193745, 0, 1087, 1350, 1161, 76, 3.90%, 0, 5, 7, 35.72
1701193765, 0, 1087, 1351, 1162, 76, 3.90%, 0, 5, 7, 30.68
1701193770, 0, 1087, 1352, 1163, 76, 3.90%, 0, 5, 7, 31.21
1701193827, 0, 1088, 1352, 1162, 84, 3.90%, 0, 5, 7, 29.12
1701194410, 0, 1091, 1352, 1161, 83, 3.90%, 0, 5, 7, 34.63
1701195049, 0, 1103, 1352, 1159, 82, 3.90%, 0, 5, 7, 36.09
1701195453, 0, 1109, 1352, 1158, 81, 3.90%, 0, 5, 7, 31.10
1701195740, 0, 1109, 1353, 1159, 81, 3.90%, 0, 5, 7, 34.63
1701195765, 0, 1109, 1354, 1160, 81, 3.90%, 0, 5, 7, 27.29
1701195858, 0, 1110, 1354, 1159, 81, 3.90%, 0, 5, 7, 28.51
1701195863, 0, 1110, 1355, 1160, 81, 3.90%, 0, 5, 7, 33.99
1701195868, 0, 1117, 1355, 1159, 80, 3.90%, 0, 5, 7, 32.70
1701196150, 0, 1117, 1356, 1160, 80, 3.90%, 0, 5, 7, 33.71
1701196212, 0, 1119, 1356, 1159, 80, 3.90%, 0, 5, 7, 35.66
1701196462, 0, 1126, 1356, 1158, 79, 3.90%, 0, 5, 7, 34.91
1701196754, 0, 1126, 1357, 1159, 79, 3.90%, 0, 5, 7, 34.18
1701196815, 0, 1131, 1357, 1158, 79, 3.90%, 0, 5, 7, 36.54
1701197149, 0, 1131, 1358, 1159, 79, 3.90%, 0, 5, 7, 34.10
1701197195, 0, 1134, 1360, 1160, 78, 3.90%, 0, 5, 7, 32.31
1701197206, 0, 1134, 1363, 1163, 78, 3.91%, 0, 5, 7, 32.36
1701197216, 0, 1134, 1364, 1164, 78, 3.91%, 0, 5, 7, 37.07
1701197247, 0, 1134, 1365, 1165, 78, 3.91%, 0, 5, 7, 32.87
1701197262, 0, 1134, 1366, 1166, 78, 3.92%, 0, 5, 7, 31.76
1701197267, 0, 1134, 1367, 1167, 78, 3.92%, 0, 5, 7, 32.01
1701197288, 0, 1139, 1367, 1166, 81, 3.92%, 0, 5, 7, 31.81
1701197293, 0, 1139, 1368, 1167, 81, 3.92%, 0, 5, 7, 36.06
1701197298, 0, 1140, 1368, 1166, 80, 3.92%, 0, 5, 7, 31.21
1701197876, 0, 1140, 1369, 1167, 80, 3.92%, 0, 5, 7, 35.22
1701197907, 0, 1150, 1369, 1165, 79, 3.92%, 0, 5, 7, 31.88
1701197912, 0, 1151, 1369, 1164, 78, 3.92%, 0, 5, 7, 34.45
1701197958, 0, 1151, 1372, 1167, 78, 3.92%, 0, 5, 7, 28.76
1701198010, 0, 1151, 1373, 1168, 78, 3.92%, 0, 5, 7, 31.13
1701198015, 0, 1151, 1375, 1170, 78, 3.92%, 0, 5, 7, 33.28
1701198183, 0, 1151, 1376, 1171, 78, 3.92%, 0, 5, 7, 24.56
1701198623, 0, 1151, 1377, 1172, 78, 3.92%, 0, 5, 7, 34.79
1701198680, 0, 1161, 1377, 1171, 81, 3.92%, 0, 5, 7, 33.07
1701198730, 0, 1161, 1379, 1173, 81, 3.92%, 0, 5, 7, 29.48
1701198781, 0, 1161, 1380, 1174, 81, 3.92%, 0, 5, 7, 30.26
1701198955, 0, 1161, 1381, 1175, 81, 3.92%, 0, 5, 7, 26.10
1701198965, 0, 1161, 1382, 1176, 81, 3.92%, 0, 5, 7, 30.99
1701199443, 0, 1168, 1382, 1175, 82, 3.92%, 0, 5, 7, 30.72
1701199453, 0, 1168, 1383, 1176, 82, 3.92%, 0, 5, 7, 35.04
1701199458, 0, 1177, 1384, 1175, 81, 3.92%, 0, 5, 7, 35.23
1701199468, 0, 1177, 1385, 1176, 81, 3.92%, 0, 5, 7, 30.76
1701199499, 0, 1177, 1386, 1177, 81, 3.92%, 0, 5, 7, 23.45
1701199545, 0, 1177, 1388, 1179, 81, 3.92%, 0, 5, 7, 32.08
1701199555, 0, 1177, 1389, 1180, 81, 3.92%, 0, 5, 7, 25.19
1701199591, 0, 1177, 1390, 1181, 81, 3.92%, 0, 5, 7, 31.00
1701199596, 0, 1177, 1392, 1183, 81, 3.92%, 0, 5, 7, 22.45
1701199653, 0, 1180, 1392, 1182, 81, 3.92%, 0, 5, 7, 31.70
1701199699, 0, 1180, 1393, 1183, 81, 3.92%, 0, 5, 7, 18.17
1701199796, 0, 1180, 1394, 1184, 81, 3.92%, 0, 5, 7, 25.42
1701199852, 0, 1187, 1395, 1183, 80, 3.92%, 0, 5, 7, 25.53
1701199857, 0, 1187, 1397, 1185, 80, 3.92%, 0, 5, 7, 24.10
1701199975, 0, 1187, 1399, 1187, 80, 3.92%, 0, 5, 7, 25.62
1701199990, 0, 1187, 1400, 1188, 80, 3.92%, 0, 5, 7, 27.85
1701200072, 0, 1187, 1401, 1189, 80, 3.92%, 0, 5, 7, 33.18
1701200148, 0, 1194, 1401, 1187, 80, 3.92%, 0, 5, 7, 30.96
1701201521, 0, 1196, 1401, 1186, 79, 3.92%, 0, 5, 7, 37.21
1701201634, 0, 1196, 1402, 1187, 79, 3.92%, 0, 5, 7, 33.24
1701202303, 0, 1196, 1403, 1188, 79, 3.92%, 0, 5, 7, 35.69
1701202446, 0, 1196, 1404, 1189, 79, 3.92%, 0, 5, 7, 32.87
1701202610, 0, 1197, 1404, 1188, 79, 3.92%, 0, 5, 7, 35.09
1701202615, 0, 1198, 1404, 1187, 78, 3.92%, 0, 5, 7, 36.17
1701202620, 0, 1211, 1405, 1187, 77, 3.92%, 0, 5, 7, 27.26
1701202636, 0, 1211, 1406, 1188, 77, 3.92%, 0, 5, 7, 22.16
1701202723, 0, 1211, 1407, 1189, 77, 3.93%, 0, 5, 7, 15.24
1701202855, 0, 1225, 1407, 1186, 76, 3.93%, 0, 5, 7, 28.15
1701203100, 0, 1230, 1407, 1182, 72, 3.93%, 0, 5, 7, 33.08
1701203105, 0, 1236, 1408, 1182, 71, 3.93%, 0, 5, 7, 35.91
1701203110, 0, 1236, 1409, 1183, 71, 3.93%, 0, 5, 7, 33.01
1701203295, 0, 1236, 1410, 1184, 71, 3.93%, 0, 5, 7, 36.95
1701203331, 0, 1242, 1410, 1181, 69, 3.93%, 0, 5, 7, 28.11
1701203336, 0, 1244, 1410, 1180, 68, 3.93%, 0, 5, 7, 27.83
1701203341, 0, 1256, 1410, 1179, 67, 3.93%, 0, 5, 7, 31.18
1701203357, 0, 1256, 1411, 1180, 67, 3.93%, 0, 5, 8, 28.71
1701203367, 0, 1257, 1411, 1179, 67, 3.93%, 0, 5, 8, 23.46
1701203382, 0, 1258, 1411, 1178, 66, 3.93%, 0, 5, 8, 29.55
1701203392, 0, 1259, 1411, 1177, 65, 3.93%, 0, 5, 8, 35.14
1701203402, 0, 1263, 1411, 1176, 64, 3.93%, 0, 5, 8, 37.07
1701203418, 0, 1264, 1411, 1175, 63, 3.93%, 0, 5, 8, 29.95
1701203423, 0, 1268, 1411, 1174, 62, 3.93%, 0, 5, 8, 28.69
1701203433, 0, 1270, 1411, 1173, 61, 3.93%, 0, 5, 8, 35.96
1701203438, 0, 1273, 1411, 1172, 60, 3.93%, 0, 5, 8, 35.51
1701203449, 0, 1274, 1411, 1171, 59, 3.93%, 0, 5, 8, 32.39
1701203464, 0, 1277, 1411, 1170, 58, 3.93%, 0, 5, 8, 35.03
1701203469, 0, 1277, 1412, 1171, 58, 3.93%, 0, 5, 8, 32.67
1701203484, 0, 1280, 1412, 1170, 58, 3.93%, 0, 5, 8, 28.80
1701203495, 0, 1281, 1412, 1169, 57, 3.93%, 0, 5, 8, 35.46
1701203500, 0, 1282, 1412, 1168, 56, 3.93%, 0, 5, 8, 35.51
1701203515, 0, 1285, 1412, 1167, 55, 3.93%, 0, 5, 8, 31.62
1701203520, 0, 1286, 1412, 1166, 54, 3.93%, 0, 5, 8, 31.66
1701203531, 0, 1297, 1412, 1164, 52, 3.93%, 0, 5, 8, 33.35
1701203541, 0, 1298, 1412, 1163, 51, 3.93%, 0, 5, 8, 32.48
1701203546, 0, 1298, 1415, 1166, 51, 3.94%, 0, 5, 8, 35.54
1701203551, 0, 1298, 1416, 1167, 51, 3.94%, 0, 5, 8, 34.69
1701203664, 0, 1300, 1416, 1166, 52, 3.94%, 0, 5, 8, 28.33
1701203669, 0, 1300, 1417, 1167, 52, 3.94%, 0, 5, 8, 30.85
1701203679, 0, 1301, 1418, 1167, 52, 3.94%, 0, 5, 8, 30.06
1701203684, 0, 1301, 1419, 1168, 52, 3.94%, 0, 5, 8, 29.71
1701203695, 0, 1301, 1420, 1169, 52, 3.94%, 0, 5, 8, 37.04
1701203741, 0, 1302, 1420, 1168, 53, 3.94%, 0, 5, 8, 38.72
1701203746, 0, 1313, 1420, 1165, 50, 3.94%, 0, 5, 8, 35.08
1701203751, 0, 1313, 1421, 1166, 50, 3.94%, 0, 5, 8, 28.96
1701203766, 0, 1317, 1421, 1165, 50, 3.94%, 0, 5, 8, 32.03
1701203771, 0, 1317, 1422, 1166, 50, 3.94%, 0, 5, 8, 30.23
1701203782, 0, 1318, 1422, 1165, 51, 3.94%, 0, 5, 8, 32.45
1701203792, 0, 1320, 1423, 1165, 50, 3.94%, 0, 5, 8, 37.83
1701203797, 0, 1320, 1424, 1166, 50, 3.94%, 0, 5, 8, 39.90
1701203817, 0, 1323, 1425, 1166, 50, 3.94%, 0, 5, 8, 39.49
1701203833, 0, 1323, 1426, 1167, 50, 3.94%, 0, 5, 8, 33.04
1701203843, 0, 1323, 1427, 1168, 50, 3.94%, 0, 5, 8, 31.93
1701203874, 0, 1323, 1428, 1169, 50, 3.94%, 0, 5, 8, 33.33
1701203945, 0, 1324, 1430, 1170, 50, 3.94%, 0, 5, 8, 37.15
1701203950, 0, 1324, 1432, 1172, 50, 3.94%, 0, 5, 8, 37.55
1701203961, 0, 1324, 1433, 1173, 50, 3.94%, 0, 5, 8, 36.07
1701203986, 0, 1324, 1435, 1175, 50, 3.94%, 0, 5, 8, 29.50
1701203996, 0, 1324, 1436, 1176, 50, 3.94%, 0, 5, 8, 28.86
1701204063, 0, 1336, 1436, 1174, 50, 3.94%, 0, 5, 8, 32.57
1701204068, 0, 1337, 1436, 1173, 49, 3.94%, 0, 5, 8, 37.06
1701204073, 0, 1345, 1437, 1172, 47, 3.94%, 0, 5, 8, 37.95
1701204079, 0, 1345, 1438, 1173, 47, 3.94%, 0, 5, 8, 36.07
1701204084, 0, 1345, 1439, 1174, 47, 3.94%, 0, 5, 8, 30.83
1701204089, 0, 1345, 1440, 1175, 47, 3.95%, 0, 5, 8, 33.76
1701204094, 0, 1345, 1442, 1177, 47, 3.95%, 0, 5, 8, 31.50
1701204109, 0, 1345, 1443, 1178, 47, 3.95%, 0, 5, 8, 25.92
1701204130, 0, 1345, 1444, 1179, 47, 3.95%, 0, 5, 8, 34.10
1701204145, 0, 1345, 1445, 1180, 47, 3.95%, 0, 5, 8, 38.64
1701204181, 0, 1345, 1446, 1181, 47, 3.95%, 0, 5, 8, 27.96
1701204197, 0, 1347, 1446, 1180, 51, 3.95%, 0, 5, 8, 39.37
1701204202, 0, 1348, 1446, 1179, 50, 3.95%, 0, 5, 8, 32.31
1701204207, 0, 1354, 1446, 1175, 46, 3.95%, 0, 5, 8, 34.44
1701204212, 0, 1354, 1447, 1176, 46, 3.95%, 0, 5, 8, 35.52
1701204217, 0, 1354, 1448, 1177, 46, 3.95%, 0, 5, 8, 35.40
1701204243, 0, 1355, 1448, 1176, 45, 3.95%, 0, 5, 8, 27.69
1701204253, 0, 1357, 1449, 1176, 44, 3.95%, 0, 5, 8, 33.49
1701204268, 0, 1360, 1449, 1175, 43, 3.95%, 0, 5, 8, 37.22
1701204273, 0, 1365, 1449, 1172, 40, 3.95%, 0, 5, 8, 37.47
1701204279, 0, 1368, 1449, 1171, 39, 3.95%, 0, 5, 8, 37.27
1701204284, 0, 1369, 1449, 1170, 38, 3.95%, 0, 5, 8, 36.06
1701204324, 0, 1369, 1451, 1172, 38, 3.95%, 0, 5, 8, 36.31
1701204329, 0, 1369, 1453, 1174, 38, 3.95%, 0, 5, 8, 35.12
1701204370, 0, 1369, 1454, 1175, 38, 3.95%, 0, 5, 8, 36.81
1701204376, 0, 1369, 1457, 1178, 38, 3.95%, 0, 5, 8, 37.59
1701204539, 0, 1369, 1458, 1179, 38, 3.95%, 0, 5, 8, 30.56
1701205061, 0, 1373, 1458, 1178, 39, 3.95%, 0, 5, 8, 34.68
1701205108, 0, 1373, 1467, 1187, 39, 3.96%, 0, 5, 8, 30.98
1701205153, 0, 1373, 1469, 1189, 39, 3.96%, 0, 5, 8, 30.43
1701205159, 0, 1373, 1472, 1192, 39, 3.97%, 0, 5, 8, 27.94
1701205205, 0, 1373, 1473, 1193, 39, 3.97%, 0, 5, 8, 34.16
1701205333, 0, 1373, 1475, 1195, 39, 3.97%, 0, 5, 8, 20.92
1701205343, 0, 1373, 1477, 1197, 39, 3.97%, 0, 5, 8, 30.30
1701205802, 0, 1373, 1479, 1199, 39, 3.97%, 0, 5, 8, 24.67
1701205807, 0, 1373, 1483, 1203, 39, 3.97%, 0, 5, 8, 22.80
1701205864, 0, 1375, 1483, 1202, 43, 3.97%, 0, 5, 8, 35.34
1701205869, 0, 1382, 1483, 1200, 41, 3.97%, 0, 5, 8, 31.66
1701205879, 0, 1383, 1483, 1199, 40, 3.97%, 0, 5, 8, 31.59
1701205884, 0, 1383, 1484, 1200, 40, 3.97%, 0, 5, 8, 28.65
1701206073, 0, 1384, 1484, 1199, 40, 3.97%, 0, 5, 8, 31.47
1701206283, 0, 1392, 1484, 1197, 38, 3.97%, 0, 5, 8, 30.11
1701206472, 0, 1398, 1484, 1195, 36, 3.97%, 0, 5, 8, 34.16
1701206712, 0, 1403, 1484, 1194, 35, 3.97%, 0, 5, 8, 33.50
1701206717, 0, 1403, 1485, 1195, 35, 3.97%, 0, 5, 8, 34.10
1701206727, 0, 1403, 1487, 1197, 35, 3.97%, 0, 5, 8, 35.69
1701206732, 0, 1403, 1488, 1198, 35, 3.97%, 0, 5, 8, 35.12
1701206737, 0, 1403, 1489, 1199, 35, 3.97%, 0, 5, 8, 37.35
1701206778, 0, 1403, 1490, 1200, 35, 3.97%, 0, 5, 8, 27.32
1701206803, 0, 1403, 1491, 1201, 35, 3.97%, 0, 5, 8, 33.38
1701206819, 0, 1403, 1492, 1202, 35, 3.97%, 0, 5, 8, 31.35
1701206824, 0, 1403, 1493, 1203, 35, 3.97%, 0, 5, 8, 28.54
1701206849, 0, 1406, 1493, 1201, 34, 3.97%, 0, 5, 8, 30.90
1701206855, 0, 1407, 1494, 1201, 33, 3.97%, 0, 5, 8, 31.38
1701206870, 0, 1409, 1494, 1200, 32, 3.97%, 0, 5, 8, 34.03
1701206875, 0, 1409, 1495, 1201, 32, 3.97%, 0, 5, 8, 33.87
1701206890, 0, 1410, 1495, 1200, 32, 3.97%, 0, 5, 8, 32.96
1701206937, 0, 1410, 1500, 1205, 32, 3.97%, 0, 5, 9, 34.42
1701206942, 0, 1410, 1504, 1209, 32, 3.97%, 0, 5, 9, 34.10
1701206947, 0, 1410, 1505, 1210, 32, 3.97%, 0, 5, 9, 37.46
1701206962, 0, 1410, 1506, 1211, 32, 3.97%, 0, 5, 9, 30.04
1701206973, 0, 1410, 1507, 1212, 32, 3.97%, 0, 5, 9, 29.79
1701206978, 0, 1410, 1508, 1213, 32, 3.97%, 0, 5, 9, 31.06
1701207029, 0, 1410, 1509, 1214, 32, 3.97%, 0, 5, 9, 32.27
1701207249, 0, 1410, 1510, 1215, 32, 3.97%, 0, 5, 9, 30.56
1701207310, 0, 1410, 1511, 1216, 32, 3.97%, 0, 5, 9, 33.42
1701207490, 0, 1410, 1512, 1217, 32, 3.97%, 0, 5, 9, 26.74
1701208073, 0, 1410, 1513, 1218, 32, 3.97%, 0, 5, 9, 36.64
1701208324, 0, 1410, 1514, 1219, 32, 3.97%, 0, 5, 9, 29.88
1701208329, 0, 1410, 1515, 1220, 32, 3.97%, 0, 5, 9, 37.90
1701208344, 0, 1410, 1516, 1221, 32, 3.97%, 0, 5, 9, 37.18
1701208529, 0, 1410, 1518, 1223, 32, 3.97%, 0, 5, 9, 35.76
1701208545, 0, 1410, 1519, 1224, 32, 3.97%, 0, 5, 9, 40.57
1701208621, 0, 1411, 1519, 1223, 36, 3.97%, 0, 5, 9, 39.05
1701209394, 0, 1411, 1520, 1224, 36, 3.97%, 0, 5, 9, 36.16
1701209731, 0, 1412, 1520, 1223, 36, 3.97%, 0, 5, 9, 35.30
1701209977, 0, 1412, 1521, 1224, 36, 3.97%, 0, 5, 9, 37.29
1701210028, 0, 1413, 1521, 1223, 37, 3.97%, 0, 5, 9, 40.04
1701210044, 0, 1413, 1522, 1224, 37, 3.97%, 0, 5, 9, 32.88
1701210049, 0, 1413, 1523, 1225, 37, 3.97%, 0, 5, 9, 39.08
1701210176, 0, 1413, 1525, 1227, 37, 3.99%, 0, 5, 9, 30.21
1701210479, 0, 1413, 1526, 1228, 37, 3.99%, 0, 5, 9, 34.12
1701210489, 0, 1413, 1527, 1229, 37, 3.99%, 0, 5, 9, 30.05
1701210566, 0, 1413, 1528, 1230, 37, 3.99%, 0, 5, 9, 34.61
1701210648, 0, 1413, 1529, 1231, 37, 3.99%, 0, 5, 9, 32.22
1701210705, 0, 1413, 1530, 1232, 37, 3.99%, 0, 5, 9, 38.48
1701210725, 0, 1413, 1531, 1233, 37, 3.99%, 0, 5, 9, 29.23
1701210843, 0, 1416, 1531, 1232, 38, 3.99%, 0, 5, 9, 37.55
1701210848, 0, 1418, 1531, 1231, 37, 3.99%, 0, 5, 9, 34.06
1701210853, 0, 1418, 1532, 1232, 37, 3.99%, 0, 5, 9, 33.90
1701210863, 0, 1418, 1533, 1233, 37, 3.99%, 0, 5, 9, 32.49
1701210874, 0, 1418, 1534, 1234, 37, 3.99%, 0, 5, 9, 40.64
1701210915, 0, 1419, 1534, 1233, 37, 3.99%, 0, 5, 9, 39.06
1701210920, 0, 1419, 1535, 1234, 37, 3.99%, 0, 5, 9, 39.28
1701210925, 0, 1422, 1535, 1233, 36, 3.99%, 0, 5, 9, 33.49
1701211135, 0, 1422, 1536, 1234, 36, 3.99%, 0, 5, 9, 37.53
1701211212, 0, 1424, 1536, 1233, 36, 3.99%, 0, 5, 9, 33.93
1701211652, 0, 1424, 1537, 1234, 36, 3.99%, 0, 5, 9, 37.47
1701211683, 0, 1424, 1538, 1235, 36, 4.00%, 0, 5, 9, 32.42
1701211791, 0, 1426, 1538, 1234, 36, 4.00%, 0, 5, 9, 34.01
1701212257, 0, 1426, 1539, 1235, 36, 4.00%, 0, 5, 9, 33.06
1701212339, 0, 1428, 1539, 1234, 36, 4.00%, 0, 5, 9, 34.82
1701212349, 0, 1428, 1541, 1236, 36, 4.00%, 0, 5, 9, 33.07
1701212825, 0, 1428, 1542, 1237, 36, 4.00%, 0, 5, 9, 32.76
1701212882, 0, 1429, 1542, 1236, 35, 4.00%, 0, 5, 9, 27.77
1701213430, 0, 1434, 1542, 1235, 34, 4.00%, 0, 5, 9, 37.11
1701213956, 0, 1434, 1543, 1236, 34, 4.00%, 0, 5, 9, 40.12
1701214033, 0, 1438, 1543, 1235, 34, 4.00%, 0, 5, 9, 30.83
1701214038, 0, 1439, 1543, 1234, 33, 4.00%, 0, 5, 9, 34.85
1701214044, 0, 1443, 1546, 1235, 31, 4.00%, 0, 5, 9, 36.17
1701214059, 0, 1443, 1547, 1236, 31, 4.00%, 0, 5, 9, 28.63
1701214064, 0, 1443, 1548, 1237, 31, 4.00%, 0, 5, 9, 26.74
1701214074, 0, 1443, 1549, 1238, 31, 4.00%, 0, 5, 9, 35.05
1701214090, 0, 1443, 1550, 1239, 31, 4.00%, 0, 5, 9, 32.88
1701214095, 0, 1443, 1551, 1240, 31, 4.00%, 0, 5, 9, 31.42
1701214131, 0, 1445, 1551, 1239, 32, 4.00%, 0, 5, 9, 36.64
1701214136, 0, 1452, 1551, 1238, 31, 4.00%, 0, 5, 9, 35.47
1701214141, 0, 1457, 1551, 1236, 29, 4.00%, 0, 5, 9, 34.48
1701214187, 0, 1457, 1553, 1238, 29, 4.00%, 0, 5, 9, 30.68
1701214192, 0, 1457, 1556, 1241, 29, 4.00%, 0, 5, 9, 28.96
1701214244, 0, 1457, 1560, 1245, 29, 4.00%, 0, 5, 9, 29.48
1701214443, 0, 1457, 1561, 1246, 29, 4.00%, 0, 5, 9, 37.42
1701214874, 0, 1457, 1562, 1247, 29, 4.00%, 0, 5, 9, 33.72
1701214910, 0, 1457, 1563, 1248, 29, 4.00%, 0, 5, 9, 31.41
1701215017, 0, 1464, 1563, 1247, 31, 4.00%, 0, 5, 9, 32.85
1701215110, 0, 1464, 1564, 1248, 31, 4.00%, 0, 5, 9, 32.41
1701215290, 0, 1464, 1565, 1249, 31, 4.00%, 0, 5, 9, 21.93
1701215785, 0, 1464, 1566, 1250, 31, 4.00%, 0, 5, 9, 29.13
1701215872, 0, 1468, 1566, 1248, 31, 4.00%, 0, 5, 9, 30.59
1701215877, 0, 1469, 1566, 1247, 30, 4.00%, 0, 5, 9, 32.37
1701215883, 0, 1476, 1566, 1244, 27, 4.00%, 0, 5, 9, 34.51
1701215888, 0, 1483, 1566, 1243, 26, 4.00%, 0, 5, 9, 32.64
1701215934, 0, 1483, 1567, 1244, 26, 4.00%, 0, 5, 9, 35.07
1701216092, 0, 1488, 1567, 1243, 26, 4.00%, 0, 5, 9, 35.11
1701216133, 0, 1488, 1568, 1244, 26, 4.00%, 0, 5, 9, 40.33
1701216138, 0, 1488, 1569, 1245, 26, 4.00%, 0, 5, 9, 36.16
1701216521, 0, 1488, 1570, 1246, 26, 4.00%, 0, 5, 9, 24.16
1701217027, 0, 1494, 1570, 1245, 26, 4.00%, 0, 5, 9, 33.33
1701217068, 0, 1494, 1571, 1246, 26, 4.00%, 0, 5, 9, 39.90
1701217256, 0, 1501, 1571, 1245, 26, 4.00%, 0, 5, 9, 28.13
1701217312, 0, 1501, 1573, 1247, 26, 4.00%, 0, 5, 10, 31.52
1701217343, 0, 1501, 1575, 1249, 26, 4.00%, 0, 5, 10, 38.49
1701217389, 0, 1501, 1576, 1250, 26, 4.01%, 0, 5, 10, 35.29
1701218433, 0, 1501, 1577, 1251, 26, 4.01%, 0, 5, 10, 34.13
1701218444, 0, 1501, 1578, 1252, 26, 4.01%, 0, 5, 10, 34.92
1701218658, 0, 1501, 1579, 1253, 26, 4.01%, 0, 5, 10, 32.45
1701218940, 0, 1513, 1579, 1252, 27, 4.01%, 0, 5, 10, 35.76
1701218950, 0, 1518, 1579, 1251, 26, 4.01%, 0, 5, 10, 37.71
1701218955, 0, 1518, 1580, 1252, 26, 4.01%, 0, 5, 10, 35.68
1701218966, 0, 1518, 1582, 1254, 26, 4.01%, 0, 5, 10, 32.80
1701218976, 0, 1518, 1583, 1255, 26, 4.01%, 0, 5, 10, 31.47
1701219027, 0, 1519, 1583, 1254, 27, 4.01%, 0, 5, 10, 30.97
1701220292, 0, 1520, 1583, 1253, 26, 4.01%, 0, 5, 10, 35.44
1701220778, 0, 1523, 1583, 1252, 25, 4.01%, 0, 5, 10, 35.23
1701221229, 0, 1523, 1584, 1253, 25, 4.01%, 0, 5, 10, 32.54
1701221306, 0, 1523, 1585, 1254, 25, 4.01%, 0, 5, 10, 31.75
1701221311, 0, 1523, 1586, 1255, 25, 4.01%, 0, 5, 10, 29.13
1701221567, 0, 1532, 1586, 1253, 24, 4.01%, 0, 5, 10, 34.79
1701221572, 0, 1532, 1587, 1254, 24, 4.01%, 0, 5, 10, 36.09
1701221587, 0, 1536, 1587, 1253, 23, 4.01%, 0, 5, 10, 37.81
1701222339, 0, 1536, 1588, 1254, 23, 4.01%, 0, 5, 10, 35.92
1701222396, 0, 1536, 1589, 1255, 23, 4.01%, 0, 5, 10, 31.31
1701222426, 0, 1536, 1590, 1256, 23, 4.01%, 0, 5, 10, 28.92
1701222604, 0, 1536, 1591, 1257, 23, 4.01%, 0, 5, 10, 37.72
1701222661, 0, 1537, 1591, 1256, 24, 4.01%, 0, 5, 10, 36.86
1701222666, 0, 1537, 1592, 1257, 24, 4.01%, 0, 5, 10, 33.62
1701222681, 0, 1539, 1592, 1256, 24, 4.01%, 0, 5, 10, 35.95
1701222793, 0, 1539, 1593, 1257, 24, 4.01%, 0, 5, 10, 32.18
1701223157, 0, 1539, 1594, 1258, 24, 4.01%, 0, 5, 10, 32.41
1701223228, 0, 1542, 1594, 1257, 25, 4.01%, 0, 5, 10, 34.76
1701223801, 0, 1543, 1594, 1256, 23, 4.01%, 0, 5, 10, 38.66
1701223806, 0, 1547, 1595, 1256, 22, 4.01%, 0, 5, 10, 37.42
1701223812, 0, 1547, 1597, 1258, 22, 4.01%, 0, 5, 10, 31.29
1701223842, 0, 1555, 1597, 1256, 22, 4.01%, 0, 5, 10, 33.35
1701223848, 0, 1562, 1597, 1254, 20, 4.01%, 0, 5, 10, 30.26
1701223858, 0, 1563, 1597, 1253, 19, 4.01%, 0, 5, 10, 27.85
1701223909, 0, 1563, 1604, 1260, 19, 4.01%, 0, 5, 10, 31.45
1701223955, 0, 1563, 1607, 1263, 19, 4.01%, 0, 5, 10, 33.77
1701223960, 0, 1563, 1608, 1264, 19, 4.01%, 0, 5, 10, 35.43
1701224001, 0, 1563, 1610, 1266, 19, 4.01%, 0, 5, 10, 33.23
1701224160, 0, 1563, 1612, 1268, 19, 4.01%, 0, 5, 10, 30.40
1701224165, 0, 1563, 1613, 1269, 19, 4.01%, 0, 5, 10, 35.20
1701224170, 0, 1563, 1614, 1270, 19, 4.01%, 0, 5, 10, 34.36
1701224681, 0, 1563, 1615, 1271, 19, 4.01%, 0, 5, 10, 32.46
1701224759, 0, 1565, 1615, 1270, 29, 4.01%, 0, 5, 10, 30.58
1701225511, 0, 1567, 1615, 1268, 27, 4.01%, 0, 5, 10, 35.19
1701225557, 0, 1567, 1616, 1269, 27, 4.01%, 0, 5, 10, 1.69
1701225562, 0, 1567, 1617, 1270, 27, 4.01%, 0, 5, 10, 36.37
1701226571, 0, 1570, 1617, 1269, 28, 4.01%, 0, 5, 10, 35.11
1701226842, 0, 1575, 1617, 1268, 27, 4.01%, 0, 5, 10, 27.07
1701227476, 0, 1575, 1618, 1269, 27, 4.01%, 0, 5, 11, 34.82
1701228019, 0, 1575, 1619, 1270, 27, 4.02%, 0, 5, 11, 34.67
1701228024, 0, 1575, 1620, 1271, 27, 4.03%, 0, 5, 11, 29.34
1701228137, 0, 1575, 1622, 1273, 27, 4.03%, 0, 5, 11, 25.04
1701228377, 0, 1575, 1624, 1275, 27, 4.03%, 0, 5, 11, 32.20
1701228382, 0, 1575, 1625, 1276, 27, 4.03%, 0, 5, 11, 32.73
1701228684, 0, 1576, 1625, 1275, 30, 4.03%, 0, 5, 11, 29.05
1701228689, 0, 1577, 1625, 1274, 29, 4.03%, 0, 5, 11, 25.70
1701230154, 0, 1577, 1626, 1275, 29, 4.03%, 0, 5, 11, 35.84
1701230425, 0, 1580, 1626, 1274, 29, 4.03%, 0, 5, 11, 35.51
1701230435, 0, 1581, 1626, 1273, 28, 4.03%, 0, 5, 11, 35.88
1701230440, 0, 1583, 1626, 1272, 27, 4.03%, 0, 5, 11, 35.28
1701231121, 0, 1583, 1627, 1273, 27, 4.03%, 0, 5, 11, 27.35
1701231208, 0, 1587, 1627, 1272, 27, 4.03%, 0, 5, 11, 27.89
1701232276, 0, 1587, 1628, 1273, 27, 4.03%, 0, 5, 11, 36.62
1701232287, 0, 1587, 1629, 1274, 27, 4.03%, 0, 5, 11, 35.25
1701232358, 0, 1587, 1630, 1275, 27, 4.03%, 0, 5, 11, 27.47
1701232492, 0, 1587, 1631, 1276, 27, 4.03%, 0, 5, 11, 29.96
1701232507, 0, 1587, 1632, 1277, 27, 4.03%, 0, 5, 11, 28.66
1701232655, 0, 1588, 1632, 1276, 29, 4.03%, 0, 5, 11, 34.05
1701233762, 0, 1588, 1633, 1277, 29, 4.03%, 0, 5, 11, 29.78
1701233772, 0, 1588, 1634, 1278, 29, 4.03%, 0, 5, 11, 33.17
1701233952, 0, 1589, 1634, 1277, 29, 4.03%, 0, 5, 11, 30.18
1701233962, 0, 1591, 1634, 1276, 28, 4.03%, 0, 5, 11, 30.40
1701233972, 0, 1592, 1634, 1275, 27, 4.03%, 0, 5, 11, 32.93
1701234008, 0, 1592, 1635, 1276, 27, 4.04%, 0, 5, 11, 33.51
1701234453, 0, 1594, 1635, 1275, 27, 4.04%, 0, 5, 11, 35.86
1701234458, 0, 1595, 1635, 1274, 26, 4.04%, 0, 5, 11, 34.29
1701234464, 0, 1599, 1635, 1273, 25, 4.04%, 0, 5, 11, 35.12
1701234510, 0, 1599, 1639, 1277, 25, 4.04%, 0, 5, 11, 27.19
1701234515, 0, 1599, 1640, 1278, 25, 4.04%, 0, 5, 11, 29.92
1701235289, 0, 1604, 1640, 1277, 24, 4.04%, 0, 5, 11, 32.94
1701235294, 0, 1605, 1640, 1276, 23, 4.04%, 0, 5, 11, 30.86
1701235299, 0, 1607, 1640, 1274, 21, 4.04%, 0, 5, 11, 30.27
1701235304, 0, 1609, 1640, 1272, 19, 4.04%, 0, 5, 11, 31.57
1701235309, 0, 1612, 1640, 1270, 17, 4.04%, 0, 5, 11, 32.25
1701235356, 0, 1612, 1642, 1272, 17, 4.04%, 0, 5, 11, 32.47
1701235453, 0, 1612, 1643, 1273, 17, 4.04%, 0, 5, 11, 33.79
1701235606, 0, 1612, 1644, 1274, 17, 4.04%, 0, 5, 11, 27.46
1701235611, 0, 1612, 1646, 1276, 17, 4.04%, 0, 5, 11, 35.82
1701235862, 0, 1612, 1647, 1277, 17, 4.04%, 0, 5, 11, 33.81
1701236179, 0, 1616, 1647, 1275, 17, 4.04%, 0, 5, 11, 35.40
1701236225, 0, 1616, 1648, 1276, 17, 4.04%, 0, 5, 11, 34.23
1701237259, 0, 1617, 1648, 1275, 17, 4.04%, 0, 5, 11, 27.80
1701237310, 0, 1617, 1649, 1276, 17, 4.04%, 0, 5, 12, 31.70
1701238923, 0, 1617, 1650, 1277, 17, 4.04%, 0, 5, 12, 35.91
1701239015, 0, 1617, 1651, 1278, 17, 4.04%, 0, 5, 12, 36.32
1701239102, 0, 1619, 1651, 1277, 17, 4.04%, 0, 5, 12, 34.26
1701239117, 0, 1623, 1651, 1276, 16, 4.04%, 0, 5, 12, 30.03
1701239138, 0, 1625, 1651, 1275, 15, 4.04%, 0, 5, 12, 29.30
1701239153, 0, 1626, 1651, 1274, 14, 4.04%, 0, 5, 12, 34.93
1701239164, 0, 1627, 1651, 1273, 13, 4.04%, 0, 5, 12, 33.26
1701239169, 0, 1627, 1652, 1274, 13, 4.04%, 0, 5, 12, 34.13
1701239184, 0, 1627, 1653, 1275, 13, 4.04%, 0, 5, 12, 33.99
1701239210, 0, 1628, 1653, 1274, 13, 4.04%, 0, 5, 12, 37.03
1701239225, 0, 1629, 1653, 1273, 12, 4.04%, 0, 5, 12, 35.34
1701239235, 0, 1633, 1653, 1272, 11, 4.04%, 0, 5, 12, 32.15
1701239251, 0, 1634, 1653, 1271, 10, 4.04%, 0, 5, 12, 36.61
1701239261, 0, 1639, 1653, 1270, 9, 4.04%, 0, 5, 12, 32.22
1701239266, 0, 1640, 1653, 1269, 8, 4.04%, 0, 5, 12, 30.70
1701239548, 0, 1640, 1654, 1270, 8, 4.04%, 0, 5, 12, 24.14
1701239769, 0, 1640, 1655, 1271, 8, 4.04%, 0, 5, 12, 30.56
1701240081, 0, 1645, 1655, 1270, 7, 4.04%, 0, 5, 12, 32.44
1701240127, 0, 1645, 1659, 1274, 7, 4.04%, 0, 5, 12, 34.79
1701240132, 0, 1645, 1661, 1276, 7, 4.04%, 0, 5, 12, 33.27
1701240178, 0, 1645, 1664, 1279, 7, 4.04%, 0, 5, 12, 28.84
1701240184, 0, 1645, 1665, 1280, 7, 4.04%, 0, 5, 12, 26.72
1701240833, 0, 1645, 1666, 1281, 7, 4.04%, 0, 5, 12, 35.56
1701240910, 0, 1648, 1666, 1279, 10, 4.04%, 0, 5, 12, 30.21
1701240915, 0, 1649, 1666, 1278, 9, 4.04%, 0, 5, 12, 25.76
1701241002, 0, 1649, 1667, 1279, 9, 4.04%, 0, 5, 13, 36.69
1701242026, 0, 1649, 1669, 1281, 9, 4.04%, 0, 5, 13, 36.52
1701242585, 0, 1649, 1670, 1282, 9, 4.04%, 0, 5, 13, 30.30
1701242677, 0, 1652, 1671, 1282, 11, 4.04%, 0, 5, 13, 36.74
1701242698, 0, 1659, 1671, 1281, 11, 4.04%, 0, 5, 13, 35.50
1701242703, 0, 1661, 1671, 1279, 9, 4.04%, 0, 5, 13, 30.24
1701242713, 0, 1665, 1671, 1278, 8, 4.04%, 0, 5, 13, 32.58
1701242718, 0, 1668, 1671, 1277, 7, 4.04%, 0, 5, 13, 35.52
1701244157, 0, 1668, 1673, 1279, 7, 4.04%, 0, 5, 14, 29.44
1701244373, 0, 1668, 1674, 1280, 7, 4.05%, 0, 5, 14, 38.06
1701244460, 0, 1669, 1674, 1279, 9, 4.05%, 0, 5, 14, 39.55
1701244475, 0, 1670, 1674, 1278, 8, 4.05%, 0, 5, 14, 33.51
1701244490, 0, 1671, 1674, 1277, 7, 4.05%, 0, 5, 14, 32.17
1701244495, 0, 1672, 1674, 1276, 6, 4.05%, 0, 5, 14, 31.75
1701244511, 0, 1673, 1674, 1275, 5, 4.05%, 0, 5, 14, 36.81
1701246304, 1, 15, 1674, 1274, 4, 4.05%, 0, 5, 14, 33.54
1701248767, 1, 157, 1674, 1273, 4, 4.05%, 0, 5, 14, 32.29
1701251312, 1, 523, 1674, 1271, 4, 4.05%, 0, 5, 14, 35.37
1701252510, 1, 868, 1674, 1269, 4, 4.05%, 0, 5, 14, 37.52
1701253752, 1, 868, 1675, 1270, 4, 4.05%, 0, 5, 14, 35.60
1701253813, 1, 1089, 1675, 1269, 5, 4.05%, 0, 5, 14, 37.71
1701254304, 1, 1089, 1676, 1270, 5, 4.05%, 0, 5, 14, 27.28
1701254315, 1, 1089, 1677, 1271, 5, 4.05%, 0, 5, 14, 28.15
1701254345, 1, 1089, 1678, 1272, 5, 4.05%, 0, 5, 14, 37.00
1701254428, 1, 1089, 1679, 1273, 5, 4.05%, 0, 5, 14, 39.31
1701254463, 1, 1089, 1680, 1274, 5, 4.05%, 0, 5, 14, 34.56
1701254489, 1, 1089, 1681, 1275, 5, 4.05%, 0, 5, 14, 37.51
1701254779, 1, 1125, 1681, 1274, 7, 4.05%, 0, 5, 14, 31.13
1701255276, 1, 1125, 1682, 1275, 7, 4.05%, 0, 5, 14, 34.51
1701255286, 1, 1125, 1684, 1277, 7, 4.05%, 0, 5, 14, 38.73
1701255368, 1, 1125, 1685, 1278, 7, 4.05%, 0, 5, 14, 34.84
1701255384, 1, 1125, 1686, 1279, 7, 4.05%, 0, 5, 14, 33.01
1701255568, 1, 1125, 1687, 1280, 7, 4.05%, 0, 5, 14, 30.60
1701255665, 1, 1125, 1688, 1281, 7, 4.05%, 0, 5, 14, 29.51
1701255767, 1, 1157, 1688, 1280, 11, 4.05%, 0, 5, 14, 27.94
1701255772, 1, 1217, 1690, 1281, 11, 4.05%, 0, 5, 14, 31.44
1701255783, 1, 1217, 1691, 1282, 11, 4.05%, 0, 5, 14, 26.64
1701255788, 1, 1217, 1692, 1283, 11, 4.05%, 0, 5, 14, 28.82
1701255844, 1, 1217, 1693, 1284, 11, 4.05%, 0, 5, 14, 31.43
1701255865, 1, 1270, 1693, 1283, 13, 4.05%, 0, 5, 14, 36.33
1701255870, 1, 1314, 1693, 1283, 13, 4.05%, 0, 5, 14, 37.44
1701255875, 1, 1400, 1693, 1282, 13, 4.05%, 0, 5, 14, 26.53
1701255880, 1, 1400, 1694, 1283, 13, 4.06%, 0, 5, 14, 25.08
1701256172, 1, 1400, 1696, 1285, 13, 4.06%, 0, 5, 14, 35.92
1701256269, 1, 1400, 1697, 1286, 13, 4.06%, 0, 5, 14, 25.41
1701256345, 1, 1400, 1698, 1287, 13, 4.06%, 0, 5, 14, 30.67
1701256458, 1, 1514, 1698, 1286, 14, 4.06%, 0, 5, 14, 35.81
1701258046, 1, 1514, 1699, 1287, 14, 4.06%, 0, 5, 14, 31.49
1701258051, 1, 1514, 1700, 1288, 14, 4.06%, 0, 5, 14, 34.22
1701258092, 1, 1514, 1701, 1289, 14, 4.06%, 0, 5, 14, 34.58
1701258128, 1, 1514, 1702, 1290, 14, 4.06%, 0, 5, 14, 32.21
1701258199, 1, 1514, 1703, 1291, 14, 4.06%, 0, 5, 14, 28.84
1701258384, 1, 1534, 1703, 1290, 17, 4.06%, 0, 5, 14, 32.16
1701258721, 1, 1590, 1703, 1289, 16, 4.06%, 0, 5, 14, 33.28
1701258727, 1, 1590, 1704, 1290, 16, 4.06%, 0, 5, 14, 33.05
1701259966, 1, 1590, 1706, 1292, 16, 4.06%, 0, 5, 14, 32.21
1701259982, 1, 1590, 1707, 1293, 16, 4.06%, 0, 5, 14, 31.07
1701259997, 1, 1590, 1708, 1294, 16, 4.06%, 0, 5, 14, 28.53
1701260007, 1, 1590, 1709, 1295, 16, 4.06%, 0, 5, 14, 34.15
1701260017, 1, 1590, 1710, 1296, 16, 4.06%, 0, 5, 14, 30.48
1701260069, 1, 1590, 1711, 1297, 16, 4.06%, 0, 5, 14, 34.55
1701260192, 1, 1590, 1712, 1298, 16, 4.06%, 0, 5, 14, 36.44
1701260243, 1, 1590, 1713, 1299, 16, 4.06%, 0, 5, 14, 34.37
1701260325, 1, 1638, 1713, 1298, 16, 4.06%, 0, 5, 14, 28.28
1701260371, 1, 1638, 1715, 1300, 16, 4.06%, 0, 5, 14, 27.17
1701260376, 1, 1638, 1716, 1301, 16, 4.06%, 0, 5, 14, 31.75
1701260422, 1, 1638, 1719, 1304, 16, 4.06%, 0, 5, 14, 25.02
1701260427, 1, 1638, 1720, 1305, 16, 4.06%, 0, 5, 14, 28.82
1701260473, 1, 1638, 1721, 1306, 16, 4.06%, 0, 5, 14, 37.11
1701261226, 1, 1674, 1721, 1305, 23, 4.06%, 0, 5, 14, 36.28
1701262363, 1, 1677, 1721, 1304, 22, 4.06%, 0, 5, 14, 38.92
1701266415, 1, 1684, 1721, 1303, 21, 4.06%, 0, 5, 14, 37.65
1701266425, 1, 1686, 1721, 1302, 20, 4.06%, 0, 5, 14, 28.38
1701268800, 1, 1686, 1722, 1303, 20, 4.06%, 0, 5, 14, 28.12
1701268810, 1, 1686, 1723, 1304, 20, 4.06%, 0, 5, 14, 33.09
1701268836, 1, 1686, 1724, 1305, 20, 4.06%, 0, 5, 14, 32.59
1701269015, 1, 1686, 1725, 1306, 20, 4.06%, 0, 5, 14, 32.43
1701269107, 1, 1686, 1726, 1307, 20, 4.06%, 0, 5, 14, 30.71
1701269250, 1, 1686, 1727, 1308, 20, 4.06%, 0, 5, 14, 28.80
1701269306, 1, 1693, 1727, 1306, 22, 4.06%, 0, 5, 14, 24.89
1701269623, 1, 1693, 1728, 1307, 22, 4.06%, 0, 5, 14, 30.17
1701269654, 1, 1693, 1729, 1308, 22, 4.07%, 0, 5, 14, 28.43
1701269694, 1, 1693, 1730, 1309, 22, 4.08%, 0, 5, 14, 30.00
1701269889, 1, 1696, 1730, 1308, 24, 4.08%, 0, 5, 14, 28.67
1701269894, 1, 1696, 1731, 1309, 24, 4.08%, 0, 5, 14, 27.83
1701269899, 1, 1696, 1732, 1310, 24, 4.08%, 0, 5, 14, 30.19
1701269950, 1, 1696, 1733, 1311, 24, 4.08%, 0, 5, 14, 28.71
1701271429, 1, 1696, 1734, 1312, 24, 4.08%, 0, 5, 14, 32.56
1701271537, 1, 1696, 1735, 1313, 24, 4.08%, 0, 5, 14, 29.93
1701271858, 1, 1697, 1735, 1312, 24, 4.08%, 0, 5, 14, 29.01
1701271868, 1, 1697, 1736, 1313, 24, 4.08%, 0, 5, 14, 17.72
1701272175, 1, 1697, 1739, 1316, 24, 4.08%, 0, 5, 14, 21.44
1701272441, 1, 1699, 1739, 1315, 24, 4.08%, 0, 5, 14, 26.02
1701274304, 1, 1700, 1739, 1314, 23, 4.08%, 0, 5, 14, 31.60
1701276086, 1, 1700, 1740, 1315, 23, 4.08%, 0, 5, 14, 37.63
1701276183, 1, 1700, 1741, 1316, 23, 4.08%, 0, 5, 14, 37.44
1701276189, 1, 1700, 1742, 1317, 23, 4.08%, 0, 5, 14, 37.07
1701276219, 1, 1700, 1743, 1318, 23, 4.08%, 0, 5, 14, 37.31
1701276224, 1, 1700, 1744, 1319, 23, 4.08%, 0, 5, 14, 34.00
1701276414, 1, 1700, 1745, 1320, 23, 4.08%, 0, 5, 14, 27.65
1701276475, 1, 1701, 1745, 1319, 24, 4.08%, 0, 5, 14, 33.89
1701277300, 1, 1704, 1745, 1318, 23, 4.08%, 0, 5, 14, 36.65
1701279210, 1, 1704, 1746, 1319, 23, 4.08%, 0, 5, 14, 36.96
1701279215, 1, 1704, 1747, 1320, 23, 4.08%, 0, 5, 14, 37.96
1701279230, 1, 1704, 1748, 1321, 23, 4.08%, 0, 5, 14, 32.81
1701279251, 1, 1704, 1749, 1322, 23, 4.08%, 0, 5, 14, 27.65
1701279296, 1, 1704, 1750, 1323, 23, 4.08%, 0, 5, 14, 32.32
1701279379, 1, 1704, 1751, 1324, 23, 4.08%, 0, 5, 14, 32.06
1701279430, 1, 1704, 1752, 1325, 23, 4.08%, 0, 5, 14, 32.25
1701279583, 1, 1705, 1752, 1324, 26, 4.08%, 0, 5, 14, 31.73
1701281337, 1, 1705, 1753, 1325, 26, 4.08%, 0, 5, 14, 30.46
1701281475, 1, 1710, 1753, 1324, 26, 4.08%, 0, 5, 14, 31.11
1701283005, 1, 1710, 1754, 1325, 26, 4.08%, 0, 5, 14, 33.78
1701283164, 1, 1713, 1754, 1324, 26, 4.08%, 0, 5, 14, 33.47
1701283205, 1, 1713, 1755, 1325, 26, 4.08%, 0, 5, 14, 37.98
1701283210, 1, 1713, 1758, 1328, 26, 4.08%, 0, 5, 14, 33.91
1701283256, 1, 1713, 1759, 1329, 26, 4.08%, 0, 5, 14, 36.30
1701284040, 1, 1714, 1759, 1328, 26, 4.08%, 0, 5, 14, 29.45
1701284045, 1, 1717, 1759, 1326, 24, 4.08%, 0, 5, 14, 31.25
1701284050, 1, 1718, 1759, 1325, 23, 4.08%, 0, 5, 14, 30.08
1701284055, 1, 1723, 1759, 1323, 21, 4.08%, 0, 5, 14, 31.52
1701287659, 1, 1723, 1760, 1324, 21, 4.08%, 0, 5, 14, 37.97
1701287828, 1, 1724, 1760, 1323, 21, 4.08%, 0, 5, 14, 33.17
1701287848, 1, 1724, 1761, 1324, 21, 4.08%, 0, 5, 14, 28.59
1701291293, 1, 1724, 1762, 1325, 21, 4.08%, 0, 5, 14, 36.92
1701291396, 1, 1726, 1762, 1324, 20, 4.08%, 0, 5, 14, 31.55
1701291427, 1, 1726, 1763, 1325, 20, 4.08%, 0, 5, 14, 40.26
1701293803, 1, 1726, 1764, 1326, 20, 4.08%, 0, 5, 14, 36.04
1701293849, 1, 1726, 1765, 1327, 20, 4.08%, 0, 5, 14, 34.11
1701293885, 1, 1726, 1766, 1328, 20, 4.08%, 0, 5, 14, 39.37
1701293993, 1, 1726, 1767, 1329, 20, 4.08%, 0, 5, 14, 34.30
1701294157, 1, 1727, 1767, 1328, 21, 4.08%, 0, 5, 14, 26.16
1701294749, 1, 1728, 1767, 1327, 20, 4.08%, 0, 5, 14, 33.07
1701295280, 1, 1729, 1767, 1326, 19, 4.08%, 0, 5, 14, 28.01
1701295862, 1, 1732, 1767, 1325, 18, 4.08%, 0, 5, 14, 38.64
1701297383, 1, 1740, 1767, 1323, 16, 4.08%, 0, 5, 14, 33.62
