# unix_time, cycles_done, cur_path, paths_total, pending_total, pending_favs, map_size, unique_crashes, unique_hangs, max_depth, execs_per_sec
1701125254, 0, 0, 1, 1, 1, 0.28%, 0, 0, 1, 14.49
1701125259, 0, 0, 2, 2, 1, 0.30%, 0, 0, 2, 34.06
1701125264, 0, 0, 10, 10, 1, 0.34%, 0, 0, 2, 40.63
1701125295, 0, 0, 11, 11, 1, 0.35%, 0, 0, 2, 35.70
1701125300, 0, 0, 13, 13, 1, 0.39%, 0, 0, 2, 38.25
1701125315, 0, 0, 14, 14, 1, 0.41%, 0, 0, 2, 36.03
1701125351, 0, 0, 19, 19, 1, 0.41%, 0, 0, 2, 45.84
1701125381, 0, 0, 19, 19, 1, 0.41%, 1, 0, 2, 54.69
1701125422, 0, 0, 20, 20, 1, 0.42%, 1, 0, 2, 46.65
1701125514, 0, 0, 21, 21, 1, 0.42%, 1, 0, 2, 34.58
1701125529, 0, 0, 23, 23, 1, 0.43%, 1, 0, 2, 40.42
1701125549, 0, 0, 25, 25, 1, 0.43%, 1, 0, 2, 46.92
1701125600, 0, 0, 26, 26, 1, 0.43%, 1, 0, 2, 44.14
1701125631, 0, 0, 27, 27, 1, 0.43%, 1, 0, 2, 45.42
1701125911, 0, 0, 29, 29, 1, 0.44%, 2, 0, 2, 34.09
1701126314, 0, 0, 31, 31, 1, 0.44%, 2, 0, 2, 45.74
1701126819, 0, 0, 33, 33, 1, 0.45%, 2, 0, 2, 38.59
1701126824, 0, 0, 34, 34, 1, 0.45%, 3, 0, 2, 51.40
1701126915, 0, 1, 34, 33, 15, 0.45%, 3, 0, 2, 49.35
1701126931, 0, 4, 34, 32, 14, 0.45%, 3, 0, 2, 48.20
1701126971, 0, 4, 35, 33, 14, 0.45%, 3, 0, 3, 50.52
1701127012, 0, 4, 36, 34, 14, 0.45%, 3, 0, 3, 42.47
1701127207, 0, 4, 37, 35, 14, 0.45%, 3, 0, 3, 47.23
1701127268, 0, 4, 38, 36, 14, 0.45%, 3, 0, 3, 39.07
1701128559, 0, 5, 38, 35, 15, 0.45%, 3, 0, 3, 35.35
1701128849, 0, 5, 39, 36, 15, 0.45%, 3, 0, 3, 36.62
1701128860, 0, 5, 40, 37, 15, 0.45%, 3, 0, 3, 33.62
1701128921, 0, 5, 41, 38, 15, 0.45%, 3, 0, 3, 40.93
1701130228, 0, 7, 41, 37, 15, 0.45%, 3, 0, 3, 38.57
1701130422, 0, 7, 41, 37, 15, 0.45%, 4, 0, 3, 46.62
1701130483, 0, 8, 41, 36, 14, 0.45%, 4, 0, 3, 30.13
1701131482, 0, 9, 41, 35, 13, 0.45%, 4, 0, 3, 46.12
1701131829, 0, 9, 42, 36, 13, 0.45%, 4, 0, 3, 34.34
1701133197, 0, 13, 42, 35, 12, 0.45%, 4, 0, 3, 44.16
1701134664, 0, 14, 42, 34, 11, 0.45%, 4, 0, 3, 38.94
1701135706, 0, 19, 42, 33, 10, 0.45%, 4, 0, 3, 47.02
1701136277, 0, 19, 43, 34, 10, 0.45%, 4, 0, 3, 46.00
1701137189, 0, 21, 43, 33, 9, 0.45%, 4, 0, 3, 47.53
1701137455, 0, 21, 44, 34, 9, 0.45%, 4, 0, 3, 41.85
1701137771, 0, 21, 45, 35, 9, 0.45%, 4, 0, 3, 30.39
1701138812, 0, 22, 45, 34, 9, 0.45%, 4, 0, 3, 42.98
1701139305, 0, 26, 45, 33, 8, 0.45%, 4, 0, 3, 47.87
1701139341, 0, 26, 46, 34, 8, 0.45%, 4, 0, 3, 48.13
1701139524, 0, 26, 47, 35, 8, 0.45%, 4, 0, 3, 46.82
1701139702, 0, 26, 48, 36, 8, 0.45%, 4, 0, 3, 41.28
1701140317, 0, 27, 48, 35, 8, 0.45%, 4, 0, 3, 40.80
1701140353, 0, 27, 49, 36, 8, 0.45%, 4, 0, 3, 44.73
1701141348, 0, 27, 50, 37, 8, 0.45%, 4, 0, 3, 40.01
1701141826, 0, 33, 50, 36, 8, 0.45%, 4, 0, 3, 48.86
1701142951, 0, 34, 50, 35, 7, 0.45%, 4, 0, 3, 47.56
1701143022, 0, 34, 51, 36, 7, 0.45%, 4, 0, 4, 38.34
1701144599, 0, 35, 51, 35, 6, 0.45%, 4, 0, 4, 36.37
1701145109, 0, 38, 51, 34, 5, 0.45%, 4, 0, 4, 39.63
1701145679, 0, 43, 51, 33, 4, 0.45%, 4, 0, 4, 31.50
1701146668, 0, 45, 51, 32, 3, 0.45%, 4, 0, 4, 38.48
1701146714, 0, 45, 52, 33, 3, 0.45%, 4, 0, 4, 55.08
1701147620, 0, 48, 52, 32, 3, 0.45%, 4, 0, 4, 35.24
1701147665, 0, 48, 53, 33, 3, 0.45%, 4, 0, 4, 48.32
1701148792, 0, 49, 53, 32, 3, 0.45%, 4, 0, 4, 32.08
1701149596, 0, 51, 53, 31, 2, 0.45%, 4, 0, 4, 26.15
1701149601, 0, 51, 54, 32, 2, 0.45%, 4, 0, 5, 38.01
1701149642, 0, 51, 55, 33, 2, 0.45%, 4, 0, 5, 36.17
1701150591, 0, 52, 55, 32, 1, 0.45%, 4, 0, 5, 41.40
1701151687, 1, 1, 55, 31, 0, 0.45%, 4, 0, 5, 45.54
1701151692, 1, 9, 55, 31, 0, 0.45%, 4, 0, 5, 46.80
1701151697, 1, 10, 55, 31, 0, 0.45%, 4, 0, 5, 43.42
1701153117, 1, 14, 55, 30, 0, 0.45%, 4, 0, 5, 36.99
1701153122, 1, 18, 55, 30, 0, 0.45%, 4, 0, 5, 34.19
1701153427, 1, 19, 55, 29, 0, 0.45%, 4, 0, 5, 48.18
1701153432, 1, 24, 55, 29, 0, 0.45%, 4, 0, 5, 46.11
1701154465, 1, 31, 55, 28, 0, 0.45%, 4, 0, 5, 44.52
1701155706, 1, 34, 55, 27, 0, 0.45%, 4, 0, 5, 46.18
1701155711, 1, 38, 55, 27, 0, 0.45%, 4, 0, 5, 48.16
1701155716, 1, 41, 55, 27, 0, 0.45%, 4, 0, 5, 42.89
1701156098, 1, 41, 56, 28, 0, 0.45%, 4, 0, 5, 39.87
1701156180, 1, 41, 57, 29, 0, 0.45%, 4, 0, 5, 40.93
1701157513, 1, 56, 57, 28, 1, 0.45%, 4, 0, 5, 40.37
1701157711, 1, 56, 58, 29, 1, 0.45%, 4, 0, 5, 47.67
1701157793, 1, 56, 59, 30, 1, 0.45%, 4, 0, 5, 49.67
1701158434, 1, 58, 59, 29, 1, 0.45%, 4, 0, 5, 50.71
1701159321, 2, 7, 60, 29, 0, 0.45%, 4, 0, 5, 36.73
1701159326, 2, 8, 60, 29, 0, 0.45%, 4, 0, 5, 45.33
1701159331, 2, 10, 61, 30, 0, 0.45%, 4, 0, 5, 48.79
1701159336, 2, 14, 61, 30, 0, 0.45%, 4, 0, 5, 40.31
1701159341, 2, 20, 61, 30, 0, 0.45%, 4, 0, 5, 44.63
1701159611, 2, 31, 61, 29, 0, 0.45%, 4, 0, 5, 44.75
1701159616, 2, 34, 62, 30, 0, 0.45%, 4, 0, 5, 46.32
1701159621, 2, 35, 62, 30, 0, 0.45%, 4, 0, 5, 43.23
1701159626, 2, 38, 63, 31, 0, 0.45%, 4, 0, 5, 49.36
1701159631, 2, 62, 63, 31, 1, 0.45%, 4, 0, 5, 32.96
1701159743, 2, 62, 64, 32, 1, 0.45%, 4, 0, 5, 55.88
1701160047, 2, 62, 65, 33, 1, 0.45%, 4, 0, 5, 44.50
1701160088, 2, 62, 66, 34, 1, 0.45%, 4, 0, 5, 45.16
1701160236, 2, 63, 66, 33, 1, 0.45%, 4, 0, 5, 47.92
1701160663, 2, 63, 67, 34, 1, 0.45%, 4, 0, 6, 49.94
1701160754, 3, 1, 67, 33, 0, 0.45%, 4, 0, 6, 49.59
1701160759, 3, 3, 67, 33, 0, 0.45%, 4, 0, 6, 45.28
1701162539, 3, 13, 67, 32, 0, 0.45%, 4, 0, 6, 44.20
1701162544, 3, 19, 67, 32, 0, 0.45%, 4, 0, 6, 43.34
1701162549, 3, 29, 67, 32, 0, 0.45%, 4, 0, 6, 43.43
1701162930, 3, 30, 67, 31, 0, 0.45%, 4, 0, 6, 41.54
1701165543, 3, 34, 67, 30, 0, 0.45%, 4, 0, 6, 41.51
1701165548, 3, 38, 67, 30, 0, 0.45%, 4, 0, 6, 44.26
1701165553, 3, 39, 67, 30, 0, 0.45%, 4, 0, 6, 47.72
1701165752, 3, 39, 68, 31, 0, 0.45%, 4, 0, 6, 44.37
1701166627, 3, 40, 68, 30, 0, 0.45%, 4, 0, 6, 45.80
1701167117, 3, 40, 69, 31, 0, 0.45%, 4, 0, 6, 44.90
1701167178, 3, 40, 70, 32, 0, 0.45%, 4, 0, 6, 34.27
1701168523, 3, 42, 70, 31, 0, 0.45%, 4, 0, 6, 45.17
1701169728, 3, 43, 70, 30, 0, 0.45%, 4, 0, 6, 46.39
1701169733, 3, 51, 70, 30, 0, 0.45%, 4, 0, 6, 40.82
1701169738, 3, 52, 70, 30, 0, 0.45%, 4, 0, 6, 35.55
1701169743, 3, 53, 70, 30, 0, 0.45%, 4, 0, 6, 41.18
1701170691, 3, 58, 70, 29, 0, 0.45%, 4, 0, 6, 52.72
1701170696, 3, 63, 70, 29, 0, 0.45%, 4, 0, 6, 47.78
1701170706, 3, 66, 70, 29, 0, 0.45%, 4, 0, 6, 48.36
1701171083, 3, 66, 71, 30, 0, 0.45%, 4, 0, 7, 44.16
1701171251, 3, 66, 72, 31, 0, 0.45%, 4, 0, 7, 47.87
1701171337, 3, 66, 73, 32, 0, 0.45%, 4, 0, 7, 48.17
1701171418, 3, 67, 73, 31, 0, 0.45%, 4, 0, 7, 48.50
1701171616, 3, 67, 74, 32, 0, 0.45%, 4, 0, 7, 47.02
1701172393, 3, 69, 74, 31, 0, 0.45%, 4, 0, 7, 46.04
1701172664, 3, 69, 75, 32, 0, 0.45%, 4, 0, 7, 45.94
1701172725, 3, 69, 76, 33, 0, 0.45%, 4, 0, 7, 42.91
1701173431, 3, 74, 76, 32, 1, 0.45%, 4, 0, 7, 50.93
1701174327, 4, 1, 76, 31, 0, 0.45%, 4, 0, 7, 36.85
1701174333, 4, 7, 76, 31, 0, 0.45%, 4, 0, 7, 36.83
1701174338, 4, 12, 76, 31, 0, 0.45%, 4, 0, 7, 39.52
1701176263, 4, 14, 76, 30, 0, 0.45%, 4, 0, 7, 42.67
1701176269, 4, 23, 76, 30, 0, 0.45%, 4, 0, 7, 45.97
1701177354, 4, 31, 76, 29, 0, 0.45%, 4, 0, 7, 35.03
1701177359, 4, 34, 76, 29, 0, 0.45%, 4, 0, 7, 33.45
1701177365, 4, 38, 76, 29, 0, 0.45%, 4, 0, 7, 39.87
1701177370, 4, 43, 76, 29, 0, 0.45%, 4, 0, 7, 43.52
1701177375, 4, 46, 76, 29, 0, 0.45%, 4, 0, 7, 42.70
1701178331, 4, 50, 76, 28, 0, 0.45%, 4, 0, 7, 53.47
1701179288, 4, 52, 76, 27, 0, 0.45%, 4, 0, 7, 39.57
1701179293, 4, 54, 76, 27, 0, 0.45%, 4, 0, 7, 43.62
1701180254, 4, 58, 76, 26, 0, 0.45%, 4, 0, 7, 43.18
1701180259, 4, 63, 76, 26, 0, 0.45%, 4, 0, 7, 33.92
1701180264, 4, 65, 76, 26, 0, 0.45%, 4, 0, 7, 32.67
1701182813, 4, 74, 76, 25, 0, 0.45%, 4, 0, 7, 49.09
1701182823, 5, 1, 76, 25, 0, 0.45%, 4, 0, 7, 50.13
1701182828, 5, 7, 76, 25, 0, 0.45%, 4, 0, 7, 48.22
1701182838, 5, 11, 76, 25, 0, 0.45%, 4, 0, 7, 35.45
1701184854, 5, 13, 76, 24, 0, 0.45%, 4, 0, 7, 49.90
1701184864, 5, 14, 76, 24, 0, 0.45%, 4, 0, 7, 53.56
1701184869, 5, 22, 76, 24, 0, 0.45%, 4, 0, 7, 47.29
1701184874, 5, 30, 76, 24, 0, 0.45%, 4, 0, 7, 46.15
1701184884, 5, 31, 76, 24, 0, 0.45%, 4, 0, 7, 53.73
1701184889, 5, 34, 76, 24, 0, 0.45%, 4, 0, 7, 56.72
1701184894, 5, 35, 76, 24, 0, 0.45%, 4, 0, 7, 54.39
1701184900, 5, 36, 76, 24, 0, 0.45%, 4, 0, 7, 49.14
1701185093, 5, 36, 77, 25, 0, 0.45%, 4, 0, 7, 50.34
1701185932, 5, 37, 77, 24, 0, 0.45%, 4, 0, 7, 49.31
1701186387, 5, 37, 78, 25, 0, 0.45%, 4, 0, 7, 33.16
1701187780, 5, 38, 78, 24, 0, 0.45%, 4, 0, 7, 43.59
1701187790, 5, 42, 78, 24, 0, 0.45%, 4, 0, 7, 43.48
1701187795, 5, 43, 78, 24, 0, 0.45%, 4, 0, 7, 48.25
1701187805, 5, 47, 78, 24, 0, 0.45%, 4, 0, 7, 42.84
1701189010, 5, 51, 78, 23, 0, 0.45%, 4, 0, 7, 44.21
1701189025, 5, 52, 78, 23, 0, 0.45%, 4, 0, 7, 39.94
1701189045, 5, 54, 78, 23, 0, 0.45%, 4, 0, 7, 49.40
1701189061, 5, 55, 78, 23, 0, 0.45%, 4, 0, 7, 37.93
1701190057, 5, 58, 78, 22, 0, 0.45%, 4, 0, 7, 55.63
1701190067, 5, 63, 78, 22, 0, 0.45%, 4, 0, 7, 33.65
1701190087, 5, 64, 78, 22, 0, 0.45%, 4, 0, 7, 43.70
1701190631, 5, 64, 79, 23, 0, 0.45%, 4, 0, 7, 43.13
1701190651, 5, 70, 79, 22, 0, 0.45%, 4, 0, 7, 39.32
1701191206, 5, 70, 80, 23, 0, 0.45%, 4, 0, 8, 47.31
1701191323, 5, 71, 80, 22, 0, 0.45%, 4, 0, 8, 38.40
1701191882, 5, 73, 80, 21, 0, 0.45%, 4, 0, 8, 46.43
1701192827, 5, 74, 80, 20, 0, 0.45%, 4, 0, 8, 48.89
1701192857, 5, 75, 80, 20, 0, 0.45%, 4, 0, 8, 46.49
1701193942, 5, 79, 80, 19, 0, 0.45%, 4, 0, 8, 38.48
1701194758, 5, 79, 81, 20, 0, 0.45%, 4, 0, 9, 48.32
1701194983, 5, 79, 82, 21, 0, 0.45%, 4, 0, 9, 48.49
1701195100, 5, 79, 83, 22, 0, 0.45%, 4, 0, 9, 45.10
1701195131, 5, 80, 83, 21, 0, 0.45%, 4, 0, 9, 43.04
1701196042, 5, 80, 84, 22, 0, 0.45%, 4, 0, 10, 37.01
1701196300, 6, 1, 84, 21, 0, 0.45%, 4, 0, 10, 47.53
1701196306, 6, 7, 84, 21, 0, 0.45%, 4, 0, 10, 41.51
1701196316, 6, 13, 84, 21, 0, 0.45%, 4, 0, 10, 39.07
1701196321, 6, 14, 84, 21, 0, 0.45%, 4, 0, 10, 37.56
1701196331, 6, 22, 84, 21, 0, 0.45%, 4, 0, 10, 36.16
1701196341, 6, 30, 84, 21, 0, 0.45%, 4, 0, 10, 28.90
1701196351, 6, 31, 84, 21, 0, 0.45%, 4, 0, 10, 34.21
1701196362, 6, 34, 84, 21, 0, 0.45%, 4, 0, 10, 35.21
1701196372, 6, 35, 84, 21, 0, 0.45%, 4, 0, 10, 31.26
1701196382, 6, 38, 84, 21, 0, 0.45%, 4, 0, 10, 48.70
1701196392, 6, 42, 84, 21, 0, 0.45%, 4, 0, 10, 37.00
1701196403, 6, 43, 84, 21, 0, 0.45%, 4, 0, 10, 33.88
1701196413, 6, 44, 84, 21, 0, 0.45%, 4, 0, 10, 35.82
1701197643, 6, 52, 84, 20, 0, 0.45%, 4, 0, 10, 45.36
1701197658, 6, 58, 84, 20, 0, 0.45%, 4, 0, 10, 48.56
1701197673, 6, 60, 84, 20, 0, 0.45%, 4, 0, 10, 35.00
1701220658, 6, 60, 85, 21, 0, 0.45%, 4, 0, 10, 41.17
1701220694, 6, 63, 85, 20, 0, 0.45%, 4, 0, 10, 45.98
1701220704, 6, 67, 85, 20, 0, 0.45%, 4, 0, 10, 49.15
1701220740, 6, 74, 85, 20, 0, 0.45%, 4, 0, 10, 49.95
1701220755, 6, 76, 85, 20, 0, 0.45%, 4, 0, 10, 47.14
1701220953, 6, 76, 86, 21, 0, 0.45%, 4, 0, 10, 46.77
1701221808, 6, 78, 86, 20, 0, 0.45%, 4, 0, 10, 48.39
1701222580, 6, 81, 86, 19, 0, 0.45%, 4, 0, 10, 51.97
1701223694, 6, 81, 87, 20, 0, 0.45%, 4, 0, 10, 37.07
1701223930, 6, 82, 87, 19, 0, 0.45%, 4, 0, 10, 43.81
1701225191, 6, 82, 88, 20, 0, 0.45%, 4, 0, 10, 50.77
1701225461, 7, 1, 88, 19, 0, 0.45%, 4, 0, 10, 47.19
1701225466, 7, 2, 88, 19, 0, 0.45%, 4, 0, 10, 42.28
1701225980, 7, 7, 88, 18, 0, 0.45%, 4, 0, 10, 40.98
1701225985, 7, 13, 88, 18, 0, 0.45%, 4, 0, 10, 39.65
1701225996, 7, 14, 88, 18, 0, 0.45%, 4, 0, 10, 37.14
1701226006, 7, 16, 88, 18, 0, 0.45%, 4, 0, 10, 39.78
1701227716, 7, 17, 88, 17, 0, 0.45%, 4, 0, 10, 32.90
1701227992, 7, 22, 88, 16, 0, 0.45%, 4, 0, 10, 44.51
1701227997, 7, 28, 88, 16, 0, 0.45%, 4, 0, 10, 45.74
1701229673, 7, 30, 88, 15, 0, 0.45%, 4, 0, 10, 34.69
1701229684, 7, 31, 88, 15, 0, 0.45%, 4, 0, 10, 40.26
1701229694, 7, 34, 88, 15, 0, 0.45%, 4, 0, 10, 49.57
1701229699, 7, 35, 88, 15, 0, 0.45%, 4, 0, 10, 41.98
1701229709, 7, 36, 88, 15, 0, 0.45%, 4, 0, 10, 44.22
1701229719, 7, 38, 88, 15, 0, 0.45%, 4, 0, 10, 42.03
1701229724, 7, 38, 89, 16, 0, 0.45%, 4, 0, 10, 46.55
1701229729, 7, 42, 89, 16, 0, 0.45%, 4, 0, 10, 39.95
1701229740, 7, 43, 89, 16, 0, 0.45%, 4, 0, 10, 33.81
1701229745, 7, 52, 89, 16, 0, 0.45%, 4, 0, 10, 40.79
1701229765, 7, 55, 89, 16, 0, 0.45%, 4, 0, 10, 38.77
1701229780, 7, 58, 89, 16, 0, 0.45%, 4, 0, 10, 42.81
1701229801, 7, 63, 89, 16, 0, 0.45%, 4, 0, 10, 33.27
1701229816, 7, 72, 89, 16, 0, 0.45%, 4, 0, 10, 43.22
1701230702, 7, 74, 89, 15, 0, 0.45%, 4, 0, 10, 48.31
1701230717, 7, 79, 89, 15, 0, 0.45%, 4, 0, 10, 46.56
1701230768, 7, 83, 89, 15, 0, 0.45%, 4, 0, 10, 35.69
1701232301, 7, 88, 89, 14, 0, 0.45%, 4, 0, 10, 48.13
1701234573, 7, 88, 90, 15, 0, 0.45%, 4, 0, 10, 31.72
1701234781, 8, 1, 90, 14, 0, 0.45%, 4, 0, 10, 38.03
1701234787, 8, 6, 90, 14, 0, 0.45%, 4, 0, 10, 40.74
1701235047, 8, 7, 90, 13, 0, 0.45%, 4, 0, 10, 52.04
1701235057, 8, 13, 90, 13, 0, 0.45%, 4, 0, 10, 46.21
1701235067, 8, 14, 90, 13, 0, 0.45%, 4, 0, 10, 43.84
1701235072, 8, 22, 90, 13, 0, 0.45%, 4, 0, 10, 49.47
1701235077, 8, 22, 91, 14, 0, 0.45%, 4, 0, 10, 47.96
1701235082, 8, 30, 91, 14, 0, 0.45%, 4, 0, 10, 42.55
1701235087, 8, 31, 91, 14, 0, 0.45%, 4, 0, 10, 46.96
1701235097, 8, 32, 91, 14, 0, 0.45%, 4, 0, 10, 46.98
1701235511, 8, 34, 91, 13, 0, 0.45%, 4, 0, 10, 38.97
1701235521, 8, 35, 91, 13, 0, 0.45%, 4, 0, 10, 45.22
1701235526, 8, 38, 91, 13, 0, 0.45%, 4, 0, 10, 44.77
1701235536, 8, 42, 91, 13, 0, 0.45%, 4, 0, 10, 48.96
1701235541, 8, 43, 91, 13, 0, 0.45%, 4, 0, 10, 44.97
1701235551, 8, 52, 91, 13, 0, 0.45%, 4, 0, 10, 41.87
1701235566, 8, 58, 91, 13, 0, 0.45%, 4, 0, 10, 46.49
1701235582, 8, 59, 91, 13, 0, 0.45%, 4, 0, 10, 37.76
1701247279, 8, 63, 91, 12, 0, 0.45%, 4, 0, 10, 45.41
1701247295, 8, 74, 91, 12, 0, 0.45%, 4, 0, 10, 38.13
1701247310, 8, 77, 91, 12, 0, 0.45%, 4, 0, 10, 42.76
1701247595, 8, 77, 92, 13, 0, 0.45%, 4, 0, 10, 47.92
1701248423, 8, 85, 92, 12, 0, 0.45%, 4, 0, 10, 44.54
1701249468, 8, 86, 92, 11, 0, 0.45%, 4, 0, 10, 43.77
1701251025, 9, 1, 92, 10, 0, 0.45%, 4, 0, 10, 38.51
1701251035, 9, 3, 92, 10, 0, 0.45%, 4, 0, 10, 40.52
1701251040, 9, 7, 92, 10, 0, 0.45%, 4, 0, 10, 41.63
1701251050, 9, 13, 92, 10, 0, 0.45%, 4, 0, 10, 47.96
1701251055, 9, 13, 93, 11, 0, 0.45%, 4, 0, 10, 38.06
1701251060, 9, 14, 93, 11, 0, 0.45%, 4, 0, 10, 46.39
1701251065, 9, 19, 93, 11, 0, 0.45%, 4, 0, 10, 48.49
1701251070, 9, 22, 93, 11, 0, 0.45%, 4, 0, 10, 44.46
1701251081, 9, 24, 93, 11, 0, 0.45%, 4, 0, 10, 37.53
1701251091, 9, 30, 93, 11, 0, 0.45%, 4, 0, 10, 41.46
1701251096, 9, 31, 93, 11, 0, 0.45%, 4, 0, 10, 38.23
1701251106, 9, 34, 93, 11, 0, 0.45%, 4, 0, 10, 40.95
1701251116, 9, 35, 93, 11, 0, 0.45%, 4, 0, 10, 34.32
1701251126, 9, 38, 93, 11, 0, 0.45%, 4, 0, 10, 47.52
1701251132, 9, 42, 93, 11, 0, 0.45%, 4, 0, 10, 50.76
1701251142, 9, 43, 93, 11, 0, 0.45%, 4, 0, 10, 48.79
1701251147, 9, 44, 93, 11, 0, 0.45%, 4, 0, 10, 40.54
1701251157, 9, 52, 93, 11, 0, 0.45%, 4, 0, 10, 37.74
1701251172, 9, 52, 94, 12, 0, 0.45%, 4, 0, 10, 42.81
1701251177, 9, 57, 94, 12, 0, 0.45%, 4, 0, 10, 41.07
1701252128, 9, 58, 94, 11, 0, 0.45%, 4, 0, 10, 43.78
1701252148, 9, 63, 94, 11, 0, 0.45%, 4, 0, 10, 47.46
1701252163, 9, 72, 94, 11, 0, 0.45%, 4, 0, 10, 49.62
1701252194, 9, 74, 94, 11, 0, 0.45%, 4, 0, 10, 40.73
1701252214, 9, 89, 94, 11, 0, 0.45%, 4, 0, 10, 32.16
1701254472, 9, 89, 95, 12, 0, 0.45%, 4, 0, 10, 39.61
1701254665, 10, 0, 95, 11, 0, 0.45%, 4, 0, 10, 45.23
1701254670, 10, 0, 98, 14, 0, 0.45%, 4, 0, 10, 40.50
1701254675, 10, 1, 98, 14, 0, 0.45%, 4, 0, 10, 45.13
1701254680, 10, 7, 98, 14, 0, 0.45%, 4, 0, 10, 44.40
1701254690, 10, 13, 98, 14, 0, 0.45%, 4, 0, 10, 45.98
1701254695, 10, 14, 98, 14, 0, 0.45%, 4, 0, 10, 50.13
1701254706, 10, 16, 98, 14, 0, 0.45%, 4, 0, 10, 47.98
1701254711, 10, 18, 98, 14, 0, 0.45%, 4, 0, 10, 45.98
1701254721, 10, 22, 98, 14, 0, 0.45%, 4, 0, 10, 38.53
1701254726, 10, 23, 98, 14, 0, 0.45%, 4, 0, 10, 42.39
1701254736, 10, 25, 98, 14, 0, 0.45%, 4, 0, 10, 49.47
1701256557, 10, 30, 98, 13, 0, 0.45%, 4, 0, 10, 47.65
1701256562, 10, 31, 98, 13, 0, 0.45%, 4, 0, 10, 52.48
1701256572, 10, 34, 98, 13, 0, 0.45%, 4, 0, 10, 50.14
1701256577, 10, 35, 98, 13, 0, 0.45%, 4, 0, 10, 54.46
1701256588, 10, 38, 98, 13, 0, 0.45%, 4, 0, 10, 35.89
1701256598, 10, 39, 98, 13, 0, 0.45%, 4, 0, 10, 35.08
1701256608, 10, 42, 98, 13, 0, 0.45%, 4, 0, 10, 47.89
1701256613, 10, 43, 98, 13, 0, 0.45%, 4, 0, 10, 50.51
1701256623, 10, 52, 98, 13, 0, 0.45%, 4, 0, 10, 42.62
1701256639, 10, 53, 98, 13, 0, 0.45%, 4, 0, 10, 54.64
1701256649, 10, 53, 99, 14, 0, 0.45%, 4, 0, 10, 52.09
1701256654, 10, 58, 99, 14, 0, 0.45%, 4, 0, 10, 52.59
1701256669, 10, 63, 99, 14, 0, 0.45%, 4, 0, 10, 51.05
1701256685, 10, 64, 99, 14, 0, 0.45%, 4, 0, 10, 39.37
1701256726, 10, 68, 99, 14, 0, 0.45%, 4, 0, 10, 31.69
1701257758, 10, 74, 99, 13, 0, 0.45%, 4, 0, 10, 36.04
1701257779, 10, 77, 99, 13, 0, 0.45%, 4, 0, 10, 40.83
1701257810, 10, 86, 99, 13, 0, 0.45%, 4, 0, 10, 52.01
1701257855, 10, 90, 99, 13, 0, 0.45%, 4, 0, 10, 38.05
1701257927, 10, 90, 100, 14, 0, 0.45%, 4, 0, 10, 30.38
1701258065, 10, 90, 101, 15, 0, 0.45%, 4, 0, 10, 21.10
1701258355, 10, 90, 102, 16, 0, 0.45%, 4, 0, 10, 30.02
1701261077, 10, 94, 102, 15, 0, 0.45%, 4, 0, 10, 45.32
1701264761, 10, 100, 102, 14, 0, 0.45%, 4, 0, 10, 37.65
1701267644, 11, 6, 102, 13, 0, 0.45%, 4, 0, 10, 45.56
1701267654, 11, 7, 102, 13, 0, 0.45%, 4, 0, 10, 47.75
1701267659, 11, 13, 102, 13, 0, 0.45%, 4, 0, 10, 44.65
1701267670, 11, 14, 102, 13, 0, 0.45%, 4, 0, 10, 44.02
1701267675, 11, 16, 102, 13, 0, 0.45%, 4, 0, 10, 40.48
1701267685, 11, 22, 102, 13, 0, 0.45%, 4, 0, 10, 41.11
1701267690, 11, 30, 102, 13, 0, 0.45%, 4, 0, 10, 39.67
1701267700, 11, 31, 102, 13, 0, 0.45%, 4, 0, 10, 42.60
1701267711, 11, 34, 102, 13, 0, 0.45%, 4, 0, 10, 38.82
1701267721, 11, 35, 102, 13, 0, 0.45%, 4, 0, 10, 44.37
1701267726, 11, 38, 102, 13, 0, 0.45%, 4, 0, 10, 41.78
1701267736, 11, 42, 102, 13, 0, 0.45%, 4, 0, 10, 34.18
1701267746, 11, 43, 102, 13, 0, 0.45%, 4, 0, 10, 35.08
1701267756, 11, 46, 102, 13, 0, 0.45%, 4, 0, 10, 41.87
1701267767, 11, 52, 102, 13, 0, 0.45%, 4, 0, 10, 43.80
1701267787, 11, 58, 102, 13, 0, 0.45%, 4, 0, 10, 37.29
1701267808, 11, 63, 102, 13, 0, 0.45%, 4, 0, 10, 35.83
1701267823, 11, 65, 102, 13, 0, 0.45%, 4, 0, 10, 41.89
1701267848, 11, 74, 102, 13, 0, 0.45%, 4, 0, 10, 35.20
1701267864, 11, 96, 102, 13, 0, 0.45%, 4, 0, 10, 44.52
1701272433, 12, 1, 102, 12, 0, 0.45%, 4, 0, 10, 34.51
1701272439, 12, 7, 102, 12, 0, 0.45%, 4, 0, 10, 33.58
1701272444, 12, 9, 102, 12, 0, 0.45%, 4, 0, 10, 40.63
1701272454, 12, 13, 102, 12, 0, 0.45%, 4, 0, 10, 49.38
1701272464, 12, 14, 102, 12, 0, 0.45%, 4, 0, 10, 42.34
1701272469, 12, 15, 102, 12, 0, 0.45%, 4, 0, 10, 40.32
1701274155, 12, 22, 102, 11, 0, 0.45%, 4, 0, 10, 30.89
1701274165, 12, 30, 102, 11, 0, 0.45%, 4, 0, 10, 40.13
1701274170, 12, 30, 103, 12, 0, 0.45%, 4, 0, 10, 35.55
1701274175, 12, 31, 103, 12, 0, 0.45%, 4, 0, 10, 34.62
1701274186, 12, 34, 103, 12, 0, 0.45%, 4, 0, 10, 31.86
1701274196, 12, 35, 103, 12, 0, 0.45%, 4, 0, 10, 31.37
1701274206, 12, 38, 103, 12, 0, 0.45%, 4, 0, 10, 33.83
1701274221, 12, 41, 103, 12, 0, 0.45%, 4, 0, 10, 39.06
1701274227, 12, 42, 103, 12, 0, 0.45%, 4, 0, 10, 37.37
1701274237, 12, 43, 103, 12, 0, 0.45%, 4, 0, 10, 41.61
1701274247, 12, 52, 103, 12, 0, 0.45%, 4, 0, 10, 39.93
1701274262, 12, 58, 103, 12, 0, 0.45%, 4, 0, 10, 39.04
1701274283, 12, 61, 103, 12, 0, 0.45%, 4, 0, 10, 45.18
1701279859, 12, 63, 103, 11, 0, 0.45%, 4, 0, 10, 47.07
1701279874, 12, 74, 103, 11, 0, 0.45%, 4, 0, 10, 48.53
1701279889, 12, 92, 103, 11, 0, 0.45%, 4, 0, 10, 37.87
1701281315, 12, 97, 103, 10, 0, 0.45%, 4, 0, 10, 34.64
1701284452, 13, 1, 103, 9, 0, 0.45%, 4, 0, 10, 50.32
1701284457, 13, 7, 103, 9, 0, 0.45%, 4, 0, 10, 51.97
1701284462, 13, 13, 103, 9, 0, 0.45%, 4, 0, 10, 50.37
1701284467, 13, 14, 103, 9, 0, 0.45%, 4, 0, 10, 48.85
1701284477, 13, 17, 103, 9, 0, 0.45%, 4, 0, 10, 49.92
1701284482, 13, 22, 103, 9, 0, 0.45%, 4, 0, 10, 41.39
1701284492, 13, 30, 103, 9, 0, 0.45%, 4, 0, 10, 34.83
1701284497, 13, 31, 103, 9, 0, 0.45%, 4, 0, 10, 40.09
1701284508, 13, 34, 103, 9, 0, 0.45%, 4, 0, 10, 37.80
1701284518, 13, 35, 103, 9, 0, 0.45%, 4, 0, 10, 49.30
1701284523, 13, 38, 103, 9, 0, 0.45%, 4, 0, 10, 50.67
1701284533, 13, 42, 103, 9, 0, 0.45%, 4, 0, 10, 46.79
1701284543, 13, 43, 103, 9, 0, 0.45%, 4, 0, 10, 48.86
1701284548, 13, 51, 103, 9, 0, 0.45%, 4, 0, 10, 47.08
1701284563, 13, 52, 103, 9, 0, 0.45%, 4, 0, 10, 50.59
1701284578, 13, 58, 103, 9, 0, 0.45%, 4, 0, 10, 40.13
1701284599, 13, 63, 103, 9, 0, 0.45%, 4, 0, 10, 36.26
1701284614, 13, 71, 103, 9, 0, 0.45%, 4, 0, 10, 45.17
1701284650, 13, 74, 103, 9, 0, 0.45%, 4, 0, 10, 43.22
1701284665, 13, 85, 103, 9, 0, 0.45%, 4, 0, 10, 43.77
1701284701, 13, 91, 103, 9, 0, 0.45%, 4, 0, 10, 51.18
1701285702, 13, 91, 104, 10, 0, 0.45%, 4, 0, 10, 47.61
1701285840, 13, 95, 104, 9, 0, 0.45%, 4, 0, 10, 35.35
1701292585, 13, 98, 104, 8, 0, 0.45%, 4, 0, 10, 31.73
