# unix_time, cycles_done, cur_path, paths_total, pending_total, pending_favs, map_size, unique_crashes, unique_hangs, max_depth, execs_per_sec
1701298052, 0, 0, 1, 1, 1, 0.43%, 0, 0, 1, 13.33
1701298058, 0, 0, 17, 17, 1, 0.51%, 0, 0, 2, 27.08
1701298063, 0, 0, 19, 19, 1, 0.51%, 0, 0, 2, 20.53
1701298073, 0, 0, 20, 20, 1, 0.51%, 0, 0, 2, 11.80
1701298088, 0, 0, 21, 21, 1, 0.51%, 0, 0, 2, 8.02
1701298125, 0, 0, 22, 22, 1, 0.51%, 0, 0, 2, 6.97
1701298177, 0, 0, 23, 23, 1, 0.51%, 0, 0, 2, 6.58
1701298213, 0, 0, 26, 26, 1, 0.53%, 0, 0, 2, 9.14
1701298218, 0, 0, 29, 29, 1, 0.55%, 0, 0, 2, 8.89
1701298372, 0, 0, 31, 31, 1, 0.55%, 0, 0, 2, 13.87
1701298377, 0, 0, 34, 34, 1, 0.55%, 0, 0, 2, 15.06
1701298382, 0, 0, 36, 36, 1, 0.56%, 0, 0, 2, 15.78
1701298397, 0, 0, 37, 37, 1, 0.56%, 0, 0, 2, 12.04
1701298402, 0, 0, 38, 38, 1, 0.56%, 0, 0, 2, 12.80
1701298417, 0, 0, 39, 39, 1, 0.56%, 0, 0, 2, 10.72
1701298423, 0, 0, 40, 40, 1, 0.58%, 0, 0, 2, 9.19
1701298459, 0, 0, 41, 41, 1, 0.58%, 0, 0, 2, 15.50
1701298541, 0, 0, 44, 44, 1, 0.59%, 0, 0, 2, 12.26
1701298546, 0, 0, 48, 48, 1, 0.60%, 0, 0, 2, 15.98
1701298689, 0, 0, 49, 49, 1, 0.60%, 0, 0, 2, 12.05
1701298694, 0, 0, 50, 50, 1, 0.60%, 0, 0, 2, 12.65
1701298858, 0, 0, 51, 51, 1, 0.60%, 0, 0, 2, 12.12
1701299201, 0, 0, 52, 52, 1, 0.60%, 0, 0, 2, 14.39
1701299231, 0, 0, 53, 53, 1, 0.61%, 0, 0, 2, 17.13
1701299237, 0, 0, 54, 54, 1, 0.61%, 0, 0, 2, 17.19
1701299334, 0, 0, 57, 57, 1, 0.61%, 0, 0, 2, 14.33
1701299498, 0, 0, 61, 61, 1, 0.61%, 0, 0, 2, 13.44
1701299503, 0, 0, 65, 65, 1, 0.61%, 0, 0, 2, 13.65
1701299549, 0, 0, 66, 66, 1, 0.61%, 0, 0, 2, 15.82
1701299799, 0, 0, 67, 67, 1, 0.61%, 0, 0, 2, 14.07
1701300532, 0, 0, 67, 67, 1, 0.61%, 1, 0, 2, 12.48
1701300537, 0, 0, 68, 68, 1, 0.61%, 1, 0, 2, 14.88
1701300707, 0, 0, 69, 69, 1, 0.61%, 1, 0, 2, 14.06
1701301774, 0, 0, 70, 70, 1, 0.61%, 1, 0, 2, 13.74
1701301800, 0, 0, 71, 71, 1, 0.61%, 1, 0, 2, 13.68
1701301805, 0, 0, 72, 72, 1, 0.61%, 1, 0, 2, 13.31
1701303064, 0, 0, 73, 73, 1, 0.61%, 1, 0, 2, 12.86
1701303197, 0, 0, 74, 74, 1, 0.61%, 1, 0, 2, 13.22
1701303228, 0, 0, 75, 75, 1, 0.61%, 1, 0, 2, 15.96
1701303392, 0, 7, 75, 74, 23, 0.61%, 1, 0, 2, 12.94
1701303423, 0, 7, 75, 74, 23, 0.61%, 2, 0, 2, 15.46
1701303729, 0, 12, 75, 73, 22, 0.61%, 2, 0, 2, 15.22
1701304477, 0, 12, 76, 74, 22, 0.64%, 2, 0, 3, 16.83
1701304947, 0, 12, 76, 74, 22, 0.64%, 3, 0, 3, 14.15
1701306997, 0, 13, 76, 73, 22, 0.64%, 3, 0, 3, 15.74
1701307100, 0, 14, 76, 72, 21, 0.64%, 3, 0, 3, 17.42
1701309719, 0, 16, 76, 71, 20, 0.64%, 3, 0, 3, 16.44
1701309749, 0, 20, 76, 70, 19, 0.64%, 3, 0, 3, 21.79
1701309780, 0, 30, 76, 69, 18, 0.64%, 3, 0, 3, 15.89
1701310522, 0, 30, 78, 71, 18, 0.64%, 3, 0, 3, 13.54
1701310527, 0, 30, 79, 72, 18, 0.64%, 3, 0, 3, 10.15
1701312730, 0, 35, 79, 71, 17, 0.64%, 3, 0, 3, 17.83
1701312745, 0, 35, 80, 72, 17, 0.64%, 3, 0, 3, 11.35
1701312920, 0, 35, 81, 73, 17, 0.64%, 3, 0, 3, 14.09
1701312930, 0, 35, 82, 74, 17, 0.64%, 3, 0, 3, 14.22
1701318258, 0, 39, 82, 73, 16, 0.64%, 3, 0, 3, 6.70
1701322654, 0, 40, 82, 72, 15, 0.64%, 3, 0, 3, 17.51
1701326054, 0, 41, 82, 71, 14, 0.64%, 3, 0, 3, 17.31
1701329013, 0, 42, 82, 70, 13, 0.64%, 3, 0, 3, 17.18
1701329029, 0, 42, 83, 71, 13, 0.64%, 3, 0, 3, 17.91
1701329397, 0, 42, 84, 72, 13, 0.64%, 3, 0, 3, 14.15
1701333298, 0, 44, 84, 71, 11, 0.64%, 3, 0, 3, 13.58
1701333646, 0, 44, 85, 72, 11, 0.64%, 3, 0, 3, 15.47
1701337954, 0, 51, 85, 71, 10, 0.64%, 3, 0, 3, 15.91
1701338691, 0, 53, 85, 70, 9, 0.64%, 3, 0, 3, 16.07
1701338696, 0, 53, 86, 71, 9, 0.64%, 3, 0, 3, 18.00
1701338701, 0, 53, 87, 72, 9, 0.64%, 3, 0, 3, 17.81
1701340119, 0, 54, 87, 71, 9, 0.64%, 3, 0, 3, 15.95
1701340743, 0, 54, 88, 72, 9, 0.64%, 3, 0, 3, 16.51
1701342731, 0, 55, 88, 71, 9, 0.64%, 3, 0, 3, 14.97
1701345376, 0, 56, 88, 70, 8, 0.64%, 3, 0, 3, 14.56
1701348093, 0, 62, 88, 69, 7, 0.64%, 3, 0, 3, 14.29
1701352171, 0, 75, 88, 68, 6, 0.64%, 3, 0, 3, 0.77
1701352186, 0, 75, 90, 70, 6, 0.65%, 3, 0, 4, 11.18
1701352320, 0, 75, 91, 71, 6, 0.65%, 3, 0, 4, 14.86
1701352755, 0, 75, 92, 72, 6, 0.66%, 3, 0, 4, 12.24
1701352898, 0, 75, 93, 73, 6, 0.66%, 3, 0, 4, 17.66
1701353313, 0, 75, 94, 74, 6, 0.67%, 3, 0, 4, 13.63
1701355902, 0, 82, 94, 73, 10, 0.67%, 3, 0, 4, 13.90
1701360199, 0, 83, 94, 72, 9, 0.67%, 3, 0, 4, 16.28
1701364327, 0, 85, 94, 71, 8, 0.67%, 3, 0, 4, 15.07
1701365745, 0, 86, 94, 70, 7, 0.67%, 3, 0, 4, 14.83
1701367146, 0, 87, 94, 69, 6, 0.67%, 3, 0, 4, 16.40
1701367156, 0, 87, 96, 71, 6, 0.67%, 3, 0, 4, 14.72
1701369879, 0, 88, 96, 70, 5, 0.67%, 3, 0, 4, 17.01
1701370862, 0, 88, 97, 71, 5, 0.67%, 3, 0, 5, 16.31
1701373416, 0, 89, 97, 70, 5, 0.67%, 3, 0, 5, 15.95
1701374400, 0, 89, 98, 71, 5, 0.67%, 3, 0, 5, 11.48
1701377078, 0, 91, 98, 70, 4, 0.67%, 3, 0, 5, 12.94
1701377950, 0, 91, 99, 71, 4, 0.67%, 3, 0, 5, 11.11
1701384254, 0, 92, 99, 70, 4, 0.67%, 3, 0, 5, 13.25
1701387906, 0, 93, 99, 69, 3, 0.67%, 3, 0, 5, 15.88
1701388054, 0, 93, 100, 70, 3, 0.67%, 3, 0, 5, 1.04
1701392134, 0, 96, 100, 69, 3, 0.67%, 3, 0, 5, 17.30
1701392303, 0, 96, 101, 70, 3, 0.67%, 3, 0, 6, 10.72
1701392928, 0, 96, 102, 71, 3, 0.67%, 3, 0, 6, 15.36
1701393241, 0, 96, 103, 72, 3, 0.67%, 3, 0, 6, 16.27
1701395792, 0, 98, 103, 71, 2, 0.67%, 3, 0, 6, 15.74
1701395974, 0, 99, 103, 70, 1, 0.67%, 3, 0, 6, 9.27
1701396169, 0, 99, 104, 71, 1, 0.67%, 3, 0, 6, 12.04
1701399562, 1, 0, 104, 70, 0, 0.67%, 3, 0, 6, 12.39
1701399567, 1, 2, 104, 70, 0, 0.67%, 3, 0, 6, 11.52
1701399920, 1, 12, 104, 69, 0, 0.67%, 3, 0, 6, 15.91
1701399925, 1, 14, 104, 69, 0, 0.67%, 3, 0, 6, 17.98
1701399930, 1, 18, 104, 69, 0, 0.67%, 3, 0, 6, 23.22
1701399966, 1, 21, 104, 68, 0, 0.67%, 3, 0, 6, 22.91
1701399997, 1, 25, 104, 67, 0, 0.67%, 3, 0, 6, 18.71
1701401332, 1, 25, 105, 68, 0, 0.67%, 3, 0, 6, 13.70
1701405810, 1, 32, 105, 67, 0, 0.67%, 3, 0, 6, 13.40
1701406491, 1, 32, 106, 68, 0, 0.67%, 3, 0, 6, 14.54
1701409012, 1, 34, 106, 67, 0, 0.67%, 3, 0, 6, 16.39
1701414534, 1, 35, 106, 66, 0, 0.67%, 3, 0, 6, 12.60
1701414539, 1, 40, 106, 66, 0, 0.67%, 3, 0, 6, 11.98
1701414544, 1, 44, 106, 66, 0, 0.67%, 3, 0, 6, 11.29
1701414549, 1, 45, 106, 66, 0, 0.67%, 3, 0, 6, 11.67
1701419050, 1, 49, 106, 65, 0, 0.67%, 3, 0, 6, 2.96
1701422328, 1, 50, 106, 64, 0, 0.67%, 3, 0, 6, 14.97
1701428187, 1, 51, 106, 63, 0, 0.67%, 3, 0, 6, 16.50
1701428193, 1, 57, 106, 63, 0, 0.67%, 3, 0, 6, 16.22
1701432213, 1, 59, 106, 62, 0, 0.67%, 3, 0, 6, 16.17
1701436516, 1, 64, 106, 61, 0, 0.67%, 3, 0, 6, 15.01
1701441927, 1, 69, 106, 60, 0, 0.67%, 3, 0, 6, 11.86
1701443210, 1, 70, 106, 59, 0, 0.67%, 3, 0, 6, 15.67
1701444489, 1, 72, 106, 58, 0, 0.67%, 3, 0, 6, 14.08
1701447902, 1, 73, 106, 57, 0, 0.67%, 3, 0, 6, 16.80
1701450904, 1, 74, 106, 56, 0, 0.67%, 3, 0, 6, 16.12
1701454140, 1, 78, 106, 55, 0, 0.67%, 3, 0, 6, 14.06
1701457405, 1, 79, 106, 54, 0, 0.67%, 3, 0, 6, 12.57
1701462968, 1, 80, 106, 53, 0, 0.67%, 3, 0, 6, 16.77
1701465766, 1, 85, 106, 52, 0, 0.67%, 3, 0, 6, 9.40
1701465771, 1, 89, 106, 52, 0, 0.67%, 3, 0, 6, 14.23
1701465777, 1, 92, 106, 52, 0, 0.67%, 3, 0, 6, 16.00
1701465782, 1, 97, 106, 52, 0, 0.67%, 3, 0, 6, 16.50
1701466858, 1, 97, 107, 53, 0, 0.67%, 3, 0, 6, 13.00
1701466940, 1, 97, 108, 54, 0, 0.67%, 3, 0, 6, 15.73
1701469626, 1, 99, 108, 53, 1, 0.67%, 3, 0, 6, 12.45
1701469632, 1, 107, 108, 53, 1, 0.67%, 3, 0, 6, 13.59
1701469790, 1, 107, 109, 54, 1, 0.67%, 3, 0, 7, 14.48
1701470400, 1, 107, 110, 55, 1, 0.67%, 3, 0, 7, 17.23
1701470648, 1, 107, 111, 56, 1, 0.67%, 3, 0, 7, 12.46
1701470812, 1, 107, 112, 57, 1, 0.67%, 3, 0, 7, 18.82
