# unix_time, cycles_done, cur_path, paths_total, pending_total, pending_favs, map_size, unique_crashes, unique_hangs, max_depth, execs_per_sec
1700952421, 0, 0, 1, 1, 1, 1.60%, 0, 0, 1, 31.13
1700952426, 0, 0, 19, 19, 1, 3.34%, 0, 0, 2, 128.23
1700952431, 0, 0, 27, 27, 1, 3.39%, 0, 0, 2, 165.97
1700952436, 0, 0, 30, 30, 1, 3.40%, 0, 0, 2, 118.65
1700952441, 0, 0, 34, 34, 1, 3.40%, 0, 0, 2, 82.92
1700952457, 0, 0, 36, 36, 1, 3.42%, 0, 0, 2, 33.85
1700952462, 0, 0, 38, 38, 1, 3.43%, 0, 0, 2, 29.49
1700952467, 0, 0, 39, 39, 1, 3.43%, 0, 0, 2, 26.13
1700952482, 0, 0, 40, 40, 1, 3.44%, 0, 0, 2, 28.13
1700952508, 0, 0, 46, 46, 1, 3.46%, 0, 0, 2, 34.69
1700952529, 0, 0, 49, 49, 1, 3.47%, 0, 0, 2, 34.34
1700952897, 0, 0, 54, 54, 1, 3.58%, 0, 0, 2, 27.03
1700952902, 0, 0, 58, 58, 1, 3.58%, 0, 0, 2, 30.25
1700952912, 0, 0, 61, 61, 1, 3.71%, 0, 0, 2, 28.81
1700952918, 0, 0, 64, 64, 1, 3.73%, 0, 0, 2, 19.57
1700952923, 0, 0, 65, 65, 1, 3.74%, 0, 0, 2, 26.52
1700952933, 0, 0, 66, 66, 1, 3.74%, 0, 0, 2, 34.30
1700952979, 0, 0, 71, 71, 1, 3.80%, 0, 0, 2, 25.70
1700952984, 0, 0, 72, 72, 1, 3.81%, 0, 0, 2, 21.92
1700952990, 0, 0, 73, 73, 1, 3.81%, 0, 0, 2, 25.86
1700953087, 0, 0, 79, 79, 1, 3.87%, 0, 0, 2, 22.68
1700953092, 0, 0, 87, 87, 1, 4.06%, 0, 0, 2, 18.28
1700953097, 0, 0, 93, 93, 1, 4.07%, 0, 0, 2, 14.47
1700953102, 0, 0, 98, 98, 1, 4.12%, 0, 0, 2, 16.53
1700953107, 0, 0, 104, 104, 1, 4.14%, 0, 0, 2, 15.81
1700953112, 0, 0, 110, 110, 1, 4.16%, 0, 0, 2, 14.41
1700953117, 0, 0, 117, 117, 1, 4.18%, 0, 0, 2, 15.42
1700953123, 0, 0, 124, 124, 1, 4.21%, 0, 0, 2, 14.92
1700953128, 0, 0, 130, 130, 1, 4.23%, 0, 0, 2, 16.41
1700953133, 0, 0, 138, 138, 1, 4.29%, 0, 0, 2, 17.74
1700953138, 0, 0, 145, 145, 1, 4.29%, 0, 0, 2, 15.25
1700953143, 0, 0, 149, 149, 1, 4.34%, 0, 0, 2, 14.02
1700953148, 0, 0, 153, 153, 1, 4.35%, 0, 0, 2, 14.38
1700953153, 0, 0, 155, 155, 1, 4.36%, 0, 0, 2, 18.64
1700953158, 0, 0, 161, 161, 1, 4.39%, 0, 0, 2, 15.71
1700953163, 0, 0, 166, 166, 1, 4.41%, 0, 0, 2, 15.23
1700953169, 0, 0, 171, 171, 1, 4.43%, 0, 0, 2, 15.31
1700953174, 0, 0, 176, 176, 1, 4.45%, 0, 0, 2, 16.10
1700953179, 0, 0, 179, 179, 1, 4.45%, 0, 0, 2, 16.39
1700953184, 0, 0, 181, 181, 1, 4.46%, 0, 0, 2, 17.90
1700953189, 0, 0, 184, 184, 1, 4.46%, 0, 0, 2, 15.32
1700953194, 0, 0, 186, 186, 1, 4.50%, 0, 0, 2, 15.82
1700953199, 0, 0, 188, 188, 1, 4.50%, 0, 0, 2, 17.40
1700953204, 0, 0, 190, 190, 1, 4.50%, 0, 0, 2, 16.05
1700953209, 0, 0, 192, 192, 1, 4.50%, 0, 0, 2, 16.23
1700953220, 0, 0, 194, 194, 1, 4.50%, 0, 0, 2, 15.76
1700953225, 0, 0, 197, 197, 1, 4.51%, 0, 0, 2, 16.79
1700953230, 0, 0, 199, 199, 1, 4.51%, 0, 0, 2, 17.41
1700953235, 0, 0, 202, 202, 1, 4.51%, 0, 0, 2, 18.12
1700953240, 0, 0, 204, 204, 1, 4.51%, 0, 0, 2, 17.91
1700953245, 0, 0, 207, 207, 1, 4.52%, 0, 0, 2, 16.34
1700953251, 0, 0, 210, 210, 1, 4.53%, 0, 0, 2, 17.79
1700953256, 0, 0, 213, 213, 1, 4.61%, 0, 0, 2, 19.17
1700953261, 0, 0, 217, 217, 1, 4.61%, 0, 0, 2, 19.46
1700953266, 0, 0, 219, 219, 1, 4.61%, 0, 0, 2, 18.94
1700953271, 0, 0, 221, 221, 1, 4.61%, 0, 0, 2, 18.74
1700953276, 0, 0, 222, 222, 1, 4.61%, 0, 0, 2, 18.43
1700953281, 0, 0, 223, 223, 1, 4.61%, 0, 0, 2, 16.42
1700953286, 0, 0, 225, 225, 1, 4.61%, 0, 0, 2, 17.14
1700953291, 0, 0, 229, 229, 1, 4.61%, 0, 0, 2, 14.19
1700953297, 0, 0, 230, 230, 1, 4.61%, 0, 0, 2, 17.92
1700953302, 0, 0, 232, 232, 1, 4.64%, 0, 0, 2, 18.99
1700953307, 0, 0, 233, 233, 1, 4.64%, 0, 0, 2, 20.06
1700953312, 0, 0, 236, 236, 1, 4.64%, 0, 0, 2, 17.84
1700953317, 0, 0, 238, 238, 1, 4.64%, 0, 0, 2, 17.67
1700953322, 0, 0, 239, 239, 1, 4.64%, 0, 0, 2, 18.00
1700953327, 0, 0, 240, 240, 1, 4.64%, 0, 0, 2, 15.72
1700953338, 0, 0, 243, 243, 1, 4.65%, 0, 0, 2, 19.31
1700953343, 0, 0, 246, 246, 1, 4.65%, 0, 0, 2, 18.23
1700953348, 0, 0, 247, 247, 1, 4.65%, 0, 0, 2, 17.43
1700953353, 0, 0, 249, 249, 1, 4.67%, 0, 0, 2, 17.43
1700953358, 0, 0, 250, 250, 1, 4.67%, 0, 0, 2, 19.57
1700953363, 0, 0, 251, 251, 1, 4.67%, 0, 0, 2, 19.01
1700953369, 0, 0, 254, 254, 1, 4.67%, 0, 0, 2, 18.73
1700953374, 0, 0, 257, 257, 1, 4.67%, 0, 0, 2, 17.91
1700953379, 0, 0, 259, 259, 1, 4.69%, 0, 0, 2, 20.34
1700953384, 0, 0, 261, 261, 1, 4.70%, 0, 0, 2, 19.66
1700953394, 0, 0, 262, 262, 1, 4.70%, 0, 0, 2, 17.27
1700953399, 0, 0, 263, 263, 1, 4.70%, 0, 0, 2, 15.13
1700953404, 0, 0, 264, 264, 1, 4.70%, 0, 0, 2, 20.57
1700953409, 0, 0, 266, 266, 1, 4.75%, 0, 0, 2, 19.76
1700953414, 0, 0, 267, 267, 1, 4.75%, 0, 0, 2, 20.36
1700953419, 0, 0, 269, 269, 1, 4.76%, 0, 0, 2, 21.49
1700953425, 0, 0, 273, 273, 1, 4.76%, 0, 0, 2, 19.37
1700953430, 0, 0, 275, 275, 1, 4.76%, 0, 0, 2, 18.23
1700953435, 0, 0, 276, 276, 1, 4.76%, 0, 0, 2, 20.63
1700953440, 0, 0, 278, 278, 1, 4.77%, 0, 0, 2, 17.78
1700953451, 0, 0, 279, 279, 1, 4.77%, 0, 0, 2, 17.04
1700953461, 0, 0, 280, 280, 1, 4.82%, 0, 0, 2, 20.03
1700953466, 0, 0, 281, 281, 1, 4.82%, 0, 0, 2, 17.26
1700953471, 0, 0, 284, 284, 1, 4.82%, 0, 0, 2, 19.02
1700953476, 0, 0, 287, 287, 1, 4.82%, 0, 0, 2, 18.45
1700953481, 0, 0, 289, 289, 1, 4.99%, 0, 0, 2, 19.61
1700953486, 0, 0, 290, 290, 1, 4.99%, 0, 0, 2, 20.00
1700953491, 0, 0, 292, 292, 1, 5.00%, 0, 0, 2, 17.81
1700953497, 0, 0, 293, 293, 1, 5.05%, 0, 0, 2, 18.07
1700953512, 0, 0, 295, 295, 1, 5.06%, 0, 0, 2, 21.70
1700953517, 0, 0, 296, 296, 1, 5.06%, 0, 0, 2, 21.02
1700953522, 0, 0, 298, 298, 1, 5.06%, 0, 0, 2, 20.08
1700953527, 0, 0, 299, 299, 1, 5.06%, 0, 0, 2, 15.49
1700953532, 0, 0, 300, 300, 1, 5.08%, 0, 0, 2, 14.32
1700953537, 0, 0, 301, 301, 1, 5.10%, 0, 0, 2, 18.95
1700953547, 0, 0, 303, 303, 1, 5.11%, 0, 0, 2, 18.70
1700953553, 0, 0, 304, 304, 1, 5.11%, 0, 0, 2, 19.82
1700953563, 0, 0, 305, 305, 1, 5.12%, 0, 0, 2, 18.31
1700953568, 0, 21, 305, 300, 91, 5.12%, 0, 0, 2, 32.82
1700953578, 0, 21, 306, 301, 91, 5.14%, 0, 0, 3, 28.06
1700953583, 0, 21, 307, 302, 91, 5.14%, 0, 0, 3, 28.99
1700953706, 0, 21, 309, 304, 91, 5.15%, 0, 0, 3, 35.23
1700953711, 0, 21, 310, 305, 91, 5.15%, 0, 0, 3, 37.50
1700954279, 0, 21, 312, 307, 91, 5.15%, 0, 0, 3, 25.39
1700954284, 0, 21, 313, 308, 91, 5.15%, 0, 0, 3, 20.77
1700954290, 0, 21, 314, 309, 91, 5.15%, 0, 0, 3, 20.10
1700954295, 0, 21, 317, 312, 91, 5.19%, 0, 0, 3, 23.11
1700954305, 0, 21, 318, 313, 91, 5.19%, 0, 0, 3, 19.56
1700954320, 0, 21, 320, 315, 91, 5.20%, 0, 0, 3, 20.89
1700954325, 0, 21, 321, 316, 91, 5.20%, 0, 0, 3, 18.97
1700954336, 0, 21, 322, 317, 91, 5.20%, 0, 0, 3, 22.38
1700954341, 0, 21, 323, 318, 91, 5.20%, 0, 0, 3, 22.01
1700954372, 0, 21, 324, 319, 91, 5.21%, 0, 0, 3, 20.63
1700954377, 0, 21, 325, 320, 91, 5.21%, 0, 0, 3, 20.75
1700954402, 0, 21, 326, 321, 91, 5.21%, 0, 0, 3, 21.75
1700954418, 0, 21, 327, 322, 91, 5.21%, 0, 0, 3, 20.87
1700954423, 0, 21, 329, 324, 91, 5.21%, 0, 0, 3, 20.41
1700954433, 0, 21, 330, 325, 91, 5.21%, 0, 0, 3, 21.18
1700954448, 0, 21, 331, 326, 91, 5.21%, 0, 0, 3, 21.10
1700954453, 0, 21, 332, 327, 91, 5.21%, 0, 0, 3, 21.20
1700954463, 0, 21, 333, 328, 91, 5.21%, 0, 0, 3, 21.88
1700954468, 0, 21, 335, 330, 91, 5.21%, 0, 0, 3, 19.75
1700954474, 0, 21, 336, 331, 91, 5.21%, 0, 0, 3, 20.61
1700954499, 0, 21, 338, 333, 91, 5.21%, 0, 0, 3, 17.00
1700954515, 0, 21, 339, 334, 91, 5.22%, 0, 0, 3, 22.67
1700954520, 0, 21, 340, 335, 91, 5.22%, 0, 0, 3, 21.74
1700954525, 0, 28, 341, 335, 98, 5.22%, 0, 0, 3, 20.25
1700954530, 0, 36, 341, 333, 97, 5.22%, 0, 0, 3, 21.17
1700954535, 0, 56, 341, 328, 93, 5.22%, 0, 0, 3, 32.44
1700954540, 0, 67, 341, 325, 90, 5.22%, 0, 0, 3, 25.93
1700954545, 0, 70, 341, 323, 88, 5.22%, 0, 0, 3, 20.47
1700954551, 0, 75, 341, 321, 86, 5.22%, 0, 0, 3, 18.23
1700954602, 0, 75, 342, 322, 86, 5.22%, 0, 0, 3, 16.73
1700955451, 0, 75, 343, 323, 86, 5.22%, 0, 0, 3, 17.64
1700955547, 0, 75, 344, 324, 86, 5.23%, 0, 0, 3, 19.80
1700955721, 0, 75, 345, 325, 86, 5.23%, 0, 0, 3, 18.36
1700955747, 0, 86, 345, 324, 87, 5.23%, 0, 0, 3, 15.51
1700955762, 0, 86, 346, 325, 87, 5.23%, 0, 0, 3, 14.42
1700955798, 0, 86, 348, 327, 87, 5.23%, 0, 0, 3, 14.44
1700956059, 0, 87, 348, 326, 88, 5.23%, 0, 0, 3, 14.73
1700956212, 0, 87, 349, 327, 88, 5.24%, 0, 0, 3, 18.57
1700956228, 0, 87, 350, 328, 88, 5.24%, 0, 0, 3, 14.38
1700956233, 0, 87, 351, 329, 88, 5.24%, 0, 0, 3, 14.92
1700956238, 0, 87, 353, 331, 88, 5.24%, 0, 0, 3, 14.16
1700956249, 0, 87, 354, 332, 88, 5.24%, 0, 0, 3, 13.47
1700956264, 0, 87, 355, 333, 88, 5.25%, 0, 0, 3, 13.47
1700956285, 0, 87, 357, 335, 88, 5.25%, 0, 0, 3, 15.49
1700956290, 0, 87, 358, 336, 88, 5.25%, 0, 0, 3, 15.69
1700956295, 0, 87, 359, 337, 88, 5.25%, 0, 0, 3, 14.29
1700956305, 0, 87, 360, 338, 88, 5.25%, 0, 0, 3, 14.95
1700956311, 0, 87, 361, 339, 88, 5.25%, 0, 0, 3, 15.26
1700956316, 0, 87, 362, 340, 88, 5.26%, 0, 0, 3, 14.56
1700956341, 0, 87, 363, 341, 88, 5.26%, 0, 0, 3, 13.68
1700956346, 0, 87, 364, 342, 88, 5.26%, 0, 0, 3, 15.09
1700956357, 0, 87, 365, 343, 88, 5.26%, 0, 0, 3, 15.00
1700956392, 0, 87, 366, 344, 88, 5.26%, 0, 0, 3, 13.62
1700956398, 0, 87, 367, 345, 88, 5.26%, 0, 0, 3, 14.10
1700956403, 0, 87, 368, 346, 88, 5.26%, 0, 0, 3, 13.82
1700956413, 0, 87, 369, 347, 88, 5.29%, 0, 0, 3, 14.69
1700956418, 0, 87, 370, 348, 88, 5.29%, 0, 0, 3, 15.26
1700956433, 0, 87, 371, 349, 88, 5.29%, 0, 0, 3, 13.99
1700956449, 0, 87, 372, 350, 88, 5.29%, 0, 0, 3, 12.90
1700956464, 0, 87, 374, 352, 88, 5.30%, 0, 0, 3, 14.72
1700956469, 0, 87, 375, 353, 88, 5.33%, 0, 0, 3, 16.48
1700956510, 0, 87, 376, 354, 88, 5.33%, 0, 0, 3, 14.16
1700956526, 0, 87, 377, 355, 88, 5.33%, 0, 0, 3, 13.28
1700956552, 0, 87, 378, 356, 88, 5.33%, 0, 0, 3, 13.27
1700956562, 0, 87, 379, 357, 88, 5.33%, 0, 0, 3, 13.27
1700956573, 0, 87, 380, 358, 88, 5.34%, 0, 0, 3, 14.07
1700956603, 0, 87, 381, 359, 88, 5.35%, 0, 0, 3, 14.06
1700956639, 0, 87, 382, 360, 88, 5.35%, 0, 0, 3, 13.91
1700956675, 0, 87, 383, 361, 88, 5.35%, 0, 0, 3, 14.76
1700956695, 0, 87, 385, 363, 88, 5.35%, 0, 0, 3, 14.39
1700956715, 0, 135, 385, 361, 99, 5.35%, 0, 0, 3, 15.43
1700956736, 0, 135, 387, 363, 99, 5.36%, 0, 0, 3, 35.24
1700956772, 0, 135, 388, 364, 99, 5.37%, 0, 0, 3, 36.44
1700956818, 0, 135, 390, 366, 99, 5.37%, 0, 0, 3, 37.08
1700957180, 0, 135, 391, 367, 99, 5.37%, 0, 0, 3, 17.53
1700957196, 0, 136, 391, 366, 102, 5.37%, 0, 0, 3, 15.78
1700958113, 0, 136, 392, 367, 102, 5.37%, 0, 0, 3, 13.69
1700958712, 0, 136, 394, 369, 102, 5.37%, 0, 0, 3, 12.76
1700958717, 0, 136, 395, 370, 102, 5.37%, 0, 0, 3, 12.57
1700958727, 0, 136, 396, 371, 102, 5.38%, 0, 0, 3, 13.65
1700958823, 0, 136, 398, 373, 102, 5.38%, 0, 0, 3, 14.60
1700958839, 0, 136, 399, 374, 102, 5.38%, 0, 0, 3, 13.23
1700958905, 0, 136, 400, 375, 102, 5.39%, 0, 0, 3, 14.38
1700958921, 0, 136, 401, 376, 102, 5.39%, 0, 0, 3, 11.35
1700959018, 0, 136, 402, 377, 102, 5.39%, 0, 0, 3, 14.45
1700959059, 0, 136, 403, 378, 102, 5.39%, 0, 0, 3, 13.96
1700959090, 0, 136, 404, 379, 102, 5.39%, 0, 0, 3, 14.64
1700959095, 0, 136, 406, 381, 102, 5.44%, 0, 0, 3, 15.08
1700959100, 0, 136, 407, 382, 102, 5.44%, 0, 0, 3, 14.42
1700959105, 0, 136, 408, 383, 102, 5.44%, 0, 0, 3, 14.61
1700959115, 0, 136, 409, 384, 102, 5.44%, 0, 0, 3, 14.11
1700959126, 0, 136, 410, 385, 102, 5.44%, 0, 0, 3, 13.96
1700959177, 0, 136, 411, 386, 102, 5.45%, 0, 0, 3, 13.18
1700959208, 0, 147, 411, 385, 109, 5.45%, 0, 0, 3, 13.82
1700959259, 0, 147, 412, 386, 109, 5.45%, 0, 0, 3, 12.95
1700959464, 0, 149, 412, 384, 107, 5.45%, 0, 0, 3, 15.76
1700959874, 0, 149, 413, 385, 107, 5.45%, 0, 0, 3, 14.40
1700960120, 0, 149, 414, 386, 107, 5.45%, 0, 0, 3, 15.22
1700960171, 0, 149, 415, 387, 107, 5.45%, 0, 0, 3, 13.26
1700960191, 0, 149, 416, 388, 107, 5.45%, 0, 0, 3, 13.96
1700962238, 0, 149, 417, 389, 107, 5.45%, 0, 0, 3, 14.14
1700962243, 0, 149, 418, 390, 107, 5.45%, 0, 0, 3, 14.59
1700962258, 0, 149, 419, 391, 107, 5.45%, 0, 0, 3, 13.85
1700962279, 0, 149, 421, 393, 107, 5.45%, 0, 0, 3, 14.27
1700962289, 0, 149, 423, 395, 107, 5.45%, 0, 0, 3, 13.82
1700962294, 0, 149, 424, 396, 107, 5.45%, 0, 0, 3, 14.12
1700962299, 0, 149, 425, 397, 107, 5.45%, 0, 0, 3, 14.61
1700962320, 0, 149, 426, 398, 107, 5.46%, 0, 0, 3, 15.00
1700962350, 0, 149, 427, 399, 107, 5.46%, 0, 0, 3, 14.05
1700962371, 0, 149, 428, 400, 107, 5.46%, 0, 0, 3, 14.13
1700962381, 0, 149, 429, 401, 107, 5.46%, 0, 0, 3, 14.73
1700962396, 0, 149, 430, 402, 107, 5.46%, 0, 0, 3, 14.18
1700962417, 0, 149, 432, 404, 107, 5.46%, 0, 0, 3, 13.40
1700962427, 0, 149, 433, 405, 107, 5.46%, 0, 0, 3, 14.95
1700962437, 0, 149, 434, 406, 107, 5.46%, 0, 0, 3, 14.92
1700962447, 0, 149, 435, 407, 107, 5.46%, 0, 0, 3, 15.16
1700962457, 0, 149, 436, 408, 107, 5.46%, 0, 0, 3, 15.09
1700962519, 0, 149, 437, 409, 107, 5.46%, 0, 0, 3, 15.45
1700962554, 0, 149, 438, 410, 107, 5.46%, 0, 0, 3, 14.95
1700962570, 0, 149, 439, 411, 107, 5.46%, 0, 0, 3, 14.99
1700962575, 0, 149, 440, 412, 107, 5.48%, 0, 0, 3, 14.55
1700962586, 0, 150, 440, 411, 110, 5.48%, 0, 0, 3, 13.37
1700963000, 0, 150, 441, 412, 110, 5.48%, 0, 0, 3, 14.50
1700964090, 0, 150, 442, 413, 110, 5.48%, 0, 0, 3, 16.76
1700964663, 0, 150, 443, 414, 110, 5.48%, 0, 0, 3, 15.42
1700964673, 0, 150, 444, 415, 110, 5.48%, 0, 0, 3, 14.53
1700964694, 0, 150, 445, 416, 110, 5.48%, 0, 0, 3, 15.06
1700964704, 0, 150, 446, 417, 110, 5.48%, 0, 0, 3, 15.27
1700964725, 0, 150, 447, 418, 110, 5.48%, 0, 0, 3, 11.37
1700964801, 0, 150, 448, 419, 110, 5.48%, 0, 0, 3, 15.43
1700964811, 0, 150, 449, 420, 110, 5.48%, 0, 0, 3, 12.10
1700964822, 0, 150, 450, 421, 110, 5.48%, 0, 0, 3, 14.56
1700964832, 0, 150, 451, 422, 110, 5.48%, 0, 0, 3, 13.54
1700964847, 0, 150, 452, 423, 110, 5.48%, 0, 0, 3, 14.41
1700964975, 0, 150, 453, 424, 110, 5.48%, 0, 0, 3, 15.89
1700964990, 0, 150, 454, 425, 110, 5.48%, 0, 0, 3, 14.84
1700965093, 0, 150, 456, 427, 110, 5.49%, 0, 0, 3, 16.22
1700965114, 0, 151, 456, 426, 109, 5.49%, 0, 0, 3, 16.23
1700965119, 0, 151, 457, 427, 109, 5.49%, 0, 0, 3, 14.82
1700965124, 0, 151, 458, 428, 109, 5.49%, 0, 0, 3, 12.84
1700965134, 0, 151, 459, 429, 109, 5.49%, 0, 0, 3, 14.33
1700965139, 0, 151, 460, 430, 109, 5.49%, 0, 0, 3, 13.60
1700965154, 0, 151, 461, 431, 109, 5.49%, 0, 0, 3, 15.26
1700965190, 0, 151, 462, 432, 109, 5.50%, 0, 0, 3, 14.26
1700965216, 0, 151, 464, 434, 109, 5.51%, 0, 0, 3, 16.19
1700965226, 0, 151, 465, 435, 109, 5.52%, 0, 0, 3, 14.26
1700965236, 0, 151, 467, 437, 109, 5.52%, 0, 0, 3, 16.56
1700965241, 0, 151, 468, 438, 109, 5.52%, 0, 0, 3, 16.21
1700965246, 0, 151, 469, 439, 109, 5.52%, 0, 0, 3, 14.68
1700965267, 0, 151, 470, 440, 109, 5.53%, 0, 0, 3, 14.66
1700965292, 0, 151, 471, 441, 109, 5.53%, 0, 0, 3, 15.62
1700965297, 0, 151, 472, 442, 109, 5.53%, 0, 0, 3, 15.91
1700965308, 0, 151, 473, 443, 109, 5.53%, 0, 0, 3, 16.36
1700965323, 0, 151, 474, 444, 109, 5.53%, 0, 0, 3, 15.95
1700965364, 0, 151, 475, 445, 109, 5.53%, 0, 0, 3, 16.24
1700965379, 0, 151, 476, 446, 109, 5.53%, 0, 0, 3, 15.31
1700965426, 0, 151, 477, 447, 109, 5.53%, 0, 0, 3, 12.79
1700965436, 0, 151, 478, 448, 109, 5.53%, 0, 0, 3, 13.62
1700965507, 0, 151, 480, 450, 109, 5.53%, 0, 0, 3, 12.93
1700965523, 0, 151, 482, 452, 109, 5.53%, 0, 0, 3, 13.87
1700965533, 0, 151, 483, 453, 109, 5.53%, 0, 0, 3, 14.14
1700965569, 0, 152, 483, 452, 115, 5.53%, 0, 0, 3, 14.06
1700965830, 0, 152, 484, 453, 115, 5.53%, 0, 0, 3, 13.14
1700965835, 0, 152, 485, 454, 115, 5.53%, 0, 0, 3, 12.36
1700965871, 0, 156, 485, 452, 112, 5.53%, 0, 0, 3, 17.49
1700966110, 0, 178, 485, 451, 111, 5.53%, 0, 0, 3, 17.52
1700967352, 0, 183, 485, 450, 110, 5.53%, 0, 0, 3, 18.48
1700967465, 0, 183, 486, 451, 110, 5.53%, 0, 0, 3, 17.62
1700967705, 0, 183, 487, 452, 110, 5.53%, 0, 0, 3, 17.37
1700967756, 0, 183, 488, 453, 110, 5.53%, 0, 0, 3, 18.46
1700967761, 0, 183, 489, 454, 110, 5.53%, 0, 0, 3, 18.25
1700968303, 0, 190, 489, 453, 111, 5.53%, 0, 0, 3, 17.82
1700968410, 0, 190, 490, 454, 111, 5.53%, 0, 0, 3, 31.67
1700969010, 0, 190, 491, 455, 111, 5.53%, 0, 0, 3, 26.28
1700969015, 0, 190, 492, 456, 111, 5.53%, 0, 0, 3, 20.67
1700969045, 0, 190, 494, 458, 111, 5.53%, 0, 0, 3, 17.67
1700969056, 0, 190, 495, 459, 111, 5.53%, 0, 0, 3, 16.34
1700969061, 0, 190, 496, 460, 111, 5.53%, 0, 0, 3, 16.80
1700969086, 0, 190, 497, 461, 111, 5.55%, 0, 0, 3, 20.07
1700969142, 0, 190, 498, 462, 111, 5.55%, 0, 0, 3, 19.51
1700969148, 0, 190, 499, 463, 111, 5.55%, 0, 0, 3, 19.98
1700969178, 0, 190, 500, 464, 111, 5.56%, 0, 0, 3, 17.44
1700969199, 0, 190, 501, 465, 111, 5.56%, 0, 0, 3, 18.74
1700969209, 0, 190, 502, 466, 111, 5.56%, 0, 0, 3, 15.70
1700969214, 0, 190, 503, 467, 111, 5.56%, 0, 0, 3, 19.57
1700969271, 0, 190, 504, 468, 111, 5.59%, 0, 0, 3, 18.44
1700969276, 0, 190, 505, 469, 111, 5.60%, 0, 0, 3, 16.53
1700969316, 0, 190, 506, 470, 111, 5.60%, 0, 0, 3, 17.97
1700969327, 0, 190, 507, 471, 111, 5.60%, 0, 0, 3, 19.16
1700969337, 0, 190, 508, 472, 111, 5.60%, 0, 0, 3, 17.78
1700969383, 0, 198, 508, 468, 111, 5.60%, 0, 0, 3, 18.61
1700969547, 0, 198, 509, 469, 111, 5.60%, 0, 0, 3, 18.28
1700970502, 0, 206, 509, 468, 110, 5.60%, 0, 0, 3, 15.07
1700970507, 0, 206, 510, 469, 110, 5.63%, 0, 0, 3, 13.94
1700971036, 0, 206, 511, 470, 110, 5.63%, 0, 0, 3, 14.07
1700971747, 0, 209, 511, 469, 111, 5.63%, 0, 0, 3, 17.39
1700971752, 0, 209, 512, 470, 111, 5.64%, 0, 0, 3, 22.24
1700971778, 0, 209, 513, 471, 111, 5.64%, 0, 0, 3, 22.57
1700971803, 0, 209, 514, 472, 111, 5.64%, 0, 0, 3, 23.42
1700971844, 0, 209, 515, 473, 111, 5.65%, 0, 0, 3, 15.15
1700972257, 0, 209, 516, 474, 111, 5.65%, 0, 0, 3, 25.89
1700972436, 0, 209, 517, 475, 111, 5.65%, 0, 0, 3, 18.49
1700972446, 0, 210, 517, 474, 113, 5.65%, 0, 0, 3, 17.92
1700972497, 0, 210, 519, 476, 113, 5.65%, 0, 0, 3, 14.71
1700972568, 0, 210, 520, 477, 113, 5.65%, 0, 0, 3, 11.84
1700972712, 0, 210, 521, 478, 113, 5.65%, 0, 0, 3, 14.06
1700972727, 0, 210, 522, 479, 113, 5.65%, 0, 0, 3, 15.00
1700972923, 0, 210, 523, 480, 113, 5.65%, 0, 0, 3, 14.62
1700972959, 0, 210, 524, 481, 113, 5.65%, 0, 0, 3, 14.81
1700973675, 0, 210, 525, 482, 113, 5.65%, 0, 0, 3, 13.03
1700973685, 0, 210, 526, 483, 113, 5.65%, 0, 0, 3, 13.65
1700973721, 0, 210, 528, 485, 113, 5.65%, 0, 0, 3, 14.60
1700973736, 0, 210, 529, 486, 113, 5.65%, 0, 0, 3, 14.30
1700973767, 0, 210, 530, 487, 113, 5.65%, 0, 0, 3, 12.91
1700973772, 0, 210, 531, 488, 113, 5.65%, 0, 0, 3, 13.59
1700973793, 0, 210, 532, 489, 113, 5.65%, 0, 0, 3, 12.35
1700973803, 0, 210, 533, 490, 113, 5.65%, 0, 0, 3, 14.62
1700973829, 0, 210, 534, 491, 113, 5.65%, 0, 0, 3, 14.91
1700973875, 0, 210, 535, 492, 113, 5.65%, 0, 0, 3, 14.22
1700973885, 0, 210, 536, 493, 113, 5.65%, 0, 0, 3, 14.08
1700973921, 0, 210, 537, 494, 113, 5.66%, 0, 0, 3, 12.25
1700973947, 0, 210, 538, 495, 113, 5.66%, 0, 0, 3, 13.59
1700973952, 0, 210, 539, 496, 113, 5.66%, 0, 0, 3, 15.38
1700973987, 0, 210, 540, 497, 113, 5.69%, 0, 0, 3, 15.43
1700974003, 0, 210, 541, 498, 113, 5.69%, 0, 0, 3, 14.55
1700974044, 0, 210, 542, 499, 113, 5.69%, 0, 0, 3, 13.72
1700974049, 0, 217, 542, 498, 119, 5.69%, 0, 0, 3, 20.19
1700974607, 0, 231, 542, 497, 118, 5.69%, 0, 0, 3, 15.14
1700975573, 0, 231, 543, 498, 118, 5.69%, 0, 0, 3, 17.51
1700975752, 0, 232, 543, 497, 118, 5.69%, 0, 0, 3, 14.61
1700975967, 0, 232, 544, 498, 118, 5.69%, 0, 0, 3, 12.88
1700975987, 0, 232, 545, 499, 118, 5.69%, 0, 0, 3, 11.81
1700976018, 0, 241, 545, 498, 118, 5.69%, 0, 0, 3, 13.92
1700976023, 0, 241, 546, 499, 118, 5.69%, 0, 0, 3, 14.26
1700976034, 0, 241, 547, 500, 118, 5.69%, 0, 0, 3, 14.20
1700978086, 0, 242, 547, 499, 118, 5.69%, 0, 0, 3, 23.56
1700978122, 0, 242, 548, 500, 118, 5.69%, 0, 0, 3, 39.09
1700978152, 0, 242, 549, 501, 118, 5.69%, 0, 0, 3, 36.61
1700978173, 0, 242, 550, 502, 118, 5.69%, 0, 0, 3, 39.86
1700978412, 0, 242, 551, 503, 118, 5.69%, 0, 0, 3, 26.16
1700978520, 0, 248, 551, 502, 121, 5.69%, 0, 0, 3, 16.11
1700979509, 0, 249, 551, 501, 120, 5.69%, 0, 0, 3, 12.17
1700979545, 0, 249, 552, 502, 120, 5.69%, 0, 0, 3, 12.14
1700979627, 0, 249, 553, 503, 120, 5.70%, 0, 0, 3, 13.78
1700980324, 0, 256, 553, 502, 119, 5.70%, 0, 0, 3, 13.09
1700980597, 0, 258, 553, 500, 117, 5.70%, 0, 0, 3, 19.89
1700980649, 0, 258, 554, 501, 117, 5.70%, 0, 0, 3, 27.71
1700980674, 0, 258, 555, 502, 117, 5.70%, 0, 0, 3, 31.09
1700980889, 0, 267, 555, 501, 116, 5.70%, 0, 0, 3, 13.73
1700980894, 0, 267, 557, 503, 116, 5.70%, 0, 0, 3, 16.21
1700981089, 0, 267, 558, 504, 116, 5.70%, 0, 0, 3, 18.73
1700981094, 0, 267, 559, 505, 116, 5.71%, 0, 0, 3, 22.55
1700981488, 0, 267, 560, 506, 116, 5.71%, 0, 0, 3, 17.06
1700982430, 0, 268, 560, 505, 119, 5.71%, 0, 0, 3, 16.52
1700982461, 0, 268, 561, 506, 119, 5.72%, 0, 0, 3, 33.10
1700982466, 0, 268, 563, 508, 119, 5.76%, 0, 0, 3, 35.67
1700982491, 0, 268, 564, 509, 119, 5.78%, 0, 0, 3, 37.82
1700982563, 0, 268, 569, 514, 119, 5.82%, 0, 0, 3, 35.18
1700982584, 0, 268, 571, 516, 119, 5.83%, 0, 0, 3, 28.43
1700983158, 0, 270, 571, 515, 127, 5.83%, 0, 0, 3, 15.77
1700983946, 0, 270, 572, 516, 127, 5.83%, 0, 0, 3, 15.99
1700983966, 0, 271, 572, 515, 126, 5.83%, 0, 0, 3, 16.84
1700984901, 0, 271, 573, 516, 126, 5.87%, 0, 0, 3, 18.65
1700985116, 0, 271, 574, 517, 126, 5.87%, 0, 0, 3, 15.34
1700985126, 0, 271, 575, 518, 126, 5.87%, 0, 0, 3, 16.33
1700985131, 0, 271, 576, 519, 126, 5.87%, 0, 0, 3, 17.65
1700985136, 0, 271, 577, 520, 126, 5.88%, 0, 0, 3, 17.34
1700985146, 0, 271, 578, 521, 126, 5.88%, 0, 0, 3, 16.93
1700985162, 0, 271, 579, 522, 126, 5.88%, 0, 0, 3, 15.82
1700985223, 0, 271, 580, 523, 126, 5.88%, 0, 0, 3, 17.07
1700985249, 0, 271, 581, 524, 126, 5.88%, 0, 0, 3, 15.24
1700985279, 0, 271, 582, 525, 126, 5.88%, 0, 0, 3, 17.12
1700985330, 0, 271, 583, 526, 126, 5.88%, 0, 0, 3, 17.55
1700985356, 0, 271, 584, 527, 126, 5.88%, 0, 0, 3, 18.23
1700985366, 0, 271, 585, 528, 126, 5.88%, 0, 0, 3, 17.39
1700985397, 0, 271, 586, 529, 126, 5.88%, 0, 0, 3, 18.13
1700985402, 0, 271, 587, 530, 126, 5.88%, 0, 0, 3, 17.19
1700985427, 0, 271, 588, 531, 126, 5.89%, 0, 0, 3, 17.32
1700985463, 0, 271, 589, 532, 126, 5.89%, 0, 0, 3, 15.28
1700985509, 0, 271, 590, 533, 126, 5.89%, 0, 0, 3, 17.79
1700985514, 0, 275, 590, 532, 132, 5.89%, 0, 0, 3, 15.49
1700985770, 0, 275, 591, 533, 132, 5.89%, 0, 0, 3, 16.54
1700985950, 0, 275, 592, 534, 132, 5.89%, 0, 0, 3, 16.53
1700986641, 0, 276, 592, 533, 134, 5.89%, 0, 0, 3, 14.39
1700986856, 0, 282, 592, 531, 132, 5.89%, 0, 0, 3, 12.75
1700988890, 0, 290, 592, 529, 130, 5.89%, 0, 0, 3, 12.84
1700988895, 0, 290, 593, 530, 130, 5.89%, 0, 0, 3, 12.32
1700989269, 0, 303, 593, 529, 130, 5.89%, 0, 0, 3, 12.54
1700989939, 0, 303, 594, 530, 130, 5.89%, 0, 0, 3, 14.24
1700990800, 0, 305, 594, 529, 130, 5.89%, 0, 0, 3, 18.51
1700990861, 0, 305, 595, 530, 130, 5.90%, 0, 0, 4, 35.00
1700990958, 0, 305, 596, 531, 130, 5.90%, 0, 0, 4, 30.16
1700991522, 0, 312, 597, 529, 128, 5.90%, 0, 0, 4, 21.98
1700991608, 0, 313, 597, 528, 128, 5.90%, 0, 0, 4, 21.90
1700991639, 0, 313, 598, 529, 128, 5.90%, 0, 0, 4, 25.78
1700991848, 0, 313, 599, 530, 128, 5.90%, 0, 0, 4, 16.17
1700991868, 0, 322, 599, 528, 128, 5.90%, 0, 0, 4, 14.92
1700991894, 0, 322, 600, 529, 128, 5.90%, 0, 0, 4, 11.27
1700991945, 0, 322, 601, 530, 128, 5.90%, 0, 0, 4, 12.42
1700992327, 0, 323, 601, 529, 126, 5.90%, 0, 0, 4, 14.21
1700992337, 0, 323, 602, 530, 126, 5.91%, 0, 0, 4, 35.40
1700992419, 0, 323, 604, 532, 126, 5.92%, 0, 0, 4, 39.09
1700992475, 0, 323, 605, 533, 126, 5.92%, 0, 0, 4, 34.73
1700992700, 0, 330, 605, 532, 128, 5.92%, 0, 0, 4, 17.23
1700994384, 0, 330, 606, 533, 128, 5.92%, 0, 0, 4, 15.88
1700994405, 0, 333, 606, 532, 128, 5.92%, 0, 0, 4, 15.64
1700995049, 0, 333, 607, 533, 128, 5.92%, 0, 0, 4, 16.62
1700995193, 0, 340, 607, 532, 128, 5.92%, 0, 0, 4, 15.55
1700996058, 0, 341, 607, 531, 127, 5.92%, 0, 0, 4, 12.89
1700997359, 0, 343, 607, 530, 126, 5.92%, 0, 0, 4, 18.66
1700997364, 0, 346, 607, 528, 125, 5.92%, 0, 0, 4, 15.02
1700997706, 0, 348, 607, 526, 123, 5.92%, 0, 0, 4, 17.12
1700997912, 0, 354, 607, 525, 122, 5.92%, 0, 0, 4, 13.08
1700997917, 0, 354, 609, 527, 122, 5.93%, 0, 0, 4, 12.78
1700997927, 0, 355, 609, 526, 122, 5.93%, 0, 0, 4, 12.26
1700998024, 0, 358, 609, 525, 121, 5.93%, 0, 0, 4, 13.09
1700998203, 0, 360, 609, 524, 120, 5.93%, 0, 0, 4, 24.98
1700998372, 0, 361, 610, 524, 119, 5.95%, 0, 0, 4, 16.86
1700998377, 0, 361, 611, 525, 119, 5.95%, 0, 0, 4, 15.32
1700998382, 0, 361, 612, 526, 119, 5.96%, 0, 0, 4, 16.41
1700998418, 0, 361, 613, 527, 119, 5.96%, 0, 0, 4, 15.25
1700998617, 0, 361, 614, 528, 119, 5.96%, 0, 0, 4, 12.77
1700998643, 0, 364, 614, 527, 122, 5.96%, 0, 0, 4, 13.23
1700999185, 0, 364, 615, 528, 122, 5.96%, 0, 0, 4, 13.05
1700999205, 0, 368, 615, 527, 122, 5.96%, 0, 0, 4, 14.51
1700999216, 0, 368, 616, 528, 122, 5.99%, 0, 0, 4, 15.11
1700999333, 0, 368, 617, 529, 122, 5.99%, 0, 0, 4, 14.55
1700999400, 0, 368, 618, 530, 122, 6.00%, 0, 0, 4, 17.29
1700999420, 0, 368, 619, 531, 122, 6.00%, 0, 0, 4, 15.61
1700999503, 0, 372, 619, 530, 123, 6.00%, 0, 0, 4, 10.50
1700999508, 0, 374, 619, 528, 121, 6.00%, 0, 0, 4, 13.46
1700999513, 0, 374, 621, 530, 121, 6.00%, 0, 0, 4, 13.91
1700999528, 0, 374, 622, 531, 121, 6.01%, 0, 0, 4, 21.08
1700999855, 0, 374, 623, 532, 121, 6.01%, 0, 0, 4, 23.07
1700999876, 0, 374, 624, 533, 121, 6.01%, 0, 0, 4, 17.84
1700999906, 0, 376, 624, 532, 124, 6.01%, 0, 0, 4, 14.78
1700999911, 0, 378, 625, 532, 123, 6.01%, 0, 0, 4, 13.62
1700999937, 0, 378, 627, 534, 123, 6.01%, 0, 0, 4, 14.44
1700999942, 0, 378, 630, 537, 123, 6.01%, 0, 0, 4, 13.81
1701000003, 0, 378, 631, 538, 123, 6.04%, 0, 0, 4, 11.70
1701000479, 0, 378, 632, 539, 123, 6.04%, 0, 0, 4, 13.36
1701000504, 0, 382, 632, 538, 126, 6.04%, 0, 0, 4, 11.31
1701000622, 0, 382, 633, 539, 126, 6.04%, 0, 0, 4, 15.94
1701000648, 0, 382, 634, 540, 126, 6.04%, 0, 0, 4, 15.66
1701000653, 0, 382, 635, 541, 126, 6.04%, 0, 0, 4, 15.52
1701000658, 0, 382, 636, 542, 126, 6.04%, 0, 0, 4, 15.41
1701000663, 0, 382, 637, 543, 126, 6.04%, 0, 0, 4, 14.50
1701000689, 0, 382, 638, 544, 126, 6.04%, 0, 0, 4, 14.19
1701000720, 0, 382, 639, 545, 126, 6.04%, 0, 0, 4, 14.31
1701000740, 0, 382, 640, 546, 126, 6.04%, 0, 0, 4, 14.60
1701000756, 0, 382, 641, 547, 126, 6.04%, 0, 0, 4, 16.14
1701000847, 0, 382, 643, 549, 126, 6.04%, 0, 0, 4, 15.00
1701000857, 0, 382, 644, 550, 126, 6.04%, 0, 0, 4, 14.25
1701000868, 0, 382, 646, 552, 126, 6.04%, 0, 0, 4, 14.51
1701000965, 0, 382, 647, 553, 126, 6.04%, 0, 0, 4, 14.81
1701001088, 0, 385, 647, 552, 130, 6.04%, 0, 0, 4, 14.48
1701001098, 0, 385, 648, 553, 130, 6.04%, 0, 0, 4, 40.08
1701001113, 0, 385, 649, 554, 130, 6.04%, 0, 0, 4, 39.93
1701001501, 0, 385, 650, 555, 130, 6.04%, 0, 0, 4, 18.97
1701001511, 0, 385, 651, 556, 130, 6.04%, 0, 0, 4, 18.32
1701001557, 0, 386, 651, 555, 129, 6.04%, 0, 0, 4, 27.37
1701001593, 0, 386, 652, 556, 129, 6.04%, 0, 0, 4, 36.04
1701001670, 0, 386, 653, 557, 129, 6.07%, 0, 0, 4, 34.78
1701001981, 0, 394, 653, 554, 128, 6.07%, 0, 0, 4, 17.05
1701001986, 0, 395, 653, 553, 127, 6.07%, 0, 0, 4, 14.37
1701003721, 0, 399, 653, 552, 126, 6.07%, 0, 0, 4, 17.45
1701003772, 0, 399, 654, 553, 126, 6.07%, 0, 0, 4, 18.14
1701003894, 0, 399, 655, 554, 126, 6.07%, 0, 0, 4, 14.06
1701003915, 0, 404, 655, 553, 126, 6.07%, 0, 0, 4, 13.47
1701004273, 0, 405, 655, 552, 125, 6.07%, 0, 0, 4, 16.98
1701004283, 0, 405, 656, 553, 125, 6.07%, 0, 0, 4, 21.96
1701004288, 0, 405, 657, 554, 125, 6.07%, 0, 0, 4, 23.82
1701004319, 0, 405, 658, 555, 125, 6.09%, 0, 0, 4, 22.29
1701004355, 0, 405, 660, 557, 125, 6.12%, 0, 0, 4, 21.58
1701004447, 0, 405, 661, 558, 125, 6.12%, 0, 0, 4, 23.19
1701004523, 0, 405, 662, 559, 125, 6.12%, 0, 0, 4, 23.69
1701004855, 0, 405, 663, 560, 125, 6.14%, 0, 0, 4, 19.67
1701004942, 0, 405, 664, 561, 125, 6.14%, 0, 0, 4, 25.41
1701005130, 0, 406, 664, 560, 131, 6.14%, 0, 0, 4, 15.32
1701005146, 0, 406, 665, 561, 131, 6.16%, 0, 0, 4, 13.72
1701006365, 0, 410, 666, 561, 131, 6.16%, 0, 0, 4, 12.69
1701006375, 0, 412, 666, 560, 131, 6.16%, 0, 0, 4, 13.13
1701008969, 0, 429, 666, 559, 130, 6.16%, 0, 0, 4, 13.32
1701009031, 0, 429, 669, 562, 130, 6.16%, 0, 0, 4, 17.44
1701009036, 0, 429, 671, 564, 130, 6.16%, 0, 0, 4, 17.70
1701009139, 0, 429, 672, 565, 130, 6.16%, 0, 0, 4, 17.70
1701009149, 0, 429, 674, 567, 130, 6.16%, 0, 0, 4, 17.00
1701009154, 0, 429, 677, 570, 130, 6.16%, 0, 0, 4, 17.59
1701011094, 0, 429, 678, 571, 130, 6.16%, 0, 0, 4, 16.05
1701011104, 0, 429, 679, 572, 130, 6.16%, 0, 0, 4, 17.69
1701011109, 0, 429, 680, 573, 130, 6.16%, 0, 0, 4, 16.14
1701011140, 0, 429, 681, 574, 130, 6.16%, 0, 0, 4, 17.18
1701011176, 0, 429, 682, 575, 130, 6.16%, 0, 0, 4, 15.16
1701011207, 0, 429, 683, 576, 130, 6.17%, 0, 0, 4, 17.38
1701011243, 0, 429, 684, 577, 130, 6.23%, 0, 0, 4, 15.27
1701011253, 0, 429, 685, 578, 130, 6.23%, 0, 0, 4, 16.98
1701011258, 0, 429, 686, 579, 130, 6.23%, 0, 0, 4, 18.30
1701011309, 0, 429, 687, 580, 130, 6.23%, 0, 0, 4, 18.13
1701011319, 0, 429, 688, 581, 130, 6.23%, 0, 0, 4, 18.07
1701011411, 0, 429, 689, 582, 130, 6.23%, 0, 0, 4, 17.37
1701011493, 0, 433, 689, 581, 131, 6.23%, 0, 0, 4, 15.95
1701011503, 0, 433, 690, 582, 131, 6.23%, 0, 0, 4, 15.85
1701011519, 0, 433, 691, 583, 131, 6.23%, 0, 0, 4, 15.21
1701011698, 0, 433, 692, 584, 131, 6.24%, 0, 0, 4, 15.23
1701013462, 0, 437, 692, 583, 133, 6.24%, 0, 0, 4, 16.65
1701014747, 0, 437, 693, 584, 133, 6.24%, 0, 0, 4, 17.19
1701014763, 0, 438, 693, 583, 134, 6.24%, 0, 0, 4, 16.23
1701014886, 0, 438, 694, 584, 134, 6.24%, 0, 0, 4, 16.57
1701015193, 0, 438, 695, 585, 134, 6.31%, 0, 0, 4, 15.40
1701015706, 0, 438, 696, 586, 134, 6.31%, 0, 0, 4, 14.25
1701016279, 0, 439, 696, 585, 135, 6.31%, 0, 0, 4, 15.06
1701016284, 0, 439, 697, 586, 135, 6.31%, 0, 0, 4, 13.90
1701016289, 0, 440, 697, 585, 134, 6.31%, 0, 0, 4, 12.15
1701016294, 0, 457, 697, 584, 133, 6.31%, 0, 0, 4, 16.14
1701016386, 0, 457, 698, 585, 133, 6.31%, 0, 0, 4, 14.95
1701016402, 0, 461, 698, 583, 131, 6.31%, 0, 0, 4, 13.43
1701016525, 0, 464, 698, 581, 129, 6.31%, 0, 0, 4, 13.79
1701016530, 0, 464, 699, 582, 129, 6.31%, 0, 0, 4, 13.50
1701016535, 0, 464, 700, 583, 129, 6.32%, 0, 0, 4, 12.19
1701016674, 0, 464, 701, 584, 129, 6.32%, 0, 0, 4, 14.75
1701016690, 0, 464, 702, 585, 129, 6.32%, 0, 0, 4, 14.17
1701017151, 0, 464, 703, 586, 129, 6.32%, 0, 0, 4, 17.35
1701017571, 0, 466, 703, 585, 130, 6.32%, 0, 0, 4, 20.32
1701017945, 0, 466, 704, 586, 130, 6.32%, 0, 0, 4, 16.40
1701017960, 0, 469, 704, 585, 130, 6.32%, 0, 0, 4, 20.37
1701017965, 0, 469, 706, 587, 130, 6.32%, 0, 0, 4, 23.96
1701017970, 0, 469, 707, 588, 130, 6.32%, 0, 0, 4, 25.05
1701018083, 0, 469, 708, 589, 130, 6.32%, 0, 0, 4, 24.17
1701018139, 0, 470, 708, 588, 130, 6.32%, 0, 0, 4, 16.37
1701018338, 0, 470, 709, 589, 130, 6.32%, 0, 0, 4, 15.49
1701018369, 0, 474, 709, 588, 130, 6.32%, 0, 0, 4, 20.73
1701018405, 0, 474, 710, 589, 130, 6.32%, 0, 0, 4, 28.54
1701018435, 0, 474, 711, 590, 130, 6.32%, 0, 0, 4, 28.19
1701018471, 0, 474, 712, 591, 130, 6.32%, 0, 0, 4, 24.30
1701018486, 0, 475, 712, 590, 131, 6.32%, 0, 0, 4, 15.72
1701018491, 0, 475, 713, 591, 131, 6.32%, 0, 0, 4, 14.13
1701018506, 0, 475, 714, 592, 131, 6.32%, 0, 0, 4, 15.36
1701018532, 0, 475, 715, 593, 131, 6.32%, 0, 0, 4, 15.38
1701018829, 0, 482, 715, 591, 130, 6.32%, 0, 0, 4, 11.80
1701018885, 0, 482, 716, 592, 130, 6.32%, 0, 0, 4, 11.58
1701018947, 0, 482, 717, 593, 130, 6.33%, 0, 0, 4, 12.60
1701018957, 0, 482, 718, 594, 130, 6.33%, 0, 0, 4, 13.05
1701018963, 0, 482, 719, 595, 130, 6.33%, 0, 0, 4, 12.87
1701018968, 0, 482, 721, 597, 130, 6.33%, 0, 0, 4, 12.31
1701018978, 0, 482, 722, 598, 130, 6.33%, 0, 0, 4, 11.55
1701019142, 0, 482, 724, 600, 130, 6.33%, 0, 0, 4, 12.58
1701019203, 0, 483, 724, 599, 132, 6.33%, 0, 0, 4, 12.73
1701019244, 0, 483, 725, 600, 132, 6.33%, 0, 0, 4, 13.30
1701019270, 0, 483, 726, 601, 132, 6.33%, 0, 0, 4, 12.44
1701019285, 0, 483, 727, 602, 132, 6.33%, 0, 0, 4, 12.86
1701019352, 0, 483, 728, 603, 132, 6.33%, 0, 0, 4, 13.53
1701019367, 0, 483, 729, 604, 132, 6.33%, 0, 0, 4, 12.94
1701019409, 0, 487, 729, 603, 133, 6.33%, 0, 0, 4, 14.20
1701020420, 0, 491, 729, 601, 131, 6.33%, 0, 0, 4, 18.22
1701021513, 0, 492, 729, 600, 130, 6.33%, 0, 0, 4, 17.10
1701021585, 0, 492, 730, 601, 130, 6.35%, 0, 0, 4, 14.04
1701021795, 0, 492, 731, 602, 130, 6.36%, 0, 0, 4, 15.55
1701022946, 0, 497, 731, 600, 130, 6.36%, 0, 0, 4, 13.71
1701022971, 0, 497, 732, 601, 130, 6.36%, 0, 0, 4, 12.40
1701023018, 0, 499, 732, 600, 130, 6.36%, 0, 0, 4, 13.19
1701024313, 0, 500, 732, 599, 129, 6.36%, 0, 0, 4, 16.44
1701024323, 0, 500, 733, 600, 129, 6.36%, 0, 0, 4, 17.83
1701024328, 0, 500, 735, 602, 129, 6.36%, 0, 0, 4, 20.19
1701024385, 0, 500, 736, 603, 129, 6.36%, 0, 0, 4, 15.53
1701024447, 0, 500, 737, 604, 129, 6.36%, 0, 0, 4, 19.96
1701024575, 0, 500, 738, 605, 129, 6.36%, 0, 0, 4, 20.59
1701024845, 0, 500, 739, 606, 129, 6.36%, 0, 0, 4, 21.38
1701025265, 0, 500, 740, 607, 129, 6.36%, 0, 0, 4, 19.59
1701025270, 0, 500, 741, 608, 129, 6.36%, 0, 0, 4, 19.27
1701025382, 0, 500, 742, 609, 129, 6.37%, 0, 0, 4, 21.08
1701025628, 0, 501, 742, 608, 133, 6.37%, 0, 0, 4, 15.77
1701026938, 0, 510, 742, 606, 131, 6.37%, 0, 0, 4, 15.69
1701026944, 0, 510, 743, 607, 131, 6.37%, 0, 0, 4, 24.71
1701026949, 0, 510, 744, 608, 131, 6.37%, 0, 0, 4, 27.67
1701026969, 0, 510, 745, 609, 131, 6.38%, 0, 0, 4, 25.03
1701026989, 0, 510, 746, 610, 131, 6.38%, 0, 0, 4, 24.21
1701026995, 0, 510, 747, 611, 131, 6.38%, 0, 0, 4, 26.17
1701027015, 0, 510, 748, 612, 131, 6.38%, 0, 0, 4, 28.66
1701027020, 0, 510, 749, 613, 131, 6.38%, 0, 0, 4, 26.10
1701027030, 0, 510, 750, 614, 131, 6.39%, 0, 0, 4, 19.55
1701027351, 0, 510, 751, 615, 131, 6.39%, 0, 0, 4, 26.88
1701027418, 0, 510, 752, 616, 131, 6.39%, 0, 0, 4, 21.41
1701027546, 0, 510, 753, 617, 131, 6.40%, 0, 0, 4, 21.72
1701027566, 0, 511, 753, 616, 135, 6.40%, 0, 0, 4, 19.73
1701028235, 0, 512, 753, 615, 134, 6.40%, 0, 0, 4, 12.45
1701029080, 0, 512, 754, 616, 134, 6.40%, 0, 0, 4, 14.46
1701029085, 0, 512, 755, 617, 134, 6.40%, 0, 0, 4, 15.60
1701029090, 0, 512, 757, 619, 134, 6.41%, 0, 0, 4, 14.31
1701029213, 0, 512, 758, 620, 134, 6.41%, 0, 0, 4, 16.39
1701029224, 0, 512, 759, 621, 134, 6.41%, 0, 0, 4, 13.20
1701029367, 0, 514, 759, 620, 139, 6.41%, 0, 0, 4, 24.25
1701029931, 0, 523, 759, 618, 138, 6.41%, 0, 0, 4, 20.90
1701030033, 0, 523, 760, 619, 138, 6.41%, 0, 0, 4, 15.62
1701030975, 0, 523, 761, 620, 138, 6.41%, 0, 0, 4, 14.23
1701030985, 0, 523, 762, 621, 138, 6.42%, 0, 0, 4, 14.43
1701031052, 0, 531, 762, 620, 138, 6.42%, 0, 0, 4, 15.00
1701031057, 0, 536, 762, 619, 137, 6.42%, 0, 0, 4, 14.95
1701031129, 0, 536, 763, 620, 137, 6.42%, 0, 0, 4, 13.30
1701032067, 0, 536, 765, 622, 137, 6.48%, 0, 0, 4, 13.28
1701032205, 0, 539, 765, 620, 138, 6.48%, 0, 0, 4, 15.77
1701032850, 0, 542, 765, 619, 137, 6.48%, 0, 0, 4, 15.31
1701034022, 0, 543, 765, 618, 136, 6.48%, 0, 0, 4, 13.73
1701034028, 0, 545, 765, 617, 135, 6.48%, 0, 0, 4, 14.56
1701035947, 0, 547, 765, 616, 134, 6.48%, 0, 0, 4, 23.54
1701035983, 0, 547, 766, 617, 134, 6.48%, 0, 0, 4, 37.47
1701036034, 0, 547, 768, 619, 134, 6.49%, 0, 0, 4, 44.28
1701036329, 0, 547, 769, 620, 134, 6.49%, 0, 0, 4, 40.87
1701036345, 0, 547, 770, 621, 134, 6.49%, 0, 0, 4, 22.18
1701036370, 0, 553, 770, 617, 134, 6.49%, 0, 0, 4, 21.09
1701036376, 0, 555, 770, 616, 133, 6.49%, 0, 0, 4, 19.10
1701037801, 0, 556, 770, 615, 132, 6.49%, 0, 0, 4, 17.95
1701037806, 0, 557, 770, 614, 131, 6.49%, 0, 0, 4, 18.14
1701039173, 0, 560, 770, 612, 129, 6.49%, 0, 0, 4, 22.24
1701039203, 0, 560, 771, 613, 129, 6.49%, 0, 0, 4, 37.31
1701039316, 0, 560, 772, 614, 129, 6.49%, 0, 0, 4, 34.80
1701039843, 0, 563, 772, 612, 128, 6.49%, 0, 0, 4, 28.33
1701039848, 0, 567, 772, 608, 124, 6.49%, 0, 0, 4, 34.49
1701039853, 0, 569, 772, 606, 122, 6.49%, 0, 0, 4, 26.72
1701039884, 0, 569, 773, 607, 122, 6.50%, 0, 0, 4, 34.45
1701039914, 0, 569, 774, 608, 122, 6.50%, 0, 0, 4, 29.59
1701039986, 0, 569, 778, 612, 122, 6.51%, 0, 0, 4, 38.84
1701040559, 0, 572, 778, 610, 126, 6.51%, 0, 0, 4, 20.85
1701040569, 0, 572, 779, 611, 126, 6.51%, 0, 0, 4, 20.94
1701040809, 0, 572, 780, 612, 126, 6.51%, 0, 0, 4, 21.49
1701041394, 0, 572, 782, 614, 126, 6.54%, 0, 0, 4, 19.05
1701041522, 0, 572, 783, 615, 126, 6.54%, 0, 0, 4, 16.58
1701041568, 0, 572, 784, 616, 126, 6.54%, 0, 0, 4, 19.85
1701041762, 0, 572, 786, 618, 126, 6.55%, 0, 0, 4, 20.41
1701041773, 0, 572, 787, 619, 126, 6.55%, 0, 0, 4, 18.55
1701041783, 0, 572, 788, 620, 126, 6.55%, 0, 0, 4, 19.40
1701041798, 0, 572, 789, 621, 126, 6.56%, 0, 0, 4, 19.83
1701041967, 0, 572, 790, 622, 126, 6.56%, 0, 0, 4, 18.96
1701042018, 0, 572, 791, 623, 126, 6.56%, 0, 0, 4, 16.70
1701042054, 0, 572, 792, 624, 126, 6.56%, 0, 0, 4, 19.39
1701042079, 0, 572, 793, 625, 126, 6.57%, 0, 0, 4, 18.86
1701042120, 0, 577, 793, 623, 134, 6.57%, 0, 0, 4, 16.97
1701042145, 0, 577, 794, 624, 134, 6.57%, 0, 0, 4, 26.29
1701042616, 0, 577, 795, 625, 134, 6.57%, 0, 0, 4, 27.30
1701042714, 0, 581, 795, 624, 136, 6.57%, 0, 0, 4, 18.55
1701043738, 0, 587, 795, 622, 134, 6.57%, 0, 0, 4, 20.45
1701044398, 0, 587, 796, 623, 134, 6.58%, 0, 0, 4, 20.50
1701044766, 0, 589, 796, 622, 134, 6.58%, 0, 0, 4, 22.35
1701044771, 0, 589, 798, 624, 134, 6.58%, 0, 0, 4, 22.47
1701047722, 0, 590, 798, 623, 134, 6.58%, 0, 0, 4, 18.18
1701048750, 0, 591, 798, 622, 133, 6.58%, 0, 0, 4, 17.49
1701048873, 0, 591, 799, 623, 133, 6.58%, 0, 0, 4, 17.38
1701049768, 0, 594, 799, 621, 132, 6.58%, 0, 0, 4, 23.15
1701049890, 0, 594, 800, 622, 132, 6.58%, 0, 0, 5, 34.80
1701049895, 0, 594, 801, 623, 132, 6.59%, 0, 0, 5, 39.63
1701050464, 0, 595, 801, 622, 132, 6.59%, 0, 0, 5, 25.55
1701050495, 0, 595, 802, 623, 132, 6.59%, 0, 0, 5, 35.43
1701051033, 0, 595, 803, 624, 132, 6.60%, 0, 0, 5, 23.83
1701051161, 0, 596, 803, 623, 133, 6.60%, 0, 0, 5, 18.08
1701051263, 0, 601, 803, 622, 132, 6.60%, 0, 0, 5, 20.97
1701051340, 0, 601, 804, 623, 132, 6.60%, 0, 0, 5, 39.13
1701051345, 0, 601, 805, 624, 132, 6.61%, 0, 0, 5, 40.29
1701051611, 0, 601, 806, 625, 132, 6.61%, 0, 0, 5, 19.28
1701051647, 0, 602, 806, 624, 133, 6.61%, 0, 0, 5, 24.38
1701051677, 0, 602, 807, 625, 133, 6.61%, 0, 0, 5, 33.24
1701051734, 0, 602, 808, 626, 133, 6.61%, 0, 0, 5, 37.37
1701051887, 0, 602, 809, 627, 133, 6.62%, 0, 0, 5, 32.51
1701051979, 0, 602, 810, 628, 133, 6.62%, 0, 0, 5, 18.86
1701052015, 0, 604, 810, 627, 135, 6.62%, 0, 0, 5, 17.94
1701052276, 0, 604, 811, 628, 135, 6.62%, 0, 0, 5, 26.77
1701052383, 0, 607, 813, 629, 135, 6.62%, 0, 0, 5, 14.74
1701052608, 0, 607, 814, 630, 135, 6.62%, 0, 0, 5, 12.91
1701052644, 0, 608, 814, 629, 136, 6.62%, 0, 0, 5, 12.99
1701052894, 0, 608, 815, 630, 136, 6.63%, 0, 0, 5, 12.46
1701052920, 0, 610, 815, 629, 136, 6.63%, 0, 0, 5, 11.89
1701052976, 0, 610, 816, 630, 136, 6.63%, 0, 0, 5, 28.38
1701053074, 0, 610, 817, 631, 136, 6.63%, 0, 0, 5, 22.13
1701053130, 0, 613, 817, 629, 135, 6.63%, 0, 0, 5, 14.67
1701053207, 0, 616, 817, 627, 133, 6.63%, 0, 0, 5, 22.78
1701053376, 0, 617, 817, 626, 132, 6.63%, 0, 0, 5, 14.53
1701053565, 0, 618, 817, 625, 131, 6.63%, 0, 0, 5, 15.84
1701053590, 0, 618, 818, 626, 131, 6.63%, 0, 0, 5, 14.36
1701053883, 0, 619, 818, 625, 131, 6.63%, 0, 0, 5, 14.56
1701054293, 0, 623, 818, 621, 127, 6.63%, 0, 0, 5, 16.60
1701054298, 0, 630, 818, 619, 125, 6.63%, 0, 0, 5, 16.57
1701054344, 0, 630, 819, 620, 125, 6.63%, 0, 0, 5, 15.62
1701054462, 0, 630, 820, 621, 125, 6.64%, 0, 0, 5, 24.92
1701054503, 0, 630, 821, 622, 125, 6.64%, 0, 0, 5, 16.37
1701054569, 0, 630, 822, 623, 125, 6.64%, 0, 0, 5, 18.46
1701054605, 0, 631, 822, 622, 128, 6.64%, 0, 0, 5, 13.03
1701054666, 0, 631, 823, 623, 128, 6.64%, 0, 0, 5, 12.64
1701054702, 0, 634, 823, 621, 126, 6.64%, 0, 0, 5, 15.15
1701054907, 0, 634, 824, 622, 126, 6.64%, 0, 0, 5, 15.52
1701054943, 0, 636, 824, 621, 125, 6.64%, 0, 0, 5, 13.49
1701054963, 0, 636, 825, 622, 125, 6.64%, 0, 0, 5, 13.89
1701055527, 0, 636, 826, 623, 125, 6.64%, 0, 0, 5, 14.39
1701055542, 0, 636, 827, 624, 125, 6.64%, 0, 0, 5, 14.54
1701055547, 0, 636, 828, 625, 125, 6.64%, 0, 0, 5, 14.22
1701055563, 0, 636, 829, 626, 125, 6.64%, 0, 0, 5, 14.45
1701055593, 0, 636, 830, 627, 125, 6.64%, 0, 0, 5, 15.36
1701055634, 0, 636, 831, 628, 125, 6.64%, 0, 0, 5, 12.73
1701055727, 0, 636, 832, 629, 125, 6.64%, 0, 0, 5, 13.53
1701055732, 0, 636, 833, 630, 125, 6.64%, 0, 0, 5, 14.07
1701055998, 0, 638, 833, 629, 125, 6.64%, 0, 0, 5, 10.51
1701056003, 0, 638, 834, 630, 125, 6.64%, 0, 0, 5, 11.68
1701056008, 0, 638, 835, 631, 125, 6.64%, 0, 0, 5, 11.56
1701056325, 0, 638, 836, 632, 125, 6.64%, 0, 0, 5, 12.83
1701056361, 0, 639, 836, 631, 125, 6.64%, 0, 0, 5, 13.61
1701056412, 0, 644, 836, 630, 124, 6.64%, 0, 0, 5, 15.91
1701056422, 0, 644, 837, 631, 124, 6.64%, 0, 0, 5, 17.33
1701056494, 0, 644, 838, 632, 124, 6.64%, 0, 0, 5, 14.78
1701056535, 0, 646, 838, 631, 123, 6.64%, 0, 0, 5, 20.93
1701056611, 0, 648, 838, 630, 122, 6.64%, 0, 0, 5, 29.61
1701057046, 0, 648, 839, 631, 122, 6.64%, 0, 0, 5, 17.92
1701057097, 0, 649, 839, 630, 123, 6.64%, 0, 0, 5, 29.92
1701057536, 0, 649, 840, 631, 123, 6.64%, 0, 0, 5, 20.41
1701057567, 0, 651, 840, 630, 123, 6.64%, 0, 0, 5, 21.05
1701057613, 0, 651, 841, 631, 123, 6.64%, 0, 0, 5, 35.24
1701058002, 0, 652, 841, 630, 123, 6.64%, 0, 0, 5, 28.15
1701058012, 0, 652, 842, 631, 123, 6.65%, 0, 0, 5, 37.45
1701058309, 0, 652, 843, 632, 123, 6.65%, 0, 0, 5, 30.47
1701058334, 0, 652, 845, 634, 123, 6.66%, 0, 0, 5, 30.39
1701058462, 0, 653, 846, 634, 126, 6.66%, 0, 0, 5, 19.19
1701058652, 0, 657, 846, 633, 126, 6.66%, 0, 0, 5, 13.85
1701058733, 0, 657, 847, 634, 126, 6.66%, 0, 0, 5, 16.74
1701058820, 0, 657, 848, 635, 126, 6.66%, 0, 0, 5, 22.21
1701059510, 0, 658, 848, 634, 125, 6.66%, 0, 0, 5, 15.03
1701059515, 0, 661, 848, 632, 123, 6.66%, 0, 0, 5, 14.50
1701059520, 0, 663, 848, 630, 121, 6.66%, 0, 0, 5, 14.17
1701059638, 0, 663, 849, 631, 121, 6.66%, 0, 0, 5, 24.37
1701060351, 0, 664, 849, 630, 120, 6.66%, 0, 0, 5, 15.20
1701060356, 0, 678, 849, 629, 119, 6.66%, 0, 0, 5, 15.66
1701064086, 0, 678, 850, 630, 119, 6.66%, 0, 0, 5, 15.25
1701064096, 0, 678, 851, 631, 119, 6.66%, 0, 0, 5, 15.92
1701064193, 0, 683, 851, 630, 119, 6.66%, 0, 0, 5, 13.78
1701064530, 0, 683, 852, 631, 119, 6.68%, 0, 0, 5, 16.85
1701064894, 0, 683, 853, 632, 119, 6.68%, 0, 0, 5, 16.65
1701065591, 0, 683, 854, 633, 119, 6.68%, 0, 0, 5, 13.89
1701065647, 0, 683, 855, 634, 119, 6.68%, 0, 0, 5, 13.23
1701065652, 0, 683, 856, 635, 119, 6.69%, 0, 0, 5, 12.74
1701068788, 0, 683, 857, 636, 119, 6.69%, 0, 0, 5, 16.14
1701068793, 0, 683, 858, 637, 119, 6.69%, 0, 0, 5, 16.00
1701068798, 0, 683, 859, 638, 119, 6.69%, 0, 0, 5, 15.18
1701068803, 0, 683, 860, 639, 119, 6.69%, 0, 0, 5, 15.85
1701068819, 0, 683, 862, 641, 119, 6.69%, 0, 0, 5, 14.69
1701068834, 0, 683, 863, 642, 119, 6.70%, 0, 0, 5, 14.71
1701068896, 0, 683, 864, 643, 119, 6.70%, 0, 0, 5, 14.77
1701068937, 0, 683, 865, 644, 119, 6.70%, 0, 0, 5, 15.84
1701068942, 0, 683, 866, 645, 119, 6.70%, 0, 0, 5, 15.71
1701068952, 0, 683, 867, 646, 119, 6.70%, 0, 0, 5, 15.04
1701069024, 0, 683, 868, 647, 119, 6.70%, 0, 0, 5, 15.95
1701069070, 0, 683, 869, 648, 119, 6.71%, 0, 0, 5, 11.51
1701069111, 0, 683, 870, 649, 119, 6.71%, 0, 0, 5, 15.15
1701069131, 0, 686, 870, 648, 134, 6.71%, 0, 0, 5, 17.47
1701069136, 0, 686, 871, 649, 134, 6.71%, 0, 0, 5, 17.91
1701069703, 0, 686, 872, 650, 134, 6.71%, 0, 0, 5, 17.76
1701072327, 0, 686, 873, 651, 134, 6.71%, 0, 0, 5, 16.83
1701072368, 0, 687, 873, 650, 135, 6.71%, 0, 0, 5, 14.12
1701072567, 0, 687, 874, 651, 135, 6.71%, 0, 0, 5, 11.64
1701072804, 0, 687, 875, 652, 135, 6.71%, 0, 0, 5, 14.12
1701073536, 0, 687, 876, 653, 135, 6.71%, 0, 0, 5, 16.51
1701074913, 0, 687, 877, 654, 135, 6.71%, 0, 0, 5, 15.85
1701074948, 0, 688, 877, 653, 136, 6.71%, 0, 0, 5, 13.92
1701076669, 0, 688, 878, 654, 136, 6.71%, 0, 0, 5, 14.97
1701076721, 0, 689, 878, 653, 135, 6.71%, 0, 0, 5, 13.30
1701076726, 0, 690, 878, 652, 134, 6.71%, 0, 0, 5, 14.15
1701076736, 0, 691, 878, 651, 133, 6.71%, 0, 0, 5, 15.24
1701076844, 0, 691, 879, 652, 133, 6.71%, 0, 0, 5, 15.20
1701078107, 0, 691, 880, 653, 133, 6.72%, 0, 0, 5, 14.38
1701078343, 0, 691, 881, 654, 133, 6.72%, 0, 0, 5, 16.28
1701078797, 0, 691, 882, 655, 133, 6.72%, 0, 0, 5, 15.65
1701078808, 0, 691, 883, 656, 133, 6.72%, 0, 0, 5, 15.40
1701078849, 0, 691, 884, 657, 133, 6.74%, 0, 0, 5, 16.40
1701078890, 0, 691, 885, 658, 133, 6.74%, 0, 0, 5, 14.80
1701078910, 0, 691, 886, 659, 133, 6.74%, 0, 0, 5, 13.91
1701079218, 0, 692, 886, 658, 136, 6.74%, 0, 0, 5, 15.97
1701080902, 0, 693, 886, 657, 135, 6.74%, 0, 0, 5, 15.76
1701080907, 0, 694, 886, 656, 134, 6.74%, 0, 0, 5, 14.32
1701080928, 0, 694, 887, 657, 134, 6.74%, 0, 0, 5, 16.48
1701080938, 0, 694, 888, 658, 134, 6.75%, 0, 0, 5, 15.52
1701080984, 0, 694, 890, 660, 134, 6.76%, 0, 0, 5, 16.70
1701081030, 0, 694, 891, 661, 134, 6.76%, 0, 0, 5, 13.87
1701081122, 0, 694, 892, 662, 134, 6.77%, 0, 0, 5, 15.96
1701081184, 0, 694, 893, 663, 134, 6.77%, 0, 0, 5, 15.39
1701081307, 0, 694, 894, 664, 134, 6.78%, 0, 0, 5, 14.93
1701081374, 0, 694, 895, 665, 134, 6.79%, 0, 0, 5, 15.25
1701081497, 0, 694, 896, 666, 134, 6.79%, 0, 0, 5, 16.37
1701081502, 0, 694, 897, 667, 134, 6.79%, 0, 0, 5, 16.25
1701081686, 0, 694, 898, 668, 134, 6.80%, 0, 0, 5, 15.72
1701081886, 0, 694, 899, 669, 134, 6.80%, 0, 0, 5, 15.69
1701082331, 0, 697, 899, 668, 146, 6.80%, 0, 0, 5, 15.46
1701082336, 0, 697, 900, 669, 146, 6.80%, 0, 0, 5, 21.02
1701082347, 0, 697, 901, 670, 146, 6.80%, 0, 0, 5, 17.48
1701082418, 0, 697, 902, 671, 146, 6.80%, 0, 0, 5, 11.73
1701082443, 0, 697, 903, 672, 146, 6.80%, 0, 0, 5, 15.52
1701082453, 0, 697, 904, 673, 146, 6.80%, 0, 0, 5, 15.84
1701082530, 0, 697, 905, 674, 146, 6.80%, 0, 0, 5, 15.65
1701082576, 0, 697, 906, 675, 146, 6.80%, 0, 0, 5, 14.55
1701082883, 0, 698, 906, 674, 148, 6.80%, 0, 0, 5, 22.15
1701083323, 0, 702, 906, 672, 146, 6.80%, 0, 0, 5, 19.25
1701083328, 0, 702, 907, 673, 146, 6.80%, 0, 0, 5, 16.24
1701084392, 0, 708, 907, 670, 144, 6.80%, 0, 0, 5, 14.21
1701084622, 0, 708, 908, 671, 144, 6.80%, 0, 0, 5, 13.02
1701084775, 0, 712, 909, 669, 142, 6.80%, 0, 0, 5, 14.11
1701085083, 0, 712, 910, 670, 142, 6.80%, 0, 0, 5, 13.55
1701085134, 0, 712, 911, 671, 142, 6.80%, 0, 0, 5, 12.28
1701085144, 0, 712, 912, 672, 142, 6.81%, 0, 0, 5, 12.74
1701085246, 0, 712, 913, 673, 142, 6.81%, 0, 0, 5, 13.89
1701085256, 0, 712, 914, 674, 142, 6.81%, 0, 0, 5, 14.30
1701085292, 0, 712, 915, 675, 142, 6.81%, 0, 0, 5, 15.36
1701085297, 0, 712, 916, 676, 142, 6.81%, 0, 0, 5, 14.40
1701085481, 0, 712, 917, 677, 142, 6.81%, 0, 0, 5, 15.07
1701085558, 0, 717, 917, 676, 144, 6.81%, 0, 0, 5, 13.69
1701085804, 0, 717, 918, 677, 144, 6.81%, 0, 0, 5, 14.79
1701085840, 0, 718, 918, 676, 143, 6.81%, 0, 0, 5, 14.69
1701086136, 0, 722, 918, 675, 142, 6.81%, 0, 0, 5, 13.98
1701086152, 0, 722, 919, 676, 142, 6.81%, 0, 0, 5, 14.16
1701086157, 0, 722, 920, 677, 142, 6.81%, 0, 0, 5, 15.14
1701086218, 0, 722, 921, 678, 142, 6.81%, 0, 0, 5, 13.72
1701086299, 0, 722, 922, 679, 142, 6.81%, 0, 0, 5, 14.25
1701086622, 0, 722, 923, 680, 142, 6.81%, 0, 0, 5, 14.15
1701086663, 0, 723, 923, 679, 143, 6.81%, 0, 0, 5, 15.38
1701087180, 0, 724, 923, 678, 143, 6.81%, 0, 0, 5, 14.58
1701087333, 0, 725, 923, 677, 142, 6.81%, 0, 0, 5, 14.00
1701087491, 0, 729, 923, 676, 141, 6.81%, 0, 0, 5, 15.94
1701087502, 0, 729, 924, 677, 141, 6.81%, 0, 0, 5, 17.15
1701087706, 0, 729, 925, 678, 141, 6.82%, 0, 0, 5, 17.97
1701088781, 0, 730, 925, 677, 141, 6.82%, 0, 0, 5, 16.13
1701089375, 0, 730, 926, 678, 141, 6.82%, 0, 0, 5, 17.41
1701090044, 0, 730, 927, 679, 141, 6.85%, 0, 0, 5, 17.62
1701090090, 0, 730, 928, 680, 141, 6.85%, 0, 0, 5, 16.58
1701090146, 0, 736, 928, 679, 142, 6.85%, 0, 0, 5, 15.22
1701090151, 0, 739, 928, 677, 140, 6.85%, 0, 0, 5, 20.07
1701091452, 0, 741, 928, 675, 138, 6.85%, 0, 0, 5, 22.95
1701091457, 0, 749, 928, 672, 135, 6.85%, 0, 0, 5, 24.63
1701091980, 0, 751, 928, 671, 134, 6.85%, 0, 0, 5, 21.35
1701092527, 0, 752, 928, 670, 133, 6.85%, 0, 0, 5, 19.88
1701092568, 0, 752, 929, 671, 133, 6.88%, 0, 0, 5, 20.50
1701092834, 0, 753, 929, 670, 133, 6.88%, 0, 0, 5, 17.72
1701092839, 0, 755, 929, 668, 131, 6.88%, 0, 0, 5, 15.53
1701092845, 0, 758, 929, 665, 128, 6.88%, 0, 0, 5, 14.07
1701092850, 0, 759, 929, 664, 127, 6.88%, 0, 0, 5, 13.39
1701093962, 0, 761, 929, 663, 126, 6.88%, 0, 0, 5, 16.73
1701094418, 0, 763, 929, 661, 124, 6.88%, 0, 0, 5, 17.16
1701094423, 0, 763, 930, 662, 124, 6.90%, 0, 0, 5, 23.62
1701094433, 0, 763, 931, 663, 124, 6.90%, 0, 0, 5, 20.52
1701094443, 0, 763, 932, 664, 124, 6.90%, 0, 0, 5, 20.10
1701095225, 0, 763, 933, 665, 124, 6.90%, 0, 0, 5, 18.20
1701095230, 0, 763, 935, 667, 124, 6.90%, 0, 0, 5, 15.81
1701095431, 0, 764, 935, 666, 126, 6.90%, 0, 0, 5, 16.30
1701095436, 0, 765, 935, 665, 125, 6.90%, 0, 0, 5, 32.44
1701095441, 0, 765, 936, 666, 125, 6.90%, 0, 0, 5, 40.38
1701095502, 0, 765, 937, 667, 125, 6.90%, 0, 0, 5, 45.87
1701095711, 0, 767, 937, 666, 125, 6.90%, 0, 0, 5, 21.16
1701095716, 0, 768, 937, 665, 124, 6.90%, 0, 0, 5, 27.69
1701095813, 0, 768, 938, 666, 124, 6.90%, 0, 0, 5, 40.36
1701095818, 0, 768, 939, 667, 124, 6.90%, 0, 0, 5, 45.56
1701096052, 0, 768, 940, 668, 124, 6.90%, 0, 0, 5, 32.88
1701096169, 0, 771, 940, 667, 125, 6.90%, 0, 0, 5, 23.67
1701096287, 0, 771, 943, 670, 125, 6.91%, 0, 0, 5, 42.60
1701096817, 0, 773, 943, 669, 125, 6.91%, 0, 0, 5, 25.10
1701096827, 0, 773, 944, 670, 125, 6.91%, 0, 0, 5, 28.05
1701096848, 0, 773, 945, 671, 125, 6.91%, 0, 0, 5, 26.23
1701096940, 0, 773, 946, 672, 125, 6.91%, 0, 0, 5, 39.44
1701096960, 0, 773, 947, 673, 125, 6.91%, 0, 0, 5, 42.38
1701097103, 0, 773, 949, 675, 125, 6.91%, 0, 0, 5, 35.67
1701097480, 0, 775, 949, 674, 130, 6.91%, 0, 0, 5, 27.26
1701097491, 0, 775, 950, 675, 130, 6.91%, 0, 0, 5, 40.44
1701098117, 0, 776, 950, 674, 129, 6.91%, 0, 0, 5, 25.48
1701098122, 0, 782, 950, 671, 126, 6.91%, 0, 0, 5, 26.59
1701098714, 0, 783, 950, 670, 125, 6.91%, 0, 0, 5, 21.03
1701098729, 0, 783, 951, 671, 125, 6.92%, 0, 0, 5, 24.74
1701098928, 0, 783, 952, 672, 125, 6.92%, 0, 0, 5, 22.89
1701099866, 0, 784, 952, 671, 126, 6.92%, 0, 0, 5, 21.31
1701100534, 0, 784, 953, 672, 126, 6.92%, 0, 0, 5, 21.74
1701100805, 0, 784, 954, 673, 126, 6.92%, 0, 0, 5, 17.51
1701100846, 0, 785, 954, 672, 126, 6.92%, 0, 0, 5, 19.24
1701101938, 0, 786, 954, 671, 125, 6.92%, 0, 0, 5, 19.82
1701102930, 0, 787, 954, 670, 124, 6.92%, 0, 0, 5, 20.27
1701104182, 0, 788, 954, 669, 123, 6.92%, 0, 0, 5, 19.26
1701105890, 0, 789, 954, 668, 122, 6.92%, 0, 0, 5, 19.99
1701107118, 0, 791, 954, 667, 121, 6.92%, 0, 0, 5, 18.69
1701108218, 0, 792, 954, 666, 120, 6.92%, 0, 0, 5, 20.02
1701109326, 0, 793, 954, 665, 119, 6.92%, 0, 0, 5, 18.63
1701110411, 0, 793, 955, 666, 119, 6.92%, 0, 0, 5, 16.47
1701110462, 0, 795, 955, 664, 118, 6.92%, 0, 0, 5, 17.45
1701110467, 0, 798, 955, 663, 117, 6.92%, 0, 0, 5, 19.01
1701111546, 0, 799, 955, 662, 116, 6.92%, 0, 0, 5, 24.46
1701111556, 0, 799, 956, 663, 116, 6.93%, 0, 0, 6, 37.75
1701111576, 0, 799, 958, 665, 116, 6.94%, 0, 0, 6, 42.85
1701111699, 0, 799, 959, 666, 116, 6.94%, 0, 0, 6, 40.90
1701112047, 0, 799, 960, 667, 116, 6.95%, 0, 0, 6, 39.00
1701112226, 0, 799, 961, 668, 116, 6.95%, 0, 0, 6, 24.24
1701112272, 0, 799, 962, 669, 116, 6.95%, 0, 0, 6, 21.72
1701112328, 0, 799, 963, 670, 116, 6.95%, 0, 0, 6, 24.68
1701112390, 0, 799, 964, 671, 116, 6.95%, 0, 0, 6, 21.93
1701112462, 0, 801, 964, 669, 120, 6.95%, 0, 0, 6, 21.37
1701112472, 0, 801, 965, 670, 120, 6.95%, 0, 0, 6, 25.24
1701113153, 0, 802, 965, 669, 120, 6.95%, 0, 0, 6, 18.19
1701114586, 0, 803, 965, 668, 119, 6.95%, 0, 0, 6, 30.22
1701114601, 0, 803, 966, 669, 119, 6.95%, 0, 0, 6, 39.56
1701114964, 0, 804, 966, 668, 119, 6.95%, 0, 0, 6, 16.66
1701115322, 0, 804, 967, 669, 119, 6.95%, 0, 0, 6, 15.52
1701115353, 0, 806, 967, 668, 119, 6.95%, 0, 0, 6, 30.48
1701115706, 0, 811, 967, 664, 115, 6.95%, 0, 0, 6, 18.32
1701115951, 0, 813, 967, 663, 114, 6.95%, 0, 0, 6, 10.68
1701116002, 0, 813, 968, 664, 114, 6.95%, 0, 0, 6, 12.93
1701116305, 0, 813, 969, 665, 114, 6.95%, 0, 0, 6, 14.20
1701116366, 0, 814, 971, 666, 113, 6.95%, 0, 0, 6, 12.98
1701116371, 0, 814, 972, 667, 113, 6.95%, 0, 0, 6, 11.47
1701116585, 0, 814, 973, 668, 113, 6.95%, 0, 0, 6, 11.49
1701116631, 0, 816, 973, 666, 113, 6.95%, 0, 0, 6, 13.20
1701116637, 0, 816, 976, 669, 113, 6.95%, 0, 0, 6, 28.15
1701117149, 0, 817, 976, 668, 114, 6.95%, 0, 0, 6, 18.47
1701117440, 0, 818, 976, 667, 113, 6.95%, 0, 0, 6, 13.29
1701117465, 0, 818, 977, 668, 113, 6.95%, 0, 0, 6, 14.24
1701117471, 0, 818, 978, 669, 113, 6.95%, 0, 0, 6, 14.72
1701117766, 0, 818, 979, 670, 113, 6.95%, 0, 0, 6, 13.86
1701117941, 0, 818, 980, 671, 113, 6.95%, 0, 0, 6, 14.11
1701117971, 0, 818, 981, 672, 113, 6.96%, 0, 0, 6, 11.77
1701117992, 0, 818, 982, 673, 113, 6.96%, 0, 0, 6, 13.57
1701118017, 0, 818, 983, 674, 113, 6.96%, 0, 0, 6, 13.20
1701118175, 0, 818, 984, 675, 113, 6.96%, 0, 0, 6, 15.81
1701118217, 0, 818, 985, 676, 113, 6.96%, 0, 0, 6, 14.49
1701118242, 0, 818, 986, 677, 113, 6.96%, 0, 0, 6, 14.37
1701118309, 0, 831, 986, 673, 111, 6.96%, 0, 0, 6, 16.43
1701118539, 0, 835, 986, 672, 110, 6.96%, 0, 0, 6, 14.30
1701119067, 0, 836, 986, 671, 109, 6.96%, 0, 0, 6, 13.34
1701119154, 0, 836, 987, 672, 109, 6.96%, 0, 0, 6, 12.67
1701119185, 0, 838, 987, 671, 109, 6.96%, 0, 0, 6, 17.44
1701119577, 0, 838, 988, 672, 109, 6.96%, 0, 0, 6, 30.51
1701119649, 0, 838, 989, 673, 109, 6.96%, 0, 0, 6, 16.70
1701119680, 0, 838, 990, 674, 109, 6.96%, 0, 0, 6, 19.91
1701119767, 0, 839, 990, 673, 111, 6.96%, 0, 0, 6, 13.27
1701120043, 0, 839, 991, 674, 111, 6.96%, 0, 0, 6, 13.85
1701120242, 0, 844, 991, 669, 107, 6.96%, 0, 0, 6, 25.20
1701120247, 0, 848, 991, 666, 104, 6.96%, 0, 0, 6, 19.88
1701120999, 0, 850, 991, 665, 103, 6.96%, 0, 0, 6, 16.92
1701125097, 0, 851, 991, 664, 102, 6.96%, 0, 0, 6, 15.60
