# unix_time, cycles_done, cur_path, paths_total, pending_total, pending_favs, map_size, unique_crashes, unique_hangs, max_depth, execs_per_sec
1701298087, 0, 0, 1, 1, 1, 1.63%, 0, 0, 1, 8.60
1701298097, 0, 0, 4, 4, 1, 1.65%, 0, 0, 2, 9.07
1701298102, 0, 0, 7, 7, 1, 1.75%, 0, 0, 2, 11.11
1701298107, 0, 0, 10, 10, 1, 1.75%, 0, 0, 2, 9.93
1701298112, 0, 0, 14, 14, 1, 1.76%, 0, 0, 2, 9.78
1701298117, 0, 0, 18, 18, 1, 1.77%, 0, 0, 2, 9.19
1701298133, 0, 0, 19, 19, 1, 1.77%, 0, 0, 2, 9.85
1701298240, 0, 0, 20, 20, 1, 1.77%, 0, 0, 2, 8.18
1701298250, 0, 0, 21, 21, 1, 1.77%, 0, 0, 2, 10.21
1701298260, 0, 0, 22, 22, 1, 1.77%, 0, 0, 2, 10.08
1701298357, 0, 0, 23, 23, 1, 1.77%, 0, 0, 2, 10.16
1701298362, 0, 0, 25, 25, 1, 1.78%, 0, 0, 2, 10.79
1701298479, 0, 0, 26, 26, 1, 1.78%, 0, 0, 2, 10.63
1701298485, 0, 0, 27, 27, 1, 1.78%, 0, 0, 2, 11.41
1701298546, 0, 0, 29, 29, 1, 1.78%, 0, 0, 2, 11.36
1701298557, 0, 0, 30, 30, 1, 1.78%, 0, 0, 2, 9.82
1701298562, 0, 0, 31, 31, 1, 1.78%, 0, 0, 2, 10.06
1701298706, 0, 0, 32, 32, 1, 1.78%, 0, 0, 2, 9.29
1701298768, 0, 0, 34, 34, 1, 1.79%, 0, 0, 2, 8.88
1701298773, 0, 0, 35, 35, 1, 1.79%, 0, 0, 2, 8.62
1701298778, 0, 0, 36, 36, 1, 1.79%, 0, 0, 2, 8.76
1701298814, 0, 0, 37, 37, 1, 1.79%, 0, 0, 2, 11.46
1701298948, 0, 0, 38, 38, 1, 1.79%, 0, 0, 2, 11.72
1701298954, 0, 0, 39, 39, 1, 1.79%, 0, 0, 2, 11.17
1701299159, 0, 0, 42, 42, 1, 1.79%, 0, 0, 2, 10.89
1701299164, 0, 0, 43, 43, 1, 1.79%, 0, 0, 2, 10.54
1701299174, 0, 0, 48, 48, 1, 1.79%, 0, 0, 2, 9.94
1701299179, 0, 0, 52, 52, 1, 1.79%, 0, 0, 2, 8.80
1701299184, 0, 0, 54, 54, 1, 1.79%, 0, 0, 2, 8.97
1701299190, 0, 0, 57, 57, 1, 1.79%, 0, 0, 2, 10.97
1701299195, 0, 0, 60, 60, 1, 1.80%, 0, 0, 2, 11.41
1701299200, 0, 0, 63, 63, 1, 1.80%, 0, 0, 2, 12.00
1701299205, 0, 0, 68, 68, 1, 1.80%, 0, 0, 2, 10.25
1701299210, 0, 0, 71, 71, 1, 1.80%, 0, 0, 2, 9.54
1701299221, 0, 0, 72, 72, 1, 1.80%, 0, 0, 2, 11.71
1701299226, 0, 0, 77, 77, 1, 2.24%, 0, 0, 2, 11.79
1701299241, 0, 0, 79, 79, 1, 2.24%, 0, 0, 2, 11.51
1701299246, 0, 0, 80, 80, 1, 2.24%, 0, 0, 2, 10.21
1701299251, 0, 0, 81, 81, 1, 2.24%, 0, 0, 2, 9.76
1701299267, 0, 0, 82, 82, 1, 2.24%, 0, 0, 2, 9.33
1701299277, 0, 0, 85, 85, 1, 2.24%, 0, 0, 2, 10.05
1701299282, 0, 0, 86, 86, 1, 2.24%, 0, 0, 2, 9.11
1701299292, 0, 0, 87, 87, 1, 2.24%, 0, 0, 2, 11.56
1701299297, 0, 0, 88, 88, 1, 2.24%, 0, 0, 2, 11.79
1701299302, 0, 0, 89, 89, 1, 2.24%, 0, 0, 2, 12.18
1701299308, 0, 0, 90, 90, 1, 2.24%, 0, 0, 2, 12.47
1701299318, 0, 0, 91, 91, 1, 2.24%, 0, 0, 2, 11.77
1701299333, 0, 0, 92, 92, 1, 2.24%, 0, 0, 2, 10.16
1701299344, 0, 0, 93, 93, 1, 2.24%, 0, 0, 2, 8.55
1701299359, 0, 0, 95, 95, 1, 2.24%, 0, 0, 2, 9.47
1701299364, 0, 0, 97, 97, 1, 2.24%, 0, 0, 2, 10.70
1701299369, 0, 0, 99, 99, 1, 2.24%, 0, 0, 2, 10.32
1701299385, 0, 0, 100, 100, 1, 2.24%, 0, 0, 2, 10.29
1701299390, 0, 0, 101, 101, 1, 2.24%, 0, 0, 2, 11.54
1701299410, 0, 0, 103, 103, 1, 2.24%, 0, 0, 2, 11.74
1701299421, 0, 0, 104, 104, 1, 2.24%, 0, 0, 2, 8.61
1701299426, 0, 0, 105, 105, 1, 2.24%, 0, 0, 2, 9.25
1701299431, 0, 0, 106, 106, 1, 2.24%, 0, 0, 2, 11.47
1701299436, 0, 0, 107, 107, 1, 2.24%, 0, 0, 2, 10.98
1701299471, 0, 0, 108, 108, 1, 2.24%, 0, 0, 2, 10.10
1701299492, 0, 0, 109, 109, 1, 2.24%, 0, 0, 2, 11.17
1701299517, 0, 0, 110, 110, 1, 2.24%, 0, 0, 2, 11.41
1701299522, 0, 0, 111, 111, 1, 2.24%, 0, 0, 2, 11.03
1701299533, 0, 7, 111, 110, 20, 2.24%, 0, 0, 2, 11.27
1701300584, 0, 24, 111, 109, 19, 2.24%, 0, 0, 2, 11.06
1701300990, 0, 24, 112, 110, 19, 2.24%, 0, 0, 3, 11.43
1701300995, 0, 24, 113, 111, 19, 2.24%, 0, 0, 3, 12.45
1701301143, 0, 24, 114, 112, 19, 2.24%, 0, 0, 3, 9.61
1701301615, 0, 24, 115, 113, 19, 2.24%, 0, 0, 3, 10.80
1701301620, 0, 24, 116, 114, 19, 2.24%, 0, 0, 3, 9.50
1701301645, 0, 24, 117, 115, 19, 2.24%, 0, 0, 3, 9.94
1701301692, 0, 27, 117, 114, 19, 2.24%, 0, 0, 3, 9.45
1701302703, 0, 27, 119, 116, 19, 2.24%, 0, 0, 3, 11.63
1701302713, 0, 27, 120, 117, 19, 2.24%, 0, 0, 3, 10.08
1701302718, 0, 27, 121, 118, 19, 2.24%, 0, 0, 3, 9.62
1701302723, 0, 27, 122, 119, 19, 2.24%, 0, 0, 3, 11.78
1701302769, 0, 27, 123, 120, 19, 2.24%, 0, 0, 3, 9.83
1701302779, 0, 27, 124, 121, 19, 2.24%, 0, 0, 3, 9.87
1701302826, 0, 27, 125, 122, 19, 2.47%, 0, 0, 3, 9.63
1701302841, 0, 27, 126, 123, 19, 2.47%, 0, 0, 3, 9.00
1701302851, 0, 27, 127, 124, 19, 2.47%, 0, 0, 3, 9.47
1701302862, 0, 27, 128, 125, 19, 2.47%, 0, 0, 3, 9.44
1701302882, 0, 27, 130, 127, 19, 2.48%, 0, 0, 3, 10.39
1701302908, 0, 27, 131, 128, 19, 2.48%, 0, 0, 3, 10.43
1701302929, 0, 27, 132, 129, 19, 2.48%, 0, 0, 3, 10.49
1701302934, 0, 27, 133, 130, 19, 2.48%, 0, 0, 3, 11.43
1701302974, 0, 27, 134, 131, 19, 2.48%, 0, 0, 3, 11.93
1701302980, 0, 27, 135, 132, 19, 2.48%, 0, 0, 3, 12.07
1701302995, 0, 27, 136, 133, 19, 2.48%, 0, 0, 3, 10.64
1701303026, 0, 28, 136, 132, 21, 2.48%, 0, 0, 3, 9.47
1701304098, 0, 28, 137, 133, 21, 2.48%, 0, 0, 3, 7.88
1701304103, 0, 28, 138, 134, 21, 2.48%, 0, 0, 3, 7.86
1701304108, 0, 28, 139, 135, 21, 2.48%, 0, 0, 3, 8.45
1701304118, 0, 28, 140, 136, 21, 2.48%, 0, 0, 3, 11.06
1701304159, 0, 28, 141, 137, 21, 2.48%, 0, 0, 3, 10.35
1701304165, 0, 28, 142, 138, 21, 2.48%, 0, 0, 3, 10.90
1701304170, 0, 28, 143, 139, 21, 2.48%, 0, 0, 3, 10.40
1701304180, 0, 28, 144, 140, 21, 2.48%, 0, 0, 3, 11.21
1701304195, 0, 28, 145, 141, 21, 2.48%, 0, 0, 3, 11.07
1701304226, 0, 28, 146, 142, 21, 2.48%, 0, 0, 3, 9.34
1701304236, 0, 28, 147, 143, 21, 2.48%, 0, 0, 3, 8.72
1701304262, 0, 28, 148, 144, 21, 2.48%, 0, 0, 3, 11.56
1701304298, 0, 28, 149, 145, 21, 2.48%, 0, 0, 3, 10.38
1701304344, 0, 28, 150, 146, 21, 2.48%, 0, 0, 3, 8.90
1701304421, 0, 29, 150, 145, 22, 2.48%, 0, 0, 3, 11.21
1701305460, 0, 29, 151, 146, 22, 2.48%, 0, 0, 3, 9.13
1701305481, 0, 44, 151, 145, 22, 2.48%, 0, 0, 3, 10.57
1701305497, 0, 49, 151, 144, 21, 2.48%, 0, 0, 3, 11.15
1701305906, 0, 53, 151, 143, 20, 2.48%, 0, 0, 3, 8.89
1701306587, 0, 59, 151, 142, 19, 2.48%, 0, 0, 3, 9.84
1701307827, 0, 59, 152, 143, 19, 2.48%, 0, 0, 3, 8.74
1701308287, 0, 59, 153, 144, 19, 2.48%, 0, 0, 3, 9.66
1701308297, 0, 59, 155, 146, 19, 2.48%, 0, 0, 3, 8.68
1701308528, 0, 59, 156, 147, 19, 2.48%, 0, 0, 3, 10.49
1701309264, 0, 59, 158, 149, 19, 2.48%, 0, 0, 3, 9.59
1701309285, 0, 59, 159, 150, 19, 2.48%, 0, 0, 3, 10.46
1701309295, 0, 59, 160, 151, 19, 2.48%, 0, 0, 3, 11.01
1701309310, 0, 59, 162, 153, 19, 2.48%, 0, 0, 3, 9.81
1701309315, 0, 59, 163, 154, 19, 2.48%, 0, 0, 3, 9.69
1701309321, 0, 59, 164, 155, 19, 2.48%, 0, 0, 3, 10.13
1701309331, 0, 59, 165, 156, 19, 2.48%, 0, 0, 3, 9.88
1701309351, 0, 59, 166, 157, 19, 2.48%, 0, 0, 3, 11.52
1701309362, 0, 59, 167, 158, 19, 2.48%, 0, 0, 3, 11.27
1701309377, 0, 59, 168, 159, 19, 2.48%, 0, 0, 3, 10.26
1701309392, 0, 59, 169, 160, 19, 2.48%, 0, 0, 3, 8.41
1701309428, 0, 59, 171, 162, 19, 2.48%, 0, 0, 3, 8.64
1701309434, 0, 59, 172, 163, 19, 2.48%, 0, 0, 3, 10.04
1701309439, 0, 59, 173, 164, 19, 2.48%, 0, 0, 3, 10.74
1701309459, 0, 59, 174, 165, 19, 2.48%, 0, 0, 3, 10.39
1701309490, 0, 59, 175, 166, 19, 2.48%, 0, 0, 3, 10.12
1701309496, 0, 59, 176, 167, 19, 2.48%, 0, 0, 3, 11.07
1701309501, 0, 59, 177, 168, 19, 2.48%, 0, 0, 3, 11.37
1701309568, 0, 59, 178, 169, 19, 2.48%, 0, 0, 3, 10.99
1701309588, 0, 70, 178, 168, 19, 2.48%, 0, 0, 3, 9.91
1701309603, 0, 70, 179, 169, 19, 2.48%, 0, 0, 3, 9.59
1701309609, 0, 70, 180, 170, 19, 2.48%, 0, 0, 3, 10.42
1701309675, 0, 70, 182, 172, 19, 2.48%, 0, 0, 3, 10.13
1701310404, 0, 70, 183, 173, 19, 2.48%, 0, 0, 3, 10.06
1701311087, 0, 74, 183, 172, 19, 2.48%, 0, 0, 3, 10.74
1701311102, 0, 74, 184, 173, 19, 2.48%, 0, 0, 3, 11.19
1701311256, 0, 75, 184, 172, 19, 2.48%, 0, 0, 3, 10.40
1701311369, 0, 75, 187, 175, 19, 2.56%, 0, 0, 3, 11.87
1701311375, 0, 75, 191, 179, 19, 2.57%, 0, 0, 3, 10.22
1701311380, 0, 75, 195, 183, 19, 2.66%, 0, 0, 3, 10.26
1701311385, 0, 75, 199, 187, 19, 2.70%, 0, 0, 3, 9.08
1701311390, 0, 75, 203, 191, 19, 2.71%, 0, 0, 3, 9.48
1701311395, 0, 75, 206, 194, 19, 2.72%, 0, 0, 3, 9.20
1701311400, 0, 75, 208, 196, 19, 2.72%, 0, 0, 3, 8.45
1701311405, 0, 75, 210, 198, 19, 2.72%, 0, 0, 3, 8.27
1701311411, 0, 75, 214, 202, 19, 2.72%, 0, 0, 3, 9.25
1701311416, 0, 75, 217, 205, 19, 2.72%, 0, 0, 3, 9.88
1701311421, 0, 75, 219, 207, 19, 2.72%, 0, 0, 3, 9.22
1701311426, 0, 75, 223, 211, 19, 2.72%, 0, 0, 3, 9.13
1701311431, 0, 75, 225, 213, 19, 2.73%, 0, 0, 3, 8.13
1701311436, 0, 75, 226, 214, 19, 2.73%, 0, 0, 3, 7.62
1701311549, 0, 75, 227, 215, 19, 2.75%, 0, 0, 3, 7.69
1701311570, 0, 75, 228, 216, 19, 2.75%, 0, 0, 3, 9.70
1701311687, 0, 75, 230, 218, 19, 2.75%, 0, 0, 3, 8.22
1701311693, 0, 75, 232, 220, 19, 2.75%, 0, 0, 3, 8.63
1701311703, 0, 75, 233, 221, 19, 2.75%, 0, 0, 3, 8.58
1701311713, 0, 75, 234, 222, 19, 2.75%, 0, 0, 3, 8.04
1701311718, 0, 75, 235, 223, 19, 2.76%, 0, 0, 3, 7.36
1701312149, 0, 75, 238, 226, 19, 2.76%, 0, 0, 3, 8.72
1701312154, 0, 75, 239, 227, 19, 2.76%, 0, 0, 3, 8.18
1701312165, 0, 75, 240, 228, 19, 2.76%, 0, 0, 3, 7.16
1701312191, 0, 75, 241, 229, 19, 2.76%, 0, 0, 3, 8.94
1701312206, 0, 75, 242, 230, 19, 2.76%, 0, 0, 3, 6.94
1701312237, 0, 75, 243, 231, 19, 2.76%, 0, 0, 3, 8.27
1701312283, 0, 75, 244, 232, 19, 2.76%, 0, 0, 3, 9.38
1701312329, 0, 75, 245, 233, 19, 2.76%, 0, 0, 3, 9.20
1701312334, 0, 75, 246, 234, 19, 2.76%, 0, 0, 3, 9.00
1701312339, 0, 75, 247, 235, 19, 2.76%, 0, 0, 3, 8.72
1701312350, 0, 75, 250, 238, 19, 2.76%, 0, 0, 3, 8.30
1701312355, 0, 75, 251, 239, 19, 2.76%, 0, 0, 3, 9.01
1701312365, 0, 75, 252, 240, 19, 2.76%, 0, 0, 3, 8.84
1701312370, 0, 75, 253, 241, 19, 2.76%, 0, 0, 3, 7.82
1701312375, 0, 75, 254, 242, 19, 2.77%, 0, 0, 3, 7.69
1701312386, 0, 75, 256, 244, 19, 2.77%, 0, 0, 3, 7.93
1701312391, 0, 75, 257, 245, 19, 2.77%, 0, 0, 3, 6.66
1701312396, 0, 75, 259, 247, 19, 2.77%, 0, 0, 3, 6.73
1701312499, 0, 75, 260, 248, 19, 2.77%, 0, 0, 3, 8.57
1701312720, 0, 75, 261, 249, 19, 2.77%, 0, 0, 3, 8.90
1701313161, 0, 75, 262, 250, 19, 2.77%, 0, 0, 3, 9.04
1701313223, 0, 75, 263, 251, 19, 2.77%, 0, 0, 3, 8.33
1701313321, 0, 75, 264, 252, 19, 2.77%, 0, 0, 3, 7.69
1701313336, 0, 75, 265, 253, 19, 2.77%, 0, 0, 3, 7.80
1701313346, 0, 75, 266, 254, 19, 2.77%, 0, 0, 3, 8.68
1701313352, 0, 75, 267, 255, 19, 2.77%, 0, 0, 3, 8.26
1701313362, 0, 75, 269, 257, 19, 2.77%, 0, 0, 3, 9.16
1701313367, 0, 75, 272, 260, 19, 2.77%, 0, 0, 3, 9.54
1701313372, 0, 75, 274, 262, 19, 2.77%, 0, 0, 3, 9.53
1701313382, 0, 75, 275, 263, 19, 2.77%, 0, 0, 3, 9.42
1701313387, 0, 75, 276, 264, 19, 2.77%, 0, 0, 3, 8.57
1701313392, 0, 75, 277, 265, 19, 2.77%, 0, 0, 3, 7.55
1701313398, 0, 75, 278, 266, 19, 2.77%, 0, 0, 3, 7.95
1701313413, 0, 75, 279, 267, 19, 2.77%, 0, 0, 3, 8.47
1701313428, 0, 75, 280, 268, 19, 2.77%, 0, 0, 3, 8.48
1701313433, 0, 75, 282, 270, 19, 2.77%, 0, 0, 3, 7.63
1701313444, 0, 75, 283, 271, 19, 2.77%, 0, 0, 3, 9.62
1701313454, 0, 75, 284, 272, 19, 2.77%, 0, 0, 3, 10.27
1701313464, 0, 75, 285, 273, 19, 2.77%, 0, 0, 3, 10.04
1701313469, 0, 75, 286, 274, 19, 2.77%, 0, 0, 3, 8.98
1701313474, 0, 75, 287, 275, 19, 2.77%, 0, 0, 3, 8.76
1701313489, 0, 75, 288, 276, 19, 2.77%, 0, 0, 3, 9.42
1701313495, 0, 75, 289, 277, 19, 2.77%, 0, 0, 3, 9.53
1701313500, 0, 75, 291, 279, 19, 2.77%, 0, 0, 3, 9.45
1701313510, 0, 75, 292, 280, 19, 2.77%, 0, 0, 3, 8.83
1701313530, 0, 75, 293, 281, 19, 2.77%, 0, 0, 3, 10.10
1701313535, 0, 75, 295, 283, 19, 2.77%, 0, 0, 3, 9.56
1701313541, 0, 75, 296, 284, 19, 2.77%, 0, 0, 3, 10.29
1701313561, 0, 75, 297, 285, 19, 2.77%, 0, 0, 3, 9.84
1701313566, 0, 75, 298, 286, 19, 2.77%, 0, 0, 3, 9.74
1701313571, 0, 75, 299, 287, 19, 2.77%, 0, 0, 3, 9.93
1701313581, 0, 75, 300, 288, 19, 2.77%, 0, 0, 3, 8.83
1701313592, 0, 75, 301, 289, 19, 2.77%, 0, 0, 3, 7.33
1701313597, 0, 75, 302, 290, 19, 2.77%, 0, 0, 3, 9.10
1701313602, 0, 75, 303, 291, 19, 2.77%, 0, 0, 3, 9.65
1701313607, 0, 75, 305, 293, 19, 2.77%, 0, 0, 3, 8.36
1701313612, 0, 75, 306, 294, 19, 2.77%, 0, 0, 3, 8.48
1701313638, 0, 75, 307, 295, 19, 2.77%, 0, 0, 3, 9.95
1701313679, 0, 75, 308, 296, 19, 2.77%, 0, 0, 3, 9.15
1701313684, 0, 75, 309, 297, 19, 2.78%, 0, 0, 3, 9.51
1701313689, 0, 75, 310, 298, 19, 2.78%, 0, 0, 3, 9.59
1701313700, 0, 75, 311, 299, 19, 2.78%, 0, 0, 3, 10.62
1701313705, 0, 75, 313, 301, 19, 2.78%, 0, 0, 3, 8.91
1701313710, 0, 75, 314, 302, 19, 2.78%, 0, 0, 3, 8.15
1701313751, 0, 88, 314, 301, 41, 2.78%, 0, 0, 3, 9.42
1701314950, 0, 88, 315, 302, 41, 2.78%, 0, 0, 3, 9.08
1701314966, 0, 106, 315, 301, 40, 2.78%, 0, 0, 3, 9.67
1701315725, 0, 111, 315, 300, 39, 2.78%, 0, 0, 3, 11.87
1701316166, 0, 111, 316, 301, 39, 2.78%, 0, 0, 4, 10.69
1701316780, 0, 124, 316, 300, 38, 2.78%, 0, 0, 4, 10.74
1701316801, 0, 124, 318, 302, 38, 2.78%, 0, 0, 4, 8.88
1701316811, 0, 124, 319, 303, 38, 2.78%, 0, 0, 4, 8.32
1701316940, 0, 124, 320, 304, 38, 2.78%, 0, 0, 4, 8.01
1701316976, 0, 124, 321, 305, 38, 2.78%, 0, 0, 4, 7.97
1701317114, 0, 124, 322, 306, 38, 2.81%, 0, 0, 4, 8.40
1701317396, 0, 124, 323, 307, 38, 2.82%, 0, 0, 4, 8.87
1701317751, 0, 124, 324, 308, 38, 2.82%, 0, 0, 4, 7.20
1701318680, 0, 124, 325, 309, 38, 2.82%, 0, 0, 4, 6.29
1701318721, 0, 124, 326, 310, 38, 2.82%, 0, 0, 4, 8.82
1701318731, 0, 124, 327, 311, 38, 2.82%, 0, 0, 4, 10.03
1701318737, 0, 124, 328, 312, 38, 2.82%, 0, 0, 4, 10.84
1701318757, 0, 131, 328, 311, 42, 2.82%, 0, 0, 4, 8.64
1701319447, 0, 131, 329, 312, 42, 2.82%, 0, 0, 4, 10.41
1701319457, 0, 131, 330, 313, 42, 2.82%, 0, 0, 4, 12.35
1701319463, 0, 131, 331, 314, 42, 2.82%, 0, 0, 4, 12.33
1701319473, 0, 131, 332, 315, 42, 2.82%, 0, 0, 4, 13.09
1701319488, 0, 131, 333, 316, 42, 2.82%, 0, 0, 4, 11.88
1701319554, 0, 131, 334, 317, 42, 2.82%, 0, 0, 4, 10.25
1701319692, 0, 131, 335, 318, 42, 2.82%, 0, 0, 4, 11.33
1701319744, 0, 132, 335, 317, 40, 2.82%, 0, 0, 4, 10.34
1701320790, 0, 133, 335, 316, 39, 2.82%, 0, 0, 4, 8.63
1701320892, 0, 133, 336, 317, 39, 2.82%, 0, 0, 4, 7.74
1701322009, 0, 133, 337, 318, 39, 2.82%, 0, 0, 4, 8.86
1701322014, 0, 133, 338, 319, 39, 2.82%, 0, 0, 4, 9.05
1701322045, 0, 140, 338, 318, 39, 2.82%, 0, 0, 4, 10.71
1701324218, 0, 142, 338, 317, 38, 2.82%, 0, 0, 4, 10.37
1701325131, 0, 144, 338, 316, 37, 2.82%, 0, 0, 4, 10.70
1701325157, 0, 144, 340, 318, 37, 2.82%, 0, 0, 4, 9.28
1701325162, 0, 144, 341, 319, 37, 2.82%, 0, 0, 4, 9.43
1701326388, 0, 149, 341, 318, 36, 2.82%, 0, 0, 4, 9.67
1701327510, 0, 149, 342, 319, 36, 2.82%, 0, 0, 4, 10.36
1701327521, 0, 149, 344, 321, 36, 2.82%, 0, 0, 4, 10.03
1701327562, 0, 149, 345, 322, 36, 2.82%, 0, 0, 4, 11.00
1701327577, 0, 149, 346, 323, 36, 2.82%, 0, 0, 4, 11.04
1701327613, 0, 149, 347, 324, 36, 2.82%, 0, 0, 4, 9.24
1701327674, 0, 149, 348, 325, 36, 2.82%, 0, 0, 4, 10.16
1701327679, 0, 149, 349, 326, 36, 2.82%, 0, 0, 4, 11.80
1701327710, 0, 149, 350, 327, 36, 2.82%, 0, 0, 4, 12.14
1701327812, 0, 150, 350, 326, 34, 2.82%, 0, 0, 4, 9.99
1701328888, 0, 150, 351, 327, 34, 2.82%, 0, 0, 4, 9.60
1701328904, 0, 167, 351, 326, 33, 2.82%, 0, 0, 4, 10.39
1701331466, 0, 191, 351, 325, 32, 2.82%, 0, 0, 4, 8.95
1701331600, 0, 191, 352, 326, 32, 2.82%, 0, 0, 4, 9.04
1701333533, 0, 192, 352, 325, 31, 2.82%, 0, 0, 4, 7.79
1701333662, 0, 192, 353, 326, 31, 2.82%, 0, 0, 4, 7.76
1701333667, 0, 192, 354, 327, 31, 2.82%, 0, 0, 4, 8.38
1701334594, 0, 192, 355, 328, 31, 2.82%, 0, 0, 4, 8.70
1701335616, 0, 192, 356, 329, 31, 2.82%, 0, 0, 4, 9.49
1701335631, 0, 192, 357, 330, 31, 2.82%, 0, 0, 4, 8.09
1701335636, 0, 192, 358, 331, 31, 2.82%, 0, 0, 4, 8.99
1701335652, 0, 192, 359, 332, 31, 2.82%, 0, 0, 4, 9.19
1701335657, 0, 192, 360, 333, 31, 2.82%, 0, 0, 4, 10.35
1701335667, 0, 192, 362, 335, 31, 2.82%, 0, 0, 4, 9.15
1701335713, 0, 192, 363, 336, 31, 2.82%, 0, 0, 4, 10.62
1701335724, 0, 192, 364, 337, 31, 2.82%, 0, 0, 4, 10.18
1701335739, 0, 192, 365, 338, 31, 2.82%, 0, 0, 4, 8.78
1701335744, 0, 192, 366, 339, 31, 2.82%, 0, 0, 4, 9.83
1701335760, 0, 192, 367, 340, 31, 2.82%, 0, 0, 4, 8.42
1701335780, 0, 192, 368, 341, 31, 2.82%, 0, 0, 4, 8.27
1701335811, 0, 192, 369, 342, 31, 2.82%, 0, 0, 4, 7.79
1701335887, 0, 192, 370, 343, 31, 2.82%, 0, 0, 4, 10.15
1701335903, 0, 192, 371, 344, 31, 2.82%, 0, 0, 4, 11.23
1701335913, 0, 192, 372, 345, 31, 2.82%, 0, 0, 4, 9.75
1701335928, 0, 192, 373, 346, 31, 2.82%, 0, 0, 4, 8.74
1701335944, 0, 192, 374, 347, 31, 2.82%, 0, 0, 4, 8.22
1701335964, 0, 194, 374, 346, 30, 2.82%, 0, 0, 4, 10.31
1701336345, 0, 194, 375, 347, 30, 2.83%, 0, 0, 4, 8.17
1701337792, 0, 202, 375, 346, 30, 2.83%, 0, 0, 4, 8.89
1701337914, 0, 202, 376, 347, 30, 2.83%, 0, 0, 4, 9.61
1701339832, 0, 203, 376, 346, 29, 2.83%, 0, 0, 4, 8.30
1701340702, 0, 203, 378, 348, 29, 2.84%, 0, 0, 4, 8.84
1701340841, 0, 203, 379, 349, 29, 2.84%, 0, 0, 4, 9.36
1701341806, 0, 210, 379, 348, 30, 2.84%, 0, 0, 4, 8.98
1701343783, 0, 210, 380, 349, 30, 2.84%, 0, 0, 4, 8.40
1701343804, 0, 221, 380, 348, 29, 2.84%, 0, 0, 4, 9.78
1701344773, 0, 221, 381, 349, 29, 2.84%, 0, 0, 4, 9.80
1701345777, 0, 226, 381, 348, 28, 2.84%, 0, 0, 4, 9.63
1701346029, 0, 226, 383, 350, 28, 2.85%, 0, 0, 4, 8.11
1701346044, 0, 226, 384, 351, 28, 2.85%, 0, 0, 4, 7.03
1701346661, 0, 226, 385, 352, 28, 2.85%, 0, 0, 4, 7.33
1701346666, 0, 226, 386, 353, 28, 2.85%, 0, 0, 4, 8.46
1701346671, 0, 226, 387, 354, 28, 2.85%, 0, 0, 4, 9.12
1701346937, 0, 226, 388, 355, 28, 2.86%, 0, 0, 4, 8.64
1701347779, 0, 234, 388, 354, 32, 2.86%, 0, 0, 4, 9.62
1701349812, 0, 234, 389, 355, 32, 2.86%, 0, 0, 4, 8.28
1701349832, 0, 253, 389, 354, 31, 2.86%, 0, 0, 4, 9.72
1701351823, 0, 253, 390, 355, 31, 2.86%, 0, 0, 4, 10.09
1701351838, 0, 258, 390, 354, 31, 2.86%, 0, 0, 4, 8.73
1701351982, 0, 258, 391, 355, 31, 2.86%, 0, 0, 4, 9.13
1701353921, 0, 258, 392, 356, 31, 2.86%, 0, 0, 4, 10.63
1701353931, 0, 258, 393, 357, 31, 2.86%, 0, 0, 4, 9.13
1701353936, 0, 258, 395, 359, 31, 2.86%, 0, 0, 4, 9.57
1701353952, 0, 258, 396, 360, 31, 2.86%, 0, 0, 4, 9.03
1701354034, 0, 258, 397, 361, 31, 2.86%, 0, 0, 4, 7.44
1701354111, 0, 258, 398, 362, 31, 2.86%, 0, 0, 4, 8.65
1701354152, 0, 258, 399, 363, 31, 2.86%, 0, 0, 4, 10.34
1701354193, 0, 258, 400, 364, 31, 2.86%, 0, 0, 4, 10.03
1701354224, 0, 258, 401, 365, 31, 2.86%, 0, 0, 4, 10.11
1701354244, 0, 258, 402, 366, 31, 2.86%, 0, 0, 4, 11.01
1701354255, 0, 273, 403, 366, 31, 2.86%, 0, 0, 4, 9.26
1701356082, 0, 276, 403, 365, 30, 2.86%, 0, 0, 4, 9.89
1701357163, 0, 279, 403, 364, 29, 2.86%, 0, 0, 4, 8.35
1701357184, 0, 279, 404, 365, 29, 2.86%, 0, 0, 4, 9.65
1701357210, 0, 279, 405, 366, 29, 2.86%, 0, 0, 4, 9.83
1701357220, 0, 279, 406, 367, 29, 2.86%, 0, 0, 4, 7.80
1701357312, 0, 279, 407, 368, 29, 2.86%, 0, 0, 4, 7.86
1701359483, 0, 289, 407, 367, 28, 2.86%, 0, 0, 4, 8.10
1701359550, 0, 289, 408, 368, 28, 2.86%, 0, 0, 4, 6.78
1701359791, 0, 289, 409, 369, 28, 2.86%, 0, 0, 4, 7.92
1701360170, 0, 289, 410, 370, 28, 2.86%, 0, 0, 4, 8.94
1701362015, 0, 308, 410, 369, 28, 2.86%, 0, 0, 4, 9.90
1701362670, 0, 308, 411, 370, 28, 2.86%, 0, 0, 4, 7.84
1701363409, 0, 308, 412, 371, 28, 2.86%, 0, 0, 4, 9.08
1701363430, 0, 316, 412, 370, 28, 2.86%, 0, 0, 4, 10.15
1701365050, 0, 317, 412, 369, 27, 2.86%, 0, 0, 4, 9.70
1701366527, 0, 317, 413, 370, 27, 2.86%, 0, 0, 5, 9.82
1701366538, 0, 317, 414, 371, 27, 2.87%, 0, 0, 5, 10.89
1701366563, 0, 317, 415, 372, 27, 2.87%, 0, 0, 5, 9.53
1701366661, 0, 317, 416, 373, 27, 2.87%, 0, 0, 5, 10.14
1701366671, 0, 317, 417, 374, 27, 2.87%, 0, 0, 5, 10.97
1701366829, 0, 317, 418, 375, 27, 2.87%, 0, 0, 5, 8.66
1701366855, 0, 320, 418, 374, 27, 2.87%, 0, 0, 5, 9.19
1701368834, 0, 320, 419, 375, 27, 2.87%, 0, 0, 5, 7.44
1701368860, 0, 322, 419, 374, 26, 2.87%, 0, 0, 5, 9.98
1701368886, 0, 322, 420, 375, 26, 2.88%, 0, 0, 5, 7.23
1701368897, 0, 322, 421, 376, 26, 2.88%, 0, 0, 5, 6.85
1701369061, 0, 322, 422, 377, 26, 2.88%, 0, 0, 5, 7.51
1701370959, 0, 330, 422, 376, 25, 2.88%, 0, 0, 5, 8.73
1701371369, 0, 330, 423, 377, 25, 2.88%, 0, 0, 5, 10.24
1701371728, 0, 332, 423, 376, 25, 2.88%, 0, 0, 5, 10.79
1701372461, 0, 332, 424, 377, 25, 2.88%, 0, 0, 5, 10.92
1701372467, 0, 332, 425, 378, 25, 2.88%, 0, 0, 5, 11.04
1701372538, 0, 333, 425, 377, 24, 2.88%, 0, 0, 5, 10.25
1701372548, 0, 333, 426, 378, 24, 2.88%, 0, 0, 5, 11.56
1701373272, 0, 334, 426, 377, 24, 2.88%, 0, 0, 5, 11.57
1701373394, 0, 343, 426, 376, 23, 2.88%, 0, 0, 5, 11.32
1701373425, 0, 343, 428, 378, 23, 2.88%, 0, 0, 5, 9.71
1701373467, 0, 343, 429, 379, 23, 2.89%, 0, 0, 5, 9.58
1701373862, 0, 343, 430, 380, 23, 2.89%, 0, 0, 5, 8.24
1701374370, 0, 343, 431, 381, 23, 2.89%, 0, 0, 5, 9.38
1701374375, 0, 343, 432, 382, 23, 2.89%, 0, 0, 5, 9.19
1701374452, 0, 354, 432, 381, 26, 2.89%, 0, 0, 5, 10.14
1701374581, 0, 354, 433, 382, 26, 2.89%, 0, 0, 5, 8.46
1701375456, 0, 354, 434, 383, 26, 2.89%, 0, 0, 5, 8.24
1701376507, 0, 361, 434, 382, 25, 2.89%, 0, 0, 5, 8.77
1701376630, 0, 361, 435, 383, 25, 2.89%, 0, 0, 5, 7.07
1701379470, 0, 374, 435, 382, 24, 2.89%, 0, 0, 5, 8.92
1701381547, 0, 374, 436, 383, 24, 2.89%, 0, 0, 5, 8.40
1701381552, 0, 374, 437, 384, 24, 2.89%, 0, 0, 5, 8.20
1701381562, 0, 374, 439, 386, 24, 2.89%, 0, 0, 5, 9.74
1701381572, 0, 374, 441, 388, 24, 2.89%, 0, 0, 5, 9.60
1701381629, 0, 374, 442, 389, 24, 2.89%, 0, 0, 5, 9.01
1701381634, 0, 374, 443, 390, 24, 2.89%, 0, 0, 5, 9.00
1701381665, 0, 374, 444, 391, 24, 2.89%, 0, 0, 5, 8.60
1701381716, 0, 374, 445, 392, 24, 2.89%, 0, 0, 5, 8.30
1701381808, 0, 376, 445, 391, 24, 2.89%, 0, 0, 5, 9.32
1701383921, 0, 377, 445, 390, 23, 2.89%, 0, 0, 5, 9.88
1701386069, 0, 380, 445, 389, 22, 2.89%, 0, 0, 5, 8.75
1701386187, 0, 380, 446, 390, 22, 2.89%, 0, 0, 5, 9.65
1701386346, 0, 380, 447, 391, 22, 2.89%, 0, 0, 5, 7.86
1701388352, 0, 380, 448, 392, 22, 2.89%, 0, 0, 5, 11.49
1701388357, 0, 380, 449, 393, 22, 2.89%, 0, 0, 5, 10.34
1701388362, 0, 380, 450, 394, 22, 2.89%, 0, 0, 5, 9.83
1701388393, 0, 380, 451, 395, 22, 2.90%, 0, 0, 5, 8.76
1701388475, 0, 380, 452, 396, 22, 2.90%, 0, 0, 5, 9.79
1701388603, 0, 380, 453, 397, 22, 2.90%, 0, 0, 5, 8.95
1701388624, 0, 380, 454, 398, 22, 2.90%, 0, 0, 5, 9.01
1701388680, 0, 381, 454, 397, 23, 2.90%, 0, 0, 5, 9.38
1701390770, 0, 381, 455, 398, 23, 2.90%, 0, 0, 5, 9.01
1701390781, 0, 381, 456, 399, 23, 2.90%, 0, 0, 5, 10.25
1701390832, 0, 381, 457, 400, 23, 2.90%, 0, 0, 5, 8.98
1701390889, 0, 381, 458, 401, 23, 2.90%, 0, 0, 5, 9.56
1701390950, 0, 381, 459, 402, 23, 2.90%, 0, 0, 5, 7.89
1701391017, 0, 381, 460, 403, 23, 2.90%, 0, 0, 5, 8.18
1701391094, 0, 381, 461, 404, 23, 2.90%, 0, 0, 5, 8.99
1701391110, 0, 381, 463, 406, 23, 2.90%, 0, 0, 5, 9.66
1701391115, 0, 382, 463, 405, 23, 2.90%, 0, 0, 5, 9.08
1701392310, 0, 382, 464, 406, 23, 2.90%, 0, 0, 5, 9.13
1701393241, 0, 382, 466, 408, 23, 2.90%, 0, 0, 5, 9.44
1701393323, 0, 384, 466, 407, 23, 2.90%, 0, 0, 5, 7.10
1701395576, 0, 384, 467, 408, 23, 2.90%, 0, 0, 5, 8.35
1701395597, 0, 384, 468, 409, 23, 2.90%, 0, 0, 5, 10.34
1701395648, 0, 385, 468, 408, 23, 2.90%, 0, 0, 5, 9.40
1701397734, 0, 385, 469, 409, 23, 2.90%, 0, 0, 5, 9.76
1701397765, 0, 386, 469, 408, 22, 2.90%, 0, 0, 5, 7.23
1701399869, 0, 386, 470, 409, 22, 2.90%, 0, 0, 5, 7.82
1701399874, 0, 386, 471, 410, 22, 2.90%, 0, 0, 5, 8.72
1701399905, 0, 386, 472, 411, 22, 2.90%, 0, 0, 5, 10.21
1701399915, 0, 386, 473, 412, 22, 2.90%, 0, 0, 5, 10.27
1701399920, 0, 386, 474, 413, 22, 2.90%, 0, 0, 5, 9.70
1701399950, 0, 386, 475, 414, 22, 2.90%, 0, 0, 5, 8.73
1701400098, 0, 386, 477, 416, 22, 2.90%, 0, 0, 5, 9.04
1701400195, 0, 387, 477, 415, 21, 2.90%, 0, 0, 5, 8.28
1701402300, 0, 387, 478, 416, 21, 2.90%, 0, 0, 5, 9.39
1701402336, 0, 389, 478, 415, 20, 2.90%, 0, 0, 5, 9.05
1701403791, 0, 389, 479, 416, 20, 2.90%, 0, 0, 5, 6.29
1701405271, 0, 389, 480, 417, 20, 2.90%, 0, 0, 5, 7.59
1701405281, 0, 389, 481, 418, 20, 2.90%, 0, 0, 5, 7.74
1701405286, 0, 389, 482, 419, 20, 2.90%, 0, 0, 5, 7.66
1701405332, 0, 389, 483, 420, 20, 2.90%, 0, 0, 5, 8.10
1701405353, 0, 389, 484, 421, 20, 2.90%, 0, 0, 5, 8.08
1701405373, 0, 389, 485, 422, 20, 2.90%, 0, 0, 5, 8.28
1701405389, 0, 389, 486, 423, 20, 2.90%, 0, 0, 5, 10.03
1701405466, 0, 389, 487, 424, 20, 2.90%, 0, 0, 5, 6.93
1701405507, 0, 389, 488, 425, 20, 2.90%, 0, 0, 5, 8.43
1701405538, 0, 389, 489, 426, 20, 2.90%, 0, 0, 5, 8.74
1701405589, 0, 389, 490, 427, 20, 2.90%, 0, 0, 5, 9.30
1701405594, 0, 389, 491, 428, 20, 2.90%, 0, 0, 5, 9.88
1701405635, 0, 403, 491, 427, 19, 2.90%, 0, 0, 5, 8.61
1701405927, 0, 403, 492, 428, 19, 2.90%, 0, 0, 5, 8.36
1701406209, 0, 403, 493, 429, 19, 2.90%, 0, 0, 5, 7.47
1701406220, 0, 403, 494, 430, 19, 2.90%, 0, 0, 5, 7.53
1701406276, 0, 403, 495, 431, 19, 2.91%, 0, 0, 5, 9.46
1701406363, 0, 403, 496, 432, 19, 2.91%, 0, 0, 5, 9.88
1701406379, 0, 403, 497, 433, 19, 2.91%, 0, 0, 5, 9.37
1701407209, 0, 403, 498, 434, 19, 2.91%, 0, 0, 5, 10.11
1701407240, 0, 409, 498, 433, 23, 2.91%, 0, 0, 5, 1.86
1701407322, 0, 409, 499, 434, 23, 2.91%, 0, 0, 5, 7.22
1701409911, 0, 409, 500, 435, 23, 2.91%, 0, 0, 5, 8.38
1701409942, 0, 409, 501, 436, 23, 2.91%, 0, 0, 5, 8.80
1701409947, 0, 409, 502, 437, 23, 2.91%, 0, 0, 5, 9.94
1701410070, 0, 411, 502, 436, 22, 2.91%, 0, 0, 5, 11.39
1701410958, 0, 411, 503, 437, 22, 2.91%, 0, 0, 5, 12.92
1701410994, 0, 412, 503, 436, 21, 2.91%, 0, 0, 5, 9.03
1701414163, 0, 412, 504, 437, 21, 2.91%, 0, 0, 6, 8.03
1701414209, 0, 413, 504, 436, 20, 2.91%, 0, 0, 6, 7.41
1701414870, 0, 413, 505, 437, 20, 2.92%, 0, 0, 6, 6.36
1701414880, 0, 413, 506, 438, 20, 2.92%, 0, 0, 6, 7.22
1701415408, 0, 413, 507, 439, 20, 2.92%, 0, 0, 6, 8.62
1701415470, 0, 421, 507, 438, 21, 2.92%, 0, 0, 6, 7.87
1701415495, 0, 421, 508, 439, 21, 2.92%, 0, 0, 6, 7.21
1701415526, 0, 421, 510, 441, 21, 2.92%, 0, 0, 6, 7.19
1701415547, 0, 421, 511, 442, 21, 2.92%, 0, 0, 6, 8.22
1701415567, 0, 421, 513, 444, 21, 2.92%, 0, 0, 6, 7.69
1701415691, 0, 421, 514, 445, 21, 2.92%, 0, 0, 6, 7.12
1701418797, 0, 421, 515, 446, 21, 2.92%, 0, 0, 6, 10.44
1701418817, 0, 421, 516, 447, 21, 2.92%, 0, 0, 6, 9.79
1701418822, 0, 421, 517, 448, 21, 2.92%, 0, 0, 6, 9.06
1701418843, 0, 421, 518, 449, 21, 2.92%, 0, 0, 6, 7.26
1701418848, 0, 421, 519, 450, 21, 2.92%, 0, 0, 6, 6.61
1701418904, 0, 421, 520, 451, 21, 2.92%, 0, 0, 6, 7.89
1701418951, 0, 421, 521, 452, 21, 2.92%, 0, 0, 6, 9.40
1701418961, 0, 421, 522, 453, 21, 2.92%, 0, 0, 6, 8.89
1701418992, 0, 421, 524, 455, 21, 2.92%, 0, 0, 6, 8.73
1701419048, 0, 421, 525, 456, 21, 2.92%, 0, 0, 6, 10.04
1701419058, 0, 421, 526, 457, 21, 2.92%, 0, 0, 6, 9.13
1701419146, 0, 421, 527, 458, 21, 2.92%, 0, 0, 6, 8.06
1701419161, 0, 422, 527, 457, 22, 2.92%, 0, 0, 6, 9.81
1701419931, 0, 424, 527, 456, 21, 2.92%, 0, 0, 6, 9.42
1701421028, 0, 425, 527, 455, 21, 2.92%, 0, 0, 6, 8.60
1701421766, 0, 426, 527, 454, 20, 2.92%, 0, 0, 6, 9.33
1701422108, 0, 426, 528, 455, 20, 2.92%, 0, 0, 6, 8.79
1701422760, 0, 427, 528, 454, 20, 2.92%, 0, 0, 6, 9.99
1701423765, 0, 428, 528, 453, 19, 2.92%, 0, 0, 6, 9.88
1701424011, 0, 428, 529, 454, 19, 2.92%, 0, 0, 6, 8.48
1701424026, 0, 428, 530, 455, 19, 2.92%, 0, 0, 6, 9.61
1701424620, 0, 429, 530, 454, 18, 2.92%, 0, 0, 6, 9.99
1701425482, 0, 433, 530, 453, 17, 2.92%, 0, 0, 6, 9.98
1701427553, 0, 433, 531, 454, 17, 2.92%, 0, 0, 6, 10.33
1701427573, 0, 435, 531, 453, 17, 2.92%, 0, 0, 6, 9.22
1701427681, 0, 435, 532, 454, 17, 2.92%, 0, 0, 6, 6.96
1701428360, 0, 435, 533, 455, 17, 2.92%, 0, 0, 6, 7.92
1701430380, 0, 435, 534, 456, 17, 2.92%, 0, 0, 6, 7.67
1701430396, 0, 435, 535, 457, 17, 2.92%, 0, 0, 6, 9.57
1701430437, 0, 435, 536, 458, 17, 2.92%, 0, 0, 6, 8.00
1701430483, 0, 435, 537, 459, 17, 2.92%, 0, 0, 6, 8.28
1701430590, 0, 435, 538, 460, 17, 2.92%, 0, 0, 6, 9.21
1701430626, 0, 435, 539, 461, 17, 2.92%, 0, 0, 6, 7.65
1701430678, 0, 435, 540, 462, 17, 2.92%, 0, 0, 6, 9.09
1701430724, 0, 435, 541, 463, 17, 2.92%, 0, 0, 6, 9.87
1701430750, 0, 445, 541, 462, 17, 2.92%, 0, 0, 6, 9.53
1701431775, 0, 445, 542, 463, 17, 2.92%, 0, 0, 6, 9.24
1701432817, 0, 450, 542, 462, 17, 2.92%, 0, 0, 6, 9.98
1701432970, 0, 450, 544, 464, 17, 2.92%, 0, 0, 6, 8.94
1701432975, 0, 450, 545, 465, 17, 2.92%, 0, 0, 6, 8.01
1701433986, 0, 450, 546, 466, 17, 2.92%, 0, 0, 6, 7.16
1701433997, 0, 450, 547, 467, 17, 2.92%, 0, 0, 6, 8.17
1701434068, 0, 450, 548, 468, 17, 2.92%, 0, 0, 6, 6.60
1701434073, 0, 450, 549, 469, 17, 2.92%, 0, 0, 6, 7.34
1701434084, 0, 450, 550, 470, 17, 2.92%, 0, 0, 6, 7.72
1701435530, 0, 454, 550, 469, 17, 2.92%, 0, 0, 6, 9.03
1701437853, 0, 463, 550, 468, 16, 2.92%, 0, 0, 6, 7.84
1701440041, 0, 467, 550, 467, 15, 2.92%, 0, 0, 6, 10.07
1701440251, 0, 467, 551, 468, 15, 2.92%, 0, 0, 6, 8.34
1701442819, 0, 467, 552, 469, 15, 2.92%, 0, 0, 6, 8.60
1701442860, 0, 485, 552, 468, 15, 2.92%, 0, 0, 6, 1.81
1701442963, 0, 485, 553, 469, 15, 2.92%, 0, 0, 6, 5.98
1701443072, 0, 485, 554, 470, 15, 2.92%, 0, 0, 6, 5.04
1701447115, 0, 485, 555, 471, 15, 2.92%, 0, 0, 6, 8.48
1701447120, 0, 485, 556, 472, 15, 2.92%, 0, 0, 6, 7.50
1701447135, 0, 485, 557, 473, 15, 2.92%, 0, 0, 6, 7.05
1701447145, 0, 485, 559, 475, 15, 2.92%, 0, 0, 6, 7.33
1701447156, 0, 485, 560, 476, 15, 2.92%, 0, 0, 6, 7.36
1701447207, 0, 485, 561, 477, 15, 2.92%, 0, 0, 6, 7.95
1701447233, 0, 485, 562, 478, 15, 2.92%, 0, 0, 6, 5.79
1701447284, 0, 485, 563, 479, 15, 2.92%, 0, 0, 6, 8.07
1701447299, 0, 485, 564, 480, 15, 2.92%, 0, 0, 6, 8.26
1701447351, 0, 485, 565, 481, 15, 2.92%, 0, 0, 6, 6.90
1701447407, 0, 485, 566, 482, 15, 2.92%, 0, 0, 6, 8.23
1701447423, 0, 485, 567, 483, 15, 2.92%, 0, 0, 6, 7.75
1701447525, 0, 492, 567, 482, 15, 2.92%, 0, 0, 6, 8.33
1701447551, 0, 492, 568, 483, 15, 2.93%, 0, 0, 6, 7.82
1701448131, 0, 492, 569, 484, 15, 2.93%, 0, 0, 6, 9.51
1701449367, 0, 493, 569, 483, 16, 2.93%, 0, 0, 6, 9.37
1701451087, 0, 493, 570, 484, 16, 2.93%, 0, 0, 6, 10.36
1701451108, 0, 493, 571, 485, 16, 2.93%, 0, 0, 6, 10.81
1701451164, 0, 494, 571, 484, 16, 2.93%, 0, 0, 6, 10.02
1701451914, 0, 494, 572, 485, 16, 2.93%, 0, 0, 6, 8.31
1701453074, 0, 495, 572, 484, 15, 2.93%, 0, 0, 6, 9.86
1701453838, 0, 495, 573, 485, 15, 2.93%, 0, 0, 6, 8.55
1701454654, 0, 496, 573, 484, 14, 2.93%, 0, 0, 6, 8.30
1701455382, 0, 496, 574, 485, 14, 2.93%, 0, 0, 6, 8.06
1701456331, 0, 504, 574, 484, 14, 2.93%, 0, 0, 6, 8.42
1701456716, 0, 504, 575, 485, 14, 2.93%, 0, 0, 7, 9.12
1701456987, 0, 504, 576, 486, 14, 2.94%, 0, 0, 7, 7.66
1701457516, 0, 504, 577, 487, 14, 2.94%, 0, 0, 7, 8.08
1701457572, 0, 505, 577, 486, 15, 2.94%, 0, 0, 7, 8.02
1701458746, 0, 505, 578, 487, 15, 2.94%, 0, 0, 7, 10.02
1701458797, 0, 505, 579, 488, 15, 2.94%, 0, 0, 7, 8.67
1701458823, 0, 515, 579, 487, 15, 2.94%, 0, 0, 7, 8.64
1701461167, 0, 527, 579, 486, 14, 2.94%, 0, 0, 7, 10.78
1701461993, 0, 530, 579, 485, 13, 2.94%, 0, 0, 7, 8.50
1701462153, 0, 530, 580, 486, 13, 2.94%, 0, 0, 7, 6.13
1701462302, 0, 530, 581, 487, 13, 2.94%, 0, 0, 7, 8.30
1701462348, 0, 530, 582, 488, 13, 2.94%, 0, 0, 7, 6.60
1701463407, 0, 530, 583, 489, 13, 2.94%, 0, 0, 7, 7.59
1701465038, 0, 532, 583, 488, 12, 2.94%, 0, 0, 7, 8.04
1701466044, 0, 532, 584, 489, 12, 2.94%, 0, 0, 7, 8.57
1701467770, 0, 532, 585, 490, 12, 2.94%, 0, 0, 7, 8.56
1701467796, 0, 541, 585, 489, 11, 2.94%, 0, 0, 7, 10.71
1701468790, 0, 541, 586, 490, 11, 2.94%, 0, 0, 7, 9.56
1701468811, 0, 541, 587, 491, 11, 2.94%, 0, 0, 7, 9.67
1701469836, 0, 542, 587, 490, 11, 2.94%, 0, 0, 7, 9.27
