# unix_time, cycles_done, cur_path, paths_total, pending_total, pending_favs, map_size, unique_crashes, unique_hangs, max_depth, execs_per_sec
1700597277, 0, 0, 1, 1, 1, 2.81%, 0, 0, 1, 68.97
1700597282, 0, 0, 23, 23, 1, 5.04%, 0, 0, 2, 42.37
1700597288, 0, 0, 30, 30, 1, 5.13%, 0, 0, 2, 21.98
1700597293, 0, 0, 33, 33, 1, 5.23%, 0, 0, 2, 13.71
1700597334, 0, 1, 33, 32, 28, 5.23%, 0, 0, 2, 12.47
1700597365, 0, 2, 33, 31, 27, 5.23%, 0, 0, 2, 11.74
1700597390, 0, 3, 33, 30, 26, 5.23%, 0, 0, 2, 12.13
1700597421, 0, 5, 33, 29, 25, 5.23%, 0, 0, 2, 12.37
1700597447, 0, 6, 33, 28, 24, 5.23%, 0, 0, 2, 12.92
1700597478, 0, 7, 33, 27, 23, 5.23%, 0, 0, 2, 12.48
1700597503, 0, 8, 33, 26, 22, 5.23%, 0, 0, 2, 12.30
1700597534, 0, 9, 33, 25, 21, 5.23%, 0, 0, 2, 12.64
1700597564, 0, 11, 33, 24, 20, 5.23%, 0, 0, 2, 12.36
1700597590, 0, 13, 33, 23, 19, 5.23%, 0, 0, 2, 12.85
1700597615, 0, 14, 33, 22, 18, 5.23%, 0, 0, 2, 12.62
1700597641, 0, 15, 33, 21, 17, 5.23%, 0, 0, 2, 12.59
1700597651, 0, 15, 35, 23, 17, 5.23%, 0, 0, 3, 14.15
1700597672, 0, 16, 35, 22, 16, 5.23%, 0, 0, 3, 12.69
1700597692, 0, 16, 36, 23, 16, 5.23%, 0, 0, 3, 14.05
1700597713, 0, 18, 36, 22, 15, 5.23%, 0, 0, 3, 13.14
1700597733, 0, 19, 36, 21, 14, 5.23%, 0, 0, 3, 13.30
1700597765, 0, 20, 36, 20, 13, 5.23%, 0, 0, 3, 12.73
1700597786, 0, 20, 38, 22, 13, 5.23%, 0, 0, 3, 13.78
1700597811, 0, 21, 38, 21, 13, 5.23%, 0, 0, 3, 13.07
1700597847, 0, 22, 38, 20, 12, 5.23%, 0, 0, 3, 12.83
1700597868, 0, 23, 38, 19, 11, 5.23%, 0, 0, 3, 13.05
1700597893, 0, 24, 38, 18, 10, 5.23%, 0, 0, 3, 13.18
1700597914, 0, 25, 38, 17, 9, 5.23%, 0, 0, 3, 13.27
1700597940, 0, 26, 38, 16, 8, 5.23%, 0, 0, 3, 0.63
1700597966, 0, 27, 38, 15, 7, 5.23%, 0, 0, 3, 13.42
1700597991, 0, 28, 38, 14, 6, 5.23%, 0, 0, 3, 13.28
1700598022, 0, 29, 38, 13, 5, 5.23%, 0, 0, 3, 13.24
1700598048, 0, 30, 38, 12, 4, 5.23%, 0, 0, 3, 13.66
1700598073, 0, 31, 38, 11, 3, 5.23%, 0, 0, 3, 13.70
1700598104, 0, 32, 38, 10, 2, 5.23%, 0, 0, 3, 12.34
1700598125, 0, 37, 38, 9, 1, 5.23%, 0, 0, 3, 13.10
1700598156, 1, 0, 38, 8, 0, 5.23%, 0, 0, 3, 13.30
1700598171, 1, 1, 38, 8, 0, 5.23%, 0, 0, 3, 12.93
1700598197, 1, 2, 38, 8, 0, 5.23%, 0, 0, 3, 13.18
1700598212, 1, 3, 38, 8, 0, 5.23%, 0, 0, 3, 13.80
1700598223, 1, 3, 39, 9, 0, 5.23%, 0, 0, 3, 14.07
1700598228, 1, 3, 40, 10, 0, 5.24%, 0, 0, 3, 14.03
1700598245, 1, 39, 40, 10, 1, 5.24%, 0, 0, 3, 0.85
1700598270, 2, 0, 40, 9, 0, 5.24%, 0, 0, 3, 13.89
1700598291, 2, 1, 40, 9, 0, 5.24%, 0, 0, 3, 13.33
1700598311, 2, 2, 40, 9, 0, 5.24%, 0, 0, 3, 13.51
1700598331, 2, 3, 40, 9, 0, 5.24%, 0, 0, 3, 13.04
1700598352, 2, 4, 40, 9, 0, 5.24%, 0, 0, 3, 12.80
1700598377, 2, 5, 40, 8, 0, 5.24%, 0, 0, 3, 13.62
1700598393, 2, 6, 40, 8, 0, 5.24%, 0, 0, 3, 14.01
1700598398, 2, 6, 42, 10, 0, 5.24%, 0, 0, 3, 13.70
1700598418, 2, 41, 42, 10, 1, 5.24%, 0, 0, 3, 0.85
1700598469, 3, 0, 42, 9, 0, 5.24%, 0, 0, 3, 13.64
1700598496, 3, 1, 42, 9, 0, 5.24%, 0, 0, 3, 13.36
1700598517, 3, 2, 42, 9, 0, 5.24%, 0, 0, 3, 13.70
1700598532, 3, 2, 43, 10, 0, 5.25%, 0, 0, 3, 13.96
1700598537, 3, 2, 44, 11, 0, 5.27%, 0, 0, 3, 13.78
1700598557, 3, 42, 44, 11, 2, 5.27%, 0, 0, 3, 13.75
1700598578, 3, 43, 44, 10, 1, 5.27%, 0, 0, 3, 13.04
1700598613, 4, 0, 44, 9, 0, 5.27%, 0, 0, 3, 13.60
1700598629, 4, 1, 44, 9, 0, 5.27%, 0, 0, 3, 13.16
1700598650, 4, 2, 44, 9, 0, 5.27%, 0, 0, 3, 13.54
1700598661, 4, 2, 45, 10, 0, 5.27%, 0, 0, 3, 13.59
1700598682, 4, 44, 45, 10, 1, 5.27%, 0, 0, 3, 1.34
1700598718, 5, 0, 45, 9, 0, 5.27%, 0, 0, 3, 13.46
1700598738, 5, 1, 45, 9, 0, 5.27%, 0, 0, 3, 13.10
1700598753, 5, 2, 45, 9, 0, 5.27%, 0, 0, 3, 13.01
1700598774, 5, 3, 45, 9, 0, 5.27%, 0, 0, 3, 13.59
1700598794, 5, 5, 45, 9, 0, 5.27%, 0, 0, 3, 13.54
1700598810, 5, 6, 45, 9, 0, 5.27%, 0, 0, 3, 13.38
1700598830, 5, 7, 45, 9, 0, 5.27%, 0, 0, 3, 13.49
1700598850, 5, 8, 45, 9, 0, 5.27%, 0, 0, 3, 13.02
1700598866, 5, 9, 45, 9, 0, 5.27%, 0, 0, 3, 13.57
1700598881, 5, 9, 46, 10, 0, 5.27%, 0, 0, 3, 14.10
1700598886, 5, 9, 47, 11, 0, 5.29%, 0, 0, 3, 13.94
1700598891, 5, 9, 48, 12, 0, 5.29%, 0, 0, 3, 14.10
1700598906, 5, 9, 49, 13, 0, 5.29%, 0, 0, 3, 13.74
1700598923, 5, 46, 49, 13, 1, 5.29%, 0, 0, 3, 0.82
1700598948, 6, 0, 49, 12, 0, 5.29%, 0, 0, 3, 13.05
1700598968, 6, 1, 49, 12, 0, 5.29%, 0, 0, 3, 13.86
1700598983, 6, 1, 50, 13, 0, 5.29%, 0, 0, 3, 13.79
1700599004, 6, 2, 50, 13, 0, 5.29%, 0, 0, 3, 12.98
1700599025, 6, 3, 50, 13, 0, 5.29%, 0, 0, 3, 13.01
1700599040, 6, 5, 50, 13, 0, 5.29%, 0, 0, 3, 13.74
1700599060, 6, 6, 50, 13, 0, 5.29%, 0, 0, 3, 13.93
1700599071, 6, 6, 51, 14, 0, 5.29%, 0, 0, 3, 13.64
1700599091, 6, 21, 51, 14, 1, 5.29%, 0, 0, 3, 13.37
1700599108, 6, 50, 51, 14, 1, 5.29%, 0, 0, 3, 1.81
1700599138, 7, 0, 51, 13, 0, 5.29%, 0, 0, 3, 13.39
1700599159, 7, 1, 51, 13, 0, 5.29%, 0, 0, 3, 13.41
1700599179, 7, 2, 51, 13, 0, 5.29%, 0, 0, 3, 13.48
1700599195, 7, 3, 51, 13, 0, 5.29%, 0, 0, 3, 13.29
1700599215, 7, 5, 51, 13, 0, 5.29%, 0, 0, 3, 13.70
1700599230, 7, 6, 51, 13, 0, 5.29%, 0, 0, 3, 13.92
1700599251, 7, 7, 51, 13, 0, 5.29%, 0, 0, 3, 13.62
1700599271, 7, 8, 51, 13, 0, 5.29%, 0, 0, 3, 13.63
1700599286, 7, 9, 51, 13, 0, 5.29%, 0, 0, 3, 13.19
1700599306, 7, 10, 51, 13, 0, 5.29%, 0, 0, 3, 13.38
1700599327, 7, 10, 52, 14, 0, 5.29%, 0, 0, 3, 14.06
1700599348, 7, 11, 52, 13, 0, 5.29%, 0, 0, 3, 13.51
1700599353, 7, 11, 53, 14, 0, 5.29%, 0, 0, 3, 13.88
1700599374, 7, 13, 53, 14, 0, 5.29%, 0, 0, 3, 13.63
1700599394, 7, 14, 53, 14, 0, 5.29%, 0, 0, 3, 13.78
1700599409, 7, 15, 53, 14, 0, 5.29%, 0, 0, 3, 13.78
1700599430, 7, 16, 53, 14, 0, 5.29%, 0, 0, 3, 13.61
1700599450, 7, 18, 53, 14, 0, 5.29%, 0, 0, 3, 13.86
1700599466, 7, 19, 53, 14, 0, 5.29%, 0, 0, 3, 13.48
1700599486, 7, 20, 53, 14, 0, 5.29%, 0, 0, 3, 13.47
1700599501, 7, 20, 54, 15, 0, 5.29%, 0, 0, 3, 14.14
1700599522, 7, 21, 54, 15, 0, 5.29%, 0, 0, 3, 13.87
1700599537, 7, 22, 54, 15, 0, 5.29%, 0, 0, 3, 13.63
1700599558, 7, 23, 54, 15, 0, 5.29%, 0, 0, 3, 13.96
1700599578, 7, 24, 54, 15, 0, 5.29%, 0, 0, 3, 13.69
1700599588, 7, 25, 54, 15, 0, 5.29%, 0, 0, 3, 13.68
1700599609, 7, 26, 54, 15, 0, 5.29%, 0, 0, 3, 13.93
1700599614, 7, 26, 55, 16, 0, 5.29%, 0, 0, 3, 14.03
1700599634, 7, 27, 55, 16, 0, 5.29%, 0, 0, 3, 13.85
1700599649, 7, 27, 57, 18, 0, 5.29%, 0, 0, 3, 14.08
1700599670, 7, 28, 57, 18, 0, 5.29%, 0, 0, 3, 13.20
1700599685, 7, 29, 57, 18, 0, 5.29%, 0, 0, 3, 13.94
1700599695, 7, 29, 58, 19, 0, 5.29%, 0, 0, 3, 13.32
1700599716, 7, 30, 58, 19, 0, 5.29%, 0, 0, 3, 13.79
1700599726, 7, 31, 59, 20, 0, 5.29%, 0, 0, 3, 13.89
1700599736, 7, 31, 60, 21, 0, 5.30%, 0, 0, 3, 14.19
1700599752, 7, 31, 61, 22, 0, 5.30%, 0, 0, 3, 13.94
1700599757, 7, 31, 62, 23, 0, 5.30%, 0, 0, 3, 14.08
1700599772, 7, 59, 62, 23, 1, 5.30%, 0, 0, 3, 0.95
1700599808, 7, 61, 62, 22, 0, 5.30%, 0, 0, 3, 14.00
1700599824, 7, 61, 63, 23, 0, 5.30%, 0, 0, 4, 14.09
1700599844, 8, 0, 63, 22, 0, 5.30%, 0, 0, 4, 14.40
1700599860, 8, 1, 63, 22, 0, 5.30%, 0, 0, 4, 14.10
1700599880, 8, 2, 63, 22, 0, 5.30%, 0, 0, 4, 14.08
1700599900, 8, 3, 63, 22, 0, 5.30%, 0, 0, 4, 12.98
1700599916, 8, 5, 63, 22, 0, 5.30%, 0, 0, 4, 13.53
1700599936, 8, 6, 63, 22, 0, 5.30%, 0, 0, 4, 13.50
1700599952, 8, 7, 63, 22, 0, 5.30%, 0, 0, 4, 13.57
1700599967, 8, 7, 64, 23, 0, 5.30%, 0, 0, 4, 13.93
1700599972, 8, 7, 65, 24, 0, 5.30%, 0, 0, 4, 14.12
1700599978, 8, 7, 66, 25, 0, 5.30%, 0, 0, 4, 14.01
1700599988, 8, 7, 67, 26, 0, 5.30%, 0, 0, 4, 14.13
1700599998, 8, 7, 68, 27, 0, 5.30%, 0, 0, 4, 14.21
1700600003, 8, 7, 69, 28, 0, 5.30%, 0, 0, 4, 14.34
1700600024, 8, 7, 71, 30, 0, 5.30%, 0, 0, 4, 13.88
1700600044, 8, 7, 73, 32, 0, 5.30%, 0, 0, 4, 14.54
1700600049, 8, 7, 76, 35, 0, 5.31%, 0, 0, 4, 14.34
1700600070, 8, 12, 76, 35, 4, 5.31%, 0, 0, 4, 13.13
1700600095, 8, 31, 76, 34, 4, 5.31%, 0, 0, 4, 13.74
1700600116, 8, 64, 76, 34, 4, 5.31%, 0, 0, 4, 13.48
1700600147, 8, 64, 77, 35, 4, 5.31%, 0, 0, 4, 14.91
1700600157, 8, 64, 78, 36, 4, 5.31%, 0, 0, 4, 15.45
1700600193, 8, 69, 78, 35, 4, 5.31%, 0, 0, 4, 13.78
1700600198, 8, 69, 79, 36, 4, 5.31%, 0, 0, 4, 14.41
1700600208, 8, 69, 80, 37, 4, 5.31%, 0, 0, 4, 14.73
1700600245, 8, 69, 81, 38, 4, 5.31%, 0, 0, 4, 14.79
1700600255, 8, 69, 83, 40, 4, 5.31%, 0, 0, 4, 14.50
1700600286, 8, 70, 83, 39, 4, 5.31%, 0, 0, 4, 14.10
1700600301, 8, 75, 83, 38, 3, 5.31%, 0, 0, 4, 13.14
1700600337, 8, 77, 83, 37, 2, 5.31%, 0, 0, 4, 13.86
1700600357, 8, 80, 83, 36, 1, 5.31%, 0, 0, 4, 13.64
1700600373, 8, 82, 83, 35, 0, 5.31%, 0, 0, 4, 13.91
1700600393, 9, 0, 83, 34, 0, 5.31%, 0, 0, 4, 13.30
1700600415, 9, 1, 83, 34, 0, 5.31%, 0, 0, 4, 13.88
1700600430, 9, 2, 83, 34, 0, 5.31%, 0, 0, 4, 13.47
1700600451, 9, 3, 83, 34, 0, 5.31%, 0, 0, 4, 13.51
1700600471, 9, 5, 83, 34, 0, 5.31%, 0, 0, 4, 12.96
1700600486, 9, 6, 83, 34, 0, 5.31%, 0, 0, 4, 13.58
1700600507, 9, 7, 83, 34, 0, 5.31%, 0, 0, 4, 13.84
1700600512, 9, 7, 84, 35, 0, 5.31%, 0, 0, 4, 13.99
1700600533, 9, 8, 84, 35, 0, 5.31%, 0, 0, 4, 13.60
1700600553, 9, 9, 84, 35, 0, 5.31%, 0, 0, 4, 13.68
1700600568, 9, 11, 84, 35, 0, 5.31%, 0, 0, 4, 13.28
1700600588, 9, 13, 84, 35, 0, 5.31%, 0, 0, 4, 13.36
1700600609, 9, 14, 84, 35, 0, 5.31%, 0, 0, 4, 13.36
1700600634, 9, 15, 84, 35, 0, 5.31%, 0, 0, 4, 13.58
1700600655, 9, 16, 84, 35, 0, 5.31%, 0, 0, 4, 13.53
1700600675, 9, 17, 84, 35, 0, 5.31%, 0, 0, 4, 12.96
1700600696, 9, 18, 84, 34, 0, 5.31%, 0, 0, 4, 13.20
1700600716, 9, 19, 84, 34, 0, 5.31%, 0, 0, 4, 13.23
1700600737, 9, 21, 84, 34, 0, 5.31%, 0, 0, 4, 13.06
1700600757, 9, 22, 84, 34, 0, 5.31%, 0, 0, 4, 13.45
1700600773, 9, 23, 84, 34, 0, 5.31%, 0, 0, 4, 13.01
1700600793, 9, 24, 84, 34, 0, 5.31%, 0, 0, 4, 13.22
1700600814, 9, 25, 84, 34, 0, 5.31%, 0, 0, 4, 13.43
1700600834, 9, 26, 84, 34, 0, 5.31%, 0, 0, 4, 13.11
1700600849, 9, 27, 84, 34, 0, 5.31%, 0, 0, 4, 12.98
1700600870, 9, 28, 84, 34, 0, 5.31%, 0, 0, 4, 13.18
1700600891, 9, 29, 84, 34, 0, 5.31%, 0, 0, 4, 13.24
1700600906, 9, 30, 84, 34, 0, 5.31%, 0, 0, 4, 13.03
1700600926, 9, 31, 84, 34, 0, 5.31%, 0, 0, 4, 13.67
1700600947, 9, 32, 84, 34, 0, 5.31%, 0, 0, 4, 13.89
1700600957, 9, 36, 84, 34, 0, 5.31%, 0, 0, 4, 13.26
1700600988, 9, 37, 84, 33, 0, 5.31%, 0, 0, 4, 13.71
1700601003, 9, 39, 84, 33, 0, 5.31%, 0, 0, 4, 13.30
1700601024, 9, 41, 84, 33, 0, 5.31%, 0, 0, 4, 13.37
1700601039, 9, 42, 84, 33, 0, 5.31%, 0, 0, 4, 14.01
1700601049, 9, 43, 84, 33, 0, 5.31%, 0, 0, 4, 13.73
1700601059, 9, 43, 85, 34, 0, 5.31%, 0, 0, 4, 13.93
1700601075, 9, 43, 86, 35, 0, 5.31%, 0, 0, 4, 14.00
1700601090, 9, 43, 87, 36, 0, 5.31%, 0, 0, 4, 13.98
1700601100, 9, 43, 89, 38, 0, 5.31%, 0, 0, 4, 14.18
1700601121, 9, 49, 89, 38, 3, 5.31%, 0, 0, 4, 13.05
1700601147, 9, 84, 89, 37, 3, 5.31%, 0, 0, 4, 13.32
1700601182, 9, 84, 90, 38, 3, 5.31%, 0, 0, 5, 14.30
1700601203, 9, 85, 90, 37, 2, 5.31%, 0, 0, 5, 13.76
1700601239, 9, 86, 90, 36, 1, 5.31%, 0, 0, 5, 13.17
1700601275, 9, 89, 90, 35, 0, 5.31%, 0, 0, 5, 13.12
1700601311, 10, 0, 90, 34, 0, 5.31%, 0, 0, 5, 14.07
1700601316, 10, 0, 91, 35, 0, 5.31%, 0, 0, 5, 14.20
1700601332, 10, 1, 91, 35, 0, 5.31%, 0, 0, 5, 13.43
1700601352, 10, 2, 91, 35, 0, 5.31%, 0, 0, 5, 13.69
1700601368, 10, 3, 91, 35, 0, 5.31%, 0, 0, 5, 13.62
1700601388, 10, 5, 91, 35, 0, 5.31%, 0, 0, 5, 13.57
1700601409, 10, 6, 91, 35, 0, 5.31%, 0, 0, 5, 13.87
1700601424, 10, 7, 91, 35, 0, 5.31%, 0, 0, 5, 13.82
1700601445, 10, 8, 91, 35, 0, 5.31%, 0, 0, 5, 13.99
1700601450, 10, 8, 92, 36, 0, 5.31%, 0, 0, 5, 12.85
1700601465, 10, 9, 92, 36, 0, 5.31%, 0, 0, 5, 13.39
1700601475, 10, 9, 93, 37, 0, 5.31%, 0, 0, 5, 13.93
1700601490, 10, 9, 94, 38, 0, 5.32%, 0, 0, 5, 13.64
1700601511, 10, 34, 94, 38, 1, 5.32%, 0, 0, 5, 12.68
1700601552, 10, 81, 94, 37, 1, 5.32%, 0, 0, 5, 12.71
1700601629, 10, 93, 94, 36, 1, 5.32%, 0, 0, 5, 13.94
1700601649, 11, 0, 95, 36, 0, 5.32%, 0, 0, 5, 13.85
1700601665, 11, 0, 96, 37, 0, 5.32%, 0, 0, 5, 14.14
1700601675, 11, 0, 97, 38, 0, 5.32%, 0, 0, 5, 14.55
1700601685, 11, 0, 98, 39, 0, 5.32%, 0, 0, 5, 14.10
1700601705, 11, 1, 98, 39, 0, 5.32%, 0, 0, 5, 13.92
1700601711, 11, 1, 99, 40, 0, 5.32%, 0, 0, 5, 14.23
1700601726, 11, 1, 100, 41, 0, 5.32%, 0, 0, 5, 13.89
1700601746, 11, 2, 100, 41, 0, 5.32%, 0, 0, 5, 14.11
1700601767, 11, 3, 100, 41, 0, 5.32%, 0, 0, 5, 14.00
1700601782, 11, 3, 101, 42, 0, 5.32%, 0, 0, 5, 14.00
1700601797, 11, 3, 102, 43, 0, 5.32%, 0, 0, 5, 14.20
1700601819, 11, 100, 102, 43, 1, 5.32%, 0, 0, 5, 0.67
1700601829, 11, 100, 103, 44, 1, 5.32%, 0, 0, 5, 14.54
1700601850, 11, 102, 103, 43, 1, 5.32%, 0, 0, 5, 13.71
1700601865, 11, 102, 105, 45, 1, 5.32%, 0, 0, 5, 14.27
1700601875, 11, 102, 107, 47, 1, 5.32%, 0, 0, 5, 14.51
1700601896, 11, 105, 107, 46, 1, 5.32%, 0, 0, 5, 13.39
1700601912, 11, 105, 108, 47, 1, 5.32%, 0, 0, 6, 14.49
1700601933, 11, 106, 108, 46, 0, 5.32%, 0, 0, 6, 13.89
1700601948, 12, 0, 108, 45, 0, 5.32%, 0, 0, 6, 13.44
1700601979, 12, 0, 109, 46, 0, 5.32%, 0, 0, 6, 14.48
1700601984, 12, 0, 110, 47, 0, 5.32%, 0, 0, 6, 14.49
1700602005, 12, 1, 110, 47, 0, 5.32%, 0, 0, 6, 14.05
1700602020, 12, 2, 110, 47, 0, 5.32%, 0, 0, 6, 14.59
1700602025, 12, 2, 112, 49, 0, 5.33%, 0, 0, 6, 14.69
1700602030, 12, 2, 113, 50, 0, 5.34%, 0, 0, 6, 14.64
1700602051, 12, 14, 113, 50, 2, 5.34%, 0, 0, 6, 13.91
1700602066, 12, 14, 114, 51, 2, 5.34%, 0, 0, 6, 14.36
1700602071, 12, 14, 115, 52, 2, 5.34%, 0, 0, 6, 14.43
1700602087, 12, 14, 116, 53, 2, 5.34%, 0, 0, 6, 14.33
1700602097, 12, 14, 117, 54, 2, 5.34%, 0, 0, 6, 14.67
1700602117, 12, 110, 117, 54, 2, 5.34%, 0, 0, 6, 0.36
1700602143, 12, 112, 117, 53, 1, 5.34%, 0, 0, 6, 13.75
1700602189, 12, 116, 117, 52, 0, 5.34%, 0, 0, 6, 13.51
1700602215, 13, 0, 117, 51, 0, 5.34%, 0, 0, 6, 13.18
1700602245, 13, 1, 117, 51, 0, 5.34%, 0, 0, 6, 13.69
1700602261, 13, 2, 117, 51, 0, 5.34%, 0, 0, 6, 14.05
1700602281, 13, 3, 117, 51, 0, 5.34%, 0, 0, 6, 13.73
1700602302, 13, 5, 117, 51, 0, 5.34%, 0, 0, 6, 13.91
1700602307, 13, 5, 118, 52, 0, 5.34%, 0, 0, 6, 13.99
1700602327, 13, 43, 118, 52, 1, 5.34%, 0, 0, 6, 11.11
1700602348, 13, 86, 118, 52, 1, 5.34%, 0, 0, 6, 0.76
1700602364, 13, 86, 119, 53, 1, 5.34%, 0, 0, 6, 14.24
1700602384, 13, 106, 119, 53, 1, 5.34%, 0, 0, 6, 13.61
1700602404, 13, 117, 119, 53, 1, 5.34%, 0, 0, 6, 12.91
1700602425, 13, 118, 119, 52, 0, 5.34%, 0, 0, 6, 13.12
1700602461, 14, 0, 119, 51, 0, 5.34%, 0, 0, 6, 13.68
1700602476, 14, 1, 119, 51, 0, 5.34%, 0, 0, 6, 13.33
1700602496, 14, 2, 119, 51, 0, 5.34%, 0, 0, 6, 13.47
1700602517, 14, 3, 119, 51, 0, 5.34%, 0, 0, 6, 13.04
1700602532, 14, 5, 119, 51, 0, 5.34%, 0, 0, 6, 13.24
1700602552, 14, 7, 119, 51, 0, 5.34%, 0, 0, 6, 13.24
1700602573, 14, 8, 119, 51, 0, 5.34%, 0, 0, 6, 13.53
1700602588, 14, 9, 119, 51, 0, 5.34%, 0, 0, 6, 13.37
1700602609, 14, 11, 119, 51, 0, 5.34%, 0, 0, 6, 13.52
1700602624, 14, 11, 120, 52, 0, 5.34%, 0, 0, 6, 14.19
1700602642, 14, 73, 120, 52, 1, 5.34%, 0, 0, 6, 0.51
1700602664, 14, 119, 120, 51, 1, 5.34%, 0, 0, 6, 0.96
1700602685, 15, 0, 120, 50, 0, 5.34%, 0, 0, 6, 13.43
1700602705, 15, 1, 120, 50, 0, 5.34%, 0, 0, 6, 13.57
1700602725, 15, 2, 120, 50, 0, 5.34%, 0, 0, 6, 13.68
1700602741, 15, 3, 120, 50, 0, 5.34%, 0, 0, 6, 13.54
1700602761, 15, 5, 120, 50, 0, 5.34%, 0, 0, 6, 13.72
1700602781, 15, 7, 120, 50, 0, 5.34%, 0, 0, 6, 13.70
1700602797, 15, 8, 120, 50, 0, 5.34%, 0, 0, 6, 13.52
1700602817, 15, 9, 120, 50, 0, 5.34%, 0, 0, 6, 13.80
1700602833, 15, 11, 120, 50, 0, 5.34%, 0, 0, 6, 13.59
1700602853, 15, 13, 120, 50, 0, 5.34%, 0, 0, 6, 13.76
1700602869, 15, 14, 120, 50, 0, 5.34%, 0, 0, 6, 13.77
1700602889, 15, 15, 120, 50, 0, 5.34%, 0, 0, 6, 13.83
1700602909, 15, 16, 120, 50, 0, 5.34%, 0, 0, 6, 13.82
1700602925, 15, 18, 121, 51, 0, 5.34%, 0, 0, 6, 13.94
1700602930, 15, 18, 122, 52, 0, 5.34%, 0, 0, 6, 14.11
1700602940, 15, 18, 123, 53, 0, 5.34%, 0, 0, 6, 14.22
1700602960, 15, 120, 123, 53, 1, 5.34%, 0, 0, 6, 0.52
1700602965, 15, 120, 125, 55, 1, 5.34%, 0, 0, 6, 14.88
1700602991, 15, 123, 125, 54, 2, 5.34%, 0, 0, 6, 13.67
1700602996, 15, 123, 126, 55, 2, 5.34%, 0, 0, 6, 14.73
1700603006, 15, 123, 127, 56, 2, 5.34%, 0, 0, 6, 15.50
1700603032, 15, 124, 127, 55, 2, 5.34%, 0, 0, 6, 13.99
1700603042, 15, 124, 128, 56, 2, 5.34%, 0, 0, 6, 14.21
1700603057, 15, 125, 128, 55, 1, 5.34%, 0, 0, 6, 13.85
1700603068, 15, 125, 129, 56, 1, 5.34%, 0, 0, 6, 14.23
1700603073, 15, 125, 130, 57, 1, 5.34%, 0, 0, 6, 13.92
1700603078, 15, 125, 131, 58, 1, 5.34%, 0, 0, 6, 14.47
1700603110, 15, 125, 132, 59, 1, 5.34%, 0, 0, 6, 14.15
1700603114, 15, 125, 134, 61, 1, 5.35%, 0, 0, 6, 15.22
1700603124, 15, 125, 136, 63, 1, 5.35%, 0, 0, 6, 14.93
1700603129, 15, 125, 137, 64, 1, 5.35%, 0, 0, 6, 14.93
1700603134, 15, 125, 138, 65, 1, 5.35%, 0, 0, 6, 14.60
1700603144, 15, 125, 139, 66, 1, 5.35%, 0, 0, 6, 14.57
1700603160, 15, 125, 140, 67, 1, 5.35%, 0, 0, 6, 13.95
1700603170, 15, 125, 141, 68, 1, 5.35%, 0, 0, 6, 14.02
1700603175, 15, 125, 142, 69, 1, 5.35%, 0, 0, 6, 14.14
1700603231, 15, 125, 143, 70, 1, 5.35%, 0, 0, 6, 14.07
1700603252, 15, 129, 143, 69, 5, 5.35%, 0, 0, 6, 13.99
1700603288, 15, 132, 143, 68, 4, 5.35%, 0, 0, 6, 13.54
1700603308, 15, 135, 143, 67, 3, 5.35%, 0, 0, 6, 13.76
1700603334, 15, 135, 144, 68, 3, 5.35%, 0, 0, 7, 14.08
1700603339, 15, 135, 146, 70, 3, 5.35%, 0, 0, 7, 14.12
1700603376, 15, 135, 147, 71, 3, 5.35%, 0, 0, 7, 14.47
1700603396, 15, 137, 147, 70, 3, 5.35%, 0, 0, 7, 12.96
1700603416, 15, 142, 147, 69, 2, 5.35%, 0, 0, 7, 12.90
1700603442, 15, 144, 147, 68, 1, 5.35%, 0, 0, 7, 13.05
1700603462, 16, 0, 147, 67, 0, 5.35%, 0, 0, 7, 13.11
1700603483, 16, 1, 147, 67, 0, 5.35%, 0, 0, 7, 13.63
1700603498, 16, 2, 147, 67, 0, 5.35%, 0, 0, 7, 13.48
1700603519, 16, 3, 147, 67, 0, 5.35%, 0, 0, 7, 13.76
1700603539, 16, 5, 147, 67, 0, 5.35%, 0, 0, 7, 14.14
1700603554, 16, 7, 147, 67, 0, 5.35%, 0, 0, 7, 13.61
1700603575, 16, 8, 147, 67, 0, 5.35%, 0, 0, 7, 13.63
1700603590, 16, 9, 147, 67, 0, 5.35%, 0, 0, 7, 13.29
1700603611, 16, 11, 147, 67, 0, 5.35%, 0, 0, 7, 13.09
1700603631, 16, 13, 147, 67, 0, 5.35%, 0, 0, 7, 13.13
1700603652, 16, 14, 147, 67, 0, 5.35%, 0, 0, 7, 12.95
1700603667, 16, 15, 147, 67, 0, 5.35%, 0, 0, 7, 12.97
1700603687, 16, 16, 147, 67, 0, 5.35%, 0, 0, 7, 13.85
1700603708, 16, 18, 147, 67, 0, 5.35%, 0, 0, 7, 13.12
1700603723, 16, 19, 147, 67, 0, 5.35%, 0, 0, 7, 13.37
1700603743, 16, 21, 147, 67, 0, 5.35%, 0, 0, 7, 13.97
1700603769, 16, 22, 147, 67, 0, 5.35%, 0, 0, 7, 13.15
1700603789, 16, 23, 147, 67, 0, 5.35%, 0, 0, 7, 13.63
1700603805, 16, 24, 147, 67, 0, 5.35%, 0, 0, 7, 13.25
1700603825, 16, 25, 147, 67, 0, 5.35%, 0, 0, 7, 13.30
1700603845, 16, 26, 147, 67, 0, 5.35%, 0, 0, 7, 13.64
1700603861, 16, 27, 147, 67, 0, 5.35%, 0, 0, 7, 13.14
1700603881, 16, 28, 147, 67, 0, 5.35%, 0, 0, 7, 12.97
1700603901, 16, 29, 147, 67, 0, 5.35%, 0, 0, 7, 13.29
1700603922, 16, 30, 147, 67, 0, 5.35%, 0, 0, 7, 13.87
1700603937, 16, 31, 147, 67, 0, 5.35%, 0, 0, 7, 13.01
1700603958, 16, 32, 147, 67, 0, 5.35%, 0, 0, 7, 13.79
1700603973, 16, 33, 147, 67, 0, 5.35%, 0, 0, 7, 13.26
1700603999, 16, 35, 147, 66, 0, 5.35%, 0, 0, 7, 12.78
1700604035, 16, 35, 148, 67, 0, 5.35%, 0, 0, 7, 14.54
1700604055, 16, 37, 149, 67, 0, 5.35%, 0, 0, 7, 13.99
1700604076, 16, 38, 149, 67, 0, 5.35%, 0, 0, 7, 13.33
1700604106, 16, 39, 149, 66, 0, 5.35%, 0, 0, 7, 13.99
1700604111, 16, 39, 150, 67, 0, 5.35%, 0, 0, 7, 13.98
1700604117, 16, 39, 151, 68, 0, 5.35%, 0, 0, 7, 14.17
1700604122, 16, 39, 152, 69, 0, 5.36%, 0, 0, 7, 13.75
1700604132, 16, 39, 154, 71, 0, 5.37%, 0, 0, 7, 0.68
1700604137, 16, 39, 155, 72, 0, 5.37%, 0, 0, 7, 14.08
1700604148, 16, 39, 157, 74, 0, 5.37%, 0, 0, 7, 14.24
1700604153, 16, 39, 158, 75, 0, 5.38%, 0, 0, 7, 14.13
1700604173, 16, 86, 158, 75, 5, 5.38%, 0, 0, 7, 1.41
1700604189, 16, 86, 159, 76, 5, 5.39%, 0, 0, 7, 14.46
1700604194, 16, 86, 160, 77, 5, 5.39%, 0, 0, 7, 14.63
1700604220, 16, 86, 161, 78, 5, 5.39%, 0, 0, 7, 14.40
1700604235, 16, 86, 163, 80, 5, 5.39%, 0, 0, 7, 14.23
1700604256, 16, 134, 163, 80, 7, 5.39%, 0, 0, 7, 0.80
1700604277, 16, 150, 163, 79, 7, 5.39%, 0, 0, 7, 13.22
1700604297, 16, 151, 163, 78, 6, 5.39%, 0, 0, 7, 13.21
1700604323, 16, 152, 163, 77, 5, 5.39%, 0, 0, 7, 13.38
1700604389, 16, 155, 163, 76, 4, 5.39%, 0, 0, 7, 13.32
1700604414, 16, 157, 163, 75, 3, 5.39%, 0, 0, 7, 13.46
1700604430, 16, 157, 164, 76, 3, 5.39%, 0, 0, 7, 13.83
1700604461, 16, 158, 164, 75, 3, 5.39%, 0, 0, 7, 13.31
1700604491, 16, 158, 165, 76, 3, 5.39%, 0, 0, 7, 13.89
1700604527, 16, 159, 165, 75, 2, 5.39%, 0, 0, 7, 13.63
1700604604, 16, 163, 165, 74, 1, 5.39%, 0, 0, 7, 11.93
1700604609, 16, 163, 166, 75, 1, 5.40%, 0, 0, 7, 13.54
1700604635, 16, 165, 166, 74, 2, 5.40%, 0, 0, 7, 12.92
1700604663, 17, 119, 166, 73, 1, 5.40%, 0, 0, 7, 0.27
1700604683, 17, 119, 168, 75, 1, 5.41%, 0, 0, 7, 14.18
1700604689, 17, 119, 170, 77, 1, 5.41%, 0, 0, 7, 14.30
1700604709, 17, 148, 170, 77, 3, 5.41%, 0, 0, 7, 14.12
1700604740, 17, 166, 170, 76, 2, 5.41%, 0, 0, 7, 13.00
1700604811, 17, 168, 170, 75, 1, 5.41%, 0, 0, 7, 13.46
1700604827, 17, 168, 171, 76, 1, 5.41%, 0, 0, 7, 14.25
1700604832, 17, 168, 172, 77, 1, 5.41%, 0, 0, 7, 14.34
1700604914, 17, 171, 172, 76, 1, 5.41%, 0, 0, 7, 13.59
1700604934, 18, 0, 172, 75, 0, 5.41%, 0, 0, 7, 14.21
1700604945, 18, 0, 173, 76, 0, 5.41%, 0, 0, 7, 14.24
1700604950, 18, 0, 174, 77, 0, 5.41%, 0, 0, 7, 14.44
1700604955, 18, 0, 175, 78, 0, 5.41%, 0, 0, 7, 14.65
1700604965, 18, 0, 176, 79, 0, 5.41%, 0, 0, 7, 14.69
1700604980, 18, 0, 177, 80, 0, 5.41%, 0, 0, 7, 14.64
1700604985, 18, 0, 178, 81, 0, 5.41%, 0, 0, 7, 14.68
1700604996, 18, 0, 179, 82, 0, 5.42%, 0, 0, 7, 14.62
1700605011, 18, 0, 180, 83, 0, 5.42%, 0, 0, 7, 14.65
1700605047, 18, 21, 180, 83, 4, 5.42%, 0, 0, 7, 14.36
1700605057, 18, 21, 181, 84, 4, 5.43%, 0, 0, 7, 14.32
1700605067, 18, 21, 182, 85, 4, 5.43%, 0, 0, 7, 14.75
1700605072, 18, 21, 183, 86, 4, 5.43%, 0, 0, 7, 14.67
1700605082, 18, 21, 184, 87, 4, 5.43%, 0, 0, 7, 14.32
1700605087, 18, 21, 185, 88, 4, 5.44%, 0, 0, 7, 14.67
1700605108, 18, 21, 186, 89, 4, 5.44%, 0, 0, 7, 14.58
1700605113, 18, 21, 187, 90, 4, 5.44%, 0, 0, 7, 14.51
1700605123, 18, 21, 188, 91, 4, 5.44%, 0, 0, 7, 14.64
1700605139, 18, 21, 190, 93, 4, 5.45%, 0, 0, 7, 14.54
1700605154, 18, 21, 191, 94, 4, 5.45%, 0, 0, 7, 14.32
1700605174, 18, 21, 192, 95, 4, 5.45%, 0, 0, 7, 14.53
1700605218, 18, 174, 192, 95, 10, 5.45%, 0, 0, 7, 0.41
1700605239, 18, 174, 193, 96, 10, 5.45%, 0, 0, 7, 14.89
1700605249, 18, 174, 194, 97, 10, 5.45%, 0, 0, 7, 15.06
1700605362, 18, 176, 194, 96, 11, 5.45%, 0, 0, 7, 13.15
1700605392, 18, 178, 194, 95, 10, 5.45%, 0, 0, 7, 13.62
1700605449, 18, 179, 194, 94, 9, 5.45%, 0, 0, 7, 13.51
1700605476, 18, 180, 194, 93, 8, 5.45%, 0, 0, 7, 13.91
1700605496, 18, 181, 194, 92, 7, 5.45%, 0, 0, 7, 14.22
1700605511, 18, 184, 194, 91, 6, 5.45%, 0, 0, 7, 13.71
1700605537, 18, 185, 194, 90, 5, 5.45%, 0, 0, 7, 14.05
1700605557, 18, 186, 194, 89, 4, 5.45%, 0, 0, 7, 13.31
1700605593, 18, 189, 194, 88, 3, 5.45%, 0, 0, 7, 13.82
1700605634, 18, 192, 194, 87, 2, 5.45%, 0, 0, 7, 13.49
1700605680, 18, 193, 194, 86, 1, 5.45%, 0, 0, 7, 13.85
1700605711, 18, 193, 196, 88, 1, 5.46%, 0, 0, 7, 14.48
1700605752, 18, 193, 197, 89, 1, 5.46%, 0, 0, 7, 14.73
1700605824, 18, 193, 198, 90, 1, 5.46%, 0, 0, 7, 13.52
1700605840, 18, 193, 199, 91, 1, 5.46%, 0, 0, 7, 14.29
1700605865, 18, 194, 199, 90, 3, 5.46%, 0, 0, 7, 13.83
1700605907, 18, 196, 199, 89, 2, 5.46%, 0, 0, 7, 13.54
1700605963, 18, 197, 199, 88, 1, 5.46%, 0, 0, 7, 13.44
1700606045, 19, 0, 200, 88, 0, 5.46%, 0, 0, 7, 14.10
1700606070, 19, 101, 200, 88, 1, 5.46%, 0, 0, 7, 0.65
1700606178, 19, 101, 201, 89, 1, 5.46%, 0, 0, 7, 14.10
1700606204, 19, 199, 201, 88, 1, 5.46%, 0, 0, 7, 0.47
1700606265, 19, 199, 203, 90, 1, 5.47%, 0, 0, 7, 14.90
1700606276, 19, 199, 204, 91, 1, 5.47%, 0, 0, 7, 14.55
1700606296, 19, 199, 206, 93, 1, 5.47%, 0, 0, 7, 14.97
1700606313, 19, 199, 207, 94, 1, 5.47%, 0, 0, 7, 14.42
1700606323, 19, 199, 209, 96, 1, 5.47%, 0, 0, 7, 14.99
1700606333, 19, 199, 210, 97, 1, 5.47%, 0, 0, 7, 14.66
1700606338, 19, 199, 211, 98, 1, 5.47%, 0, 0, 7, 15.04
1700606354, 19, 199, 212, 99, 1, 5.47%, 0, 0, 7, 15.09
1700606410, 19, 202, 212, 98, 6, 5.47%, 0, 0, 7, 13.40
1700606477, 19, 205, 212, 97, 5, 5.47%, 0, 0, 7, 13.69
1700606503, 19, 206, 212, 96, 4, 5.47%, 0, 0, 7, 13.74
1700606534, 19, 207, 212, 95, 3, 5.47%, 0, 0, 7, 13.59
1700606565, 19, 208, 212, 94, 2, 5.47%, 0, 0, 7, 13.46
1700606596, 19, 211, 212, 93, 1, 5.47%, 0, 0, 7, 13.14
1700606750, 19, 211, 213, 94, 1, 5.48%, 0, 0, 7, 14.25
1700606770, 19, 212, 213, 93, 1, 5.48%, 0, 0, 7, 13.60
1700606894, 20, 0, 213, 92, 0, 5.48%, 0, 0, 7, 13.85
1700606914, 20, 1, 213, 92, 0, 5.48%, 0, 0, 7, 14.39
1700606919, 20, 1, 214, 93, 0, 5.48%, 0, 0, 7, 14.33
1700606950, 20, 2, 214, 93, 0, 5.48%, 0, 0, 7, 14.11
1700606966, 20, 3, 214, 93, 0, 5.48%, 0, 0, 7, 13.58
1700606986, 20, 5, 214, 93, 0, 5.48%, 0, 0, 7, 14.25
1700607001, 20, 6, 214, 93, 0, 5.48%, 0, 0, 7, 13.80
1700607022, 20, 7, 214, 93, 0, 5.48%, 0, 0, 7, 13.95
1700607037, 20, 8, 214, 93, 0, 5.48%, 0, 0, 7, 13.93
1700607058, 20, 9, 214, 93, 0, 5.48%, 0, 0, 7, 14.02
1700607073, 20, 11, 214, 93, 0, 5.48%, 0, 0, 7, 13.87
1700607094, 20, 13, 214, 93, 0, 5.48%, 0, 0, 7, 13.53
1700607109, 20, 14, 214, 93, 0, 5.48%, 0, 0, 7, 13.96
1700607130, 20, 15, 214, 93, 0, 5.48%, 0, 0, 7, 13.56
1700607145, 20, 16, 214, 93, 0, 5.48%, 0, 0, 7, 13.47
1700607166, 20, 18, 214, 93, 0, 5.48%, 0, 0, 7, 13.84
1700607196, 20, 19, 214, 93, 0, 5.48%, 0, 0, 7, 13.97
1700607217, 20, 20, 214, 93, 0, 5.48%, 0, 0, 7, 14.04
1700607232, 20, 21, 214, 93, 0, 5.48%, 0, 0, 7, 14.12
1700607253, 20, 22, 214, 93, 0, 5.48%, 0, 0, 7, 14.15
1700607273, 20, 23, 214, 93, 0, 5.48%, 0, 0, 7, 14.09
1700607283, 20, 23, 215, 94, 0, 5.48%, 0, 0, 7, 14.69
1700607298, 20, 24, 215, 94, 0, 5.48%, 0, 0, 7, 13.94
1700607319, 20, 25, 215, 94, 0, 5.48%, 0, 0, 7, 14.07
1700607324, 20, 25, 216, 95, 0, 5.48%, 0, 0, 7, 13.92
1700607349, 20, 150, 216, 95, 1, 5.48%, 0, 0, 7, 0.49
1700607371, 20, 215, 216, 95, 1, 5.48%, 0, 0, 7, 0.93
1700607407, 21, 0, 216, 94, 0, 5.48%, 0, 0, 7, 13.86
1700607412, 21, 0, 217, 95, 0, 5.49%, 0, 0, 7, 14.18
1700607442, 21, 185, 217, 95, 1, 5.49%, 0, 0, 7, 0.17
1700607457, 21, 185, 218, 96, 1, 5.49%, 0, 0, 7, 14.17
1700607473, 21, 185, 219, 97, 1, 5.49%, 0, 0, 7, 14.06
1700607489, 21, 211, 219, 97, 2, 5.49%, 0, 0, 7, 2.01
1700607510, 21, 216, 219, 97, 2, 5.49%, 0, 0, 7, 13.17
1700607535, 21, 217, 219, 96, 1, 5.49%, 0, 0, 7, 13.33
1700607571, 21, 218, 219, 95, 0, 5.49%, 0, 0, 7, 14.15
1700607607, 22, 0, 219, 94, 0, 5.49%, 0, 0, 7, 13.61
1700607612, 22, 0, 220, 95, 0, 5.49%, 0, 0, 7, 14.39
1700607639, 22, 124, 220, 95, 1, 5.49%, 0, 0, 7, 0.38
1700607662, 22, 197, 220, 95, 1, 5.49%, 0, 0, 7, 0.41
1700607682, 22, 219, 220, 95, 1, 5.49%, 0, 0, 7, 13.73
1700607703, 23, 0, 220, 94, 0, 5.49%, 0, 0, 7, 14.08
1700607718, 23, 1, 220, 94, 0, 5.49%, 0, 0, 7, 13.99
1700607739, 23, 2, 220, 94, 0, 5.49%, 0, 0, 7, 13.94
1700607760, 23, 3, 220, 94, 0, 5.49%, 0, 0, 7, 14.12
1700607775, 23, 5, 220, 94, 0, 5.49%, 0, 0, 7, 13.99
1700607801, 23, 6, 220, 94, 0, 5.49%, 0, 0, 7, 13.36
1700607822, 23, 7, 221, 95, 0, 5.49%, 0, 0, 7, 13.88
1700607842, 23, 8, 221, 95, 0, 5.49%, 0, 0, 7, 14.17
1700607863, 23, 9, 221, 95, 0, 5.49%, 0, 0, 7, 13.42
1700607878, 23, 11, 222, 96, 0, 5.49%, 0, 0, 7, 14.04
1700607883, 23, 11, 223, 97, 0, 5.49%, 0, 0, 7, 14.16
1700607898, 23, 11, 224, 98, 0, 5.50%, 0, 0, 7, 14.13
1700607919, 23, 70, 224, 98, 3, 5.50%, 0, 0, 7, 14.64
1700607970, 23, 70, 225, 99, 3, 5.50%, 0, 0, 7, 14.19
1700608027, 23, 111, 225, 99, 4, 5.50%, 0, 0, 7, 14.04
1700608143, 23, 187, 225, 98, 3, 5.50%, 0, 0, 7, 0.78
1700608163, 23, 187, 226, 99, 3, 5.50%, 0, 0, 7, 14.40
1700608185, 23, 221, 226, 98, 3, 5.50%, 0, 0, 7, 0.87
1700608272, 23, 223, 226, 97, 2, 5.50%, 0, 0, 7, 13.58
1700608297, 23, 224, 226, 96, 1, 5.50%, 0, 0, 7, 14.00
1700608333, 24, 0, 226, 95, 0, 5.50%, 0, 0, 7, 13.13
1700608338, 24, 0, 228, 97, 0, 5.51%, 0, 0, 7, 14.51
1700608343, 24, 0, 229, 98, 0, 5.51%, 0, 0, 7, 14.75
1700608359, 24, 0, 230, 99, 0, 5.52%, 0, 0, 7, 14.18
1700608380, 24, 44, 230, 99, 4, 5.52%, 0, 0, 7, 1.34
1700608401, 24, 92, 230, 99, 4, 5.52%, 0, 0, 7, 1.36
1700608406, 24, 92, 231, 100, 4, 5.53%, 0, 0, 7, 14.15
1700608411, 24, 92, 232, 101, 4, 5.53%, 0, 0, 7, 14.35
1700608438, 24, 189, 232, 100, 5, 5.53%, 0, 0, 7, 0.30
1700608474, 24, 191, 232, 100, 5, 5.53%, 0, 0, 7, 13.55
1700608501, 24, 227, 232, 99, 5, 5.53%, 0, 0, 7, 1.48
1700608531, 24, 227, 233, 100, 5, 5.53%, 0, 0, 7, 14.52
1700608562, 24, 228, 233, 99, 4, 5.53%, 0, 0, 7, 13.87
1700608588, 24, 228, 234, 100, 4, 5.53%, 0, 0, 7, 13.63
1700608608, 24, 229, 234, 99, 3, 5.53%, 0, 0, 7, 13.56
1700608664, 24, 230, 234, 98, 2, 5.53%, 0, 0, 7, 14.91
1700608675, 24, 230, 235, 99, 2, 5.53%, 0, 0, 7, 14.71
1700608690, 24, 231, 235, 98, 1, 5.53%, 0, 0, 7, 14.00
1700608710, 25, 0, 235, 97, 0, 5.53%, 0, 0, 7, 13.16
1700608731, 25, 1, 235, 97, 0, 5.53%, 0, 0, 7, 14.16
1700608746, 25, 2, 235, 97, 0, 5.53%, 0, 0, 7, 14.62
1700608756, 25, 2, 237, 99, 0, 5.54%, 0, 0, 7, 14.42
1700608762, 25, 2, 238, 100, 0, 5.54%, 0, 0, 7, 14.16
1700608783, 25, 95, 238, 100, 3, 5.54%, 0, 0, 7, 0.37
1700608842, 25, 201, 238, 99, 3, 5.54%, 0, 0, 7, 0.55
1700608868, 25, 201, 239, 100, 3, 5.54%, 0, 0, 7, 14.27
1700608894, 25, 235, 239, 99, 3, 5.54%, 0, 0, 7, 1.16
1700608934, 25, 236, 239, 98, 2, 5.54%, 0, 0, 7, 13.65
1700608991, 25, 237, 239, 97, 1, 5.54%, 0, 0, 7, 13.43
1700609017, 25, 238, 239, 96, 0, 5.54%, 0, 0, 7, 14.16
1700609073, 26, 0, 239, 95, 0, 5.54%, 0, 0, 7, 14.17
1700609114, 26, 1, 239, 95, 0, 5.54%, 0, 0, 7, 14.10
1700609130, 26, 1, 240, 96, 0, 5.55%, 0, 0, 7, 14.50
1700609176, 26, 1, 241, 97, 0, 5.55%, 0, 0, 7, 13.94
1700609181, 26, 1, 242, 98, 0, 5.55%, 0, 0, 7, 14.52
1700609186, 26, 1, 245, 101, 0, 5.55%, 0, 0, 7, 14.64
1700609197, 26, 1, 247, 103, 0, 5.55%, 0, 0, 7, 15.35
1700609207, 26, 1, 248, 104, 0, 5.55%, 0, 0, 7, 14.83
1700609212, 26, 1, 249, 105, 0, 5.55%, 0, 0, 7, 14.72
1700609227, 26, 1, 251, 107, 0, 5.56%, 0, 0, 7, 14.61
1700609250, 26, 94, 251, 107, 5, 5.56%, 0, 0, 7, 0.37
1700609314, 26, 194, 251, 106, 5, 5.56%, 0, 0, 7, 0.59
1700609334, 26, 239, 251, 106, 5, 5.56%, 0, 0, 7, 0.94
1700609354, 26, 239, 252, 107, 5, 5.56%, 0, 0, 7, 14.28
1700609375, 26, 242, 252, 106, 4, 5.56%, 0, 0, 7, 13.26
1700609426, 26, 242, 253, 107, 4, 5.56%, 0, 0, 7, 14.72
1700609457, 26, 247, 253, 106, 4, 5.56%, 0, 0, 7, 14.02
1700609575, 26, 248, 253, 105, 3, 5.56%, 0, 0, 7, 14.18
1700609595, 26, 248, 254, 106, 3, 5.56%, 0, 0, 7, 14.49
1700609626, 26, 250, 254, 105, 2, 5.56%, 0, 0, 7, 13.63
1700609656, 26, 250, 255, 106, 2, 5.56%, 0, 0, 7, 15.03
1700609682, 26, 250, 256, 107, 2, 5.56%, 0, 0, 7, 14.85
1700609703, 26, 250, 257, 108, 2, 5.56%, 0, 0, 7, 14.41
1700609848, 26, 252, 257, 107, 3, 5.56%, 0, 0, 7, 14.08
1700609915, 26, 255, 257, 106, 2, 5.56%, 0, 0, 7, 14.21
1700609929, 26, 255, 258, 107, 2, 5.56%, 0, 0, 7, 13.69
1700609991, 26, 256, 258, 106, 1, 5.56%, 0, 0, 7, 13.91
1700610032, 26, 256, 259, 107, 1, 5.56%, 0, 0, 7, 14.85
1700610057, 26, 256, 260, 108, 1, 5.56%, 0, 0, 7, 14.44
1700610109, 26, 256, 263, 111, 1, 5.56%, 0, 0, 7, 14.57
1700610176, 26, 256, 264, 112, 1, 5.56%, 0, 0, 7, 14.45
1700610196, 26, 258, 264, 111, 3, 5.56%, 0, 0, 7, 13.58
1700610263, 26, 262, 264, 110, 2, 5.56%, 0, 0, 7, 13.81
1700610299, 26, 263, 264, 109, 1, 5.56%, 0, 0, 7, 13.60
1700610319, 26, 263, 266, 111, 1, 5.56%, 0, 0, 7, 14.74
1700610380, 26, 263, 267, 112, 1, 5.56%, 0, 0, 7, 14.86
1700610516, 26, 265, 267, 111, 1, 5.56%, 0, 0, 7, 0.65
1700610614, 26, 266, 267, 110, 0, 5.56%, 0, 0, 7, 13.93
1700610649, 27, 0, 267, 109, 0, 5.56%, 0, 0, 7, 13.80
1700610670, 27, 1, 268, 110, 0, 5.56%, 0, 0, 7, 14.09
1700610680, 27, 1, 269, 111, 0, 5.56%, 0, 0, 7, 13.92
1700610702, 27, 2, 269, 111, 0, 5.56%, 0, 0, 7, 14.00
1700610727, 27, 3, 269, 111, 0, 5.56%, 0, 0, 7, 14.20
1700610737, 27, 3, 270, 112, 0, 5.56%, 0, 0, 7, 14.34
1700610753, 27, 5, 270, 112, 0, 5.56%, 0, 0, 7, 14.18
1700610773, 27, 6, 270, 112, 0, 5.56%, 0, 0, 7, 14.43
1700610788, 27, 7, 270, 112, 0, 5.56%, 0, 0, 7, 14.36
1700610809, 27, 8, 270, 112, 0, 5.56%, 0, 0, 7, 13.95
1700610824, 27, 9, 270, 112, 0, 5.56%, 0, 0, 7, 13.64
1700610845, 27, 11, 270, 112, 0, 5.56%, 0, 0, 7, 13.71
1700610855, 27, 11, 271, 113, 0, 5.56%, 0, 0, 7, 14.23
1700610872, 27, 56, 271, 113, 2, 5.56%, 0, 0, 7, 1.28
1700610903, 27, 82, 271, 112, 1, 5.56%, 0, 0, 7, 13.76
1700610924, 27, 113, 271, 112, 1, 5.56%, 0, 0, 7, 14.62
1700610949, 27, 144, 271, 111, 1, 5.56%, 0, 0, 7, 14.04
1700610959, 27, 144, 272, 112, 1, 5.56%, 0, 0, 8, 14.16
1700610975, 27, 144, 274, 114, 1, 5.56%, 0, 0, 8, 14.75
1700610980, 27, 144, 275, 115, 1, 5.56%, 0, 0, 8, 14.80
1700610995, 27, 144, 276, 116, 1, 5.56%, 0, 0, 8, 14.75
1700611005, 27, 144, 277, 117, 1, 5.56%, 0, 0, 8, 14.30
1700611010, 27, 144, 278, 118, 1, 5.56%, 0, 0, 8, 14.65
1700611015, 27, 144, 279, 119, 1, 5.56%, 0, 0, 8, 14.55
1700611059, 27, 266, 279, 119, 6, 5.56%, 0, 0, 8, 0.25
1700611080, 27, 270, 279, 119, 6, 5.56%, 0, 0, 8, 13.95
1700611100, 27, 272, 279, 118, 5, 5.56%, 0, 0, 8, 13.45
1700611121, 27, 272, 280, 119, 5, 5.56%, 0, 0, 9, 0.68
1700611147, 27, 273, 280, 118, 4, 5.56%, 0, 0, 9, 13.75
1700611193, 27, 278, 280, 117, 3, 5.56%, 0, 0, 9, 13.49
1700611215, 28, 33, 280, 116, 2, 5.56%, 0, 0, 9, 0.91
1700611236, 28, 33, 281, 117, 2, 5.56%, 0, 0, 9, 14.23
1700611262, 28, 41, 281, 117, 2, 5.56%, 0, 0, 9, 13.79
1700611267, 28, 41, 284, 120, 2, 5.56%, 0, 0, 9, 14.82
1700611272, 28, 41, 285, 121, 2, 5.56%, 0, 0, 9, 14.60
1700611318, 28, 41, 286, 122, 2, 5.56%, 0, 0, 9, 14.37
1700611328, 28, 41, 287, 123, 2, 5.56%, 0, 0, 9, 14.34
1700611350, 28, 122, 287, 123, 5, 5.56%, 0, 0, 9, 0.40
1700611432, 28, 143, 287, 122, 4, 5.56%, 0, 0, 9, 2.26
1700611458, 28, 185, 287, 121, 3, 5.56%, 0, 0, 9, 14.67
1700611489, 28, 216, 287, 121, 3, 5.56%, 0, 0, 9, 0.86
1700611509, 28, 222, 287, 121, 3, 5.56%, 0, 0, 9, 13.70
1700611530, 28, 222, 288, 122, 3, 5.57%, 0, 0, 9, 13.81
1700611571, 28, 264, 288, 121, 4, 5.57%, 0, 0, 9, 13.33
1700611607, 28, 284, 288, 120, 4, 5.57%, 0, 0, 9, 13.58
1700611632, 28, 285, 288, 119, 3, 5.57%, 0, 0, 9, 13.58
1700611673, 28, 286, 288, 118, 2, 5.57%, 0, 0, 9, 13.45
1700611694, 28, 287, 288, 117, 1, 5.57%, 0, 0, 9, 13.47
1700611740, 29, 0, 288, 116, 0, 5.57%, 0, 0, 9, 13.55
1700611782, 29, 1, 288, 116, 0, 5.57%, 0, 0, 9, 0.62
1700611798, 29, 1, 289, 117, 0, 5.57%, 0, 0, 9, 14.28
1700611813, 29, 2, 289, 117, 0, 5.57%, 0, 0, 9, 14.08
1700611834, 29, 3, 289, 117, 0, 5.57%, 0, 0, 9, 14.17
1700611849, 29, 5, 289, 117, 0, 5.57%, 0, 0, 9, 13.98
1700611854, 29, 5, 290, 118, 0, 5.57%, 0, 0, 9, 14.09
1700611859, 29, 5, 291, 119, 0, 5.57%, 0, 0, 9, 13.87
1700611880, 29, 5, 292, 120, 0, 5.57%, 0, 0, 9, 14.39
1700611905, 29, 53, 292, 120, 1, 5.57%, 0, 0, 9, 10.99
1700611915, 29, 53, 293, 121, 1, 5.57%, 0, 0, 9, 14.47
1700611955, 29, 123, 293, 120, 1, 5.57%, 0, 0, 9, 0.92
1700612005, 29, 291, 293, 120, 1, 5.57%, 0, 0, 9, 0.35
1700612092, 29, 291, 295, 122, 1, 5.57%, 0, 0, 9, 14.40
1700612184, 29, 294, 295, 121, 1, 5.57%, 0, 0, 9, 13.16
1700612277, 30, 0, 295, 120, 0, 5.57%, 0, 0, 9, 13.27
1700612298, 30, 1, 295, 120, 0, 5.57%, 0, 0, 9, 14.03
1700612303, 30, 1, 296, 121, 0, 5.57%, 0, 0, 9, 14.53
1700612308, 30, 1, 297, 122, 0, 5.57%, 0, 0, 9, 14.12
1700612328, 30, 2, 297, 122, 0, 5.57%, 0, 0, 9, 13.95
1700612354, 30, 3, 297, 122, 0, 5.57%, 0, 0, 9, 14.40
1700612364, 30, 3, 298, 123, 0, 5.57%, 0, 0, 9, 14.58
1700612374, 30, 3, 300, 125, 0, 5.59%, 0, 0, 9, 14.72
1700612379, 30, 3, 302, 127, 0, 5.59%, 0, 0, 9, 14.98
1700612384, 30, 3, 306, 131, 0, 5.59%, 0, 0, 9, 14.76
1700612390, 30, 3, 308, 133, 0, 5.60%, 0, 0, 9, 14.73
1700612400, 30, 3, 309, 134, 0, 5.60%, 0, 0, 9, 14.55
1700612405, 30, 3, 310, 135, 0, 5.61%, 0, 0, 9, 14.69
1700612415, 30, 3, 311, 136, 0, 5.61%, 0, 0, 9, 14.52
1700612420, 30, 3, 312, 137, 0, 5.61%, 0, 0, 9, 14.75
1700612425, 30, 3, 313, 138, 0, 5.62%, 0, 0, 9, 14.77
1700612431, 30, 3, 315, 140, 0, 5.63%, 0, 0, 9, 14.82
1700612458, 30, 172, 315, 140, 8, 5.63%, 0, 0, 9, 0.34
1700612479, 30, 172, 317, 142, 8, 5.63%, 0, 0, 9, 15.09
1700612531, 30, 282, 317, 141, 8, 5.63%, 0, 0, 9, 0.27
1700612603, 30, 299, 317, 140, 8, 5.63%, 0, 0, 9, 12.73
1700612684, 30, 299, 318, 141, 8, 5.63%, 0, 0, 9, 15.39
1700612690, 30, 299, 319, 142, 8, 5.63%, 0, 0, 9, 14.08
1700612705, 30, 299, 320, 143, 8, 5.63%, 0, 0, 9, 14.49
1700612720, 30, 304, 320, 142, 7, 5.63%, 0, 0, 9, 13.86
1700612865, 30, 305, 320, 141, 6, 5.63%, 0, 0, 9, 13.34
1700612900, 30, 305, 321, 142, 6, 5.63%, 0, 0, 9, 14.36
1700612927, 30, 306, 321, 141, 5, 5.63%, 0, 0, 9, 0.65
1700612958, 30, 308, 321, 140, 4, 5.63%, 0, 0, 9, 13.26
1700613065, 30, 309, 321, 139, 3, 5.63%, 0, 0, 9, 13.86
1700613085, 30, 312, 321, 138, 2, 5.63%, 0, 0, 9, 14.03
1700613121, 30, 313, 321, 137, 1, 5.63%, 0, 0, 9, 13.57
1700613157, 30, 316, 321, 136, 0, 5.63%, 0, 0, 9, 13.78
1700613198, 30, 316, 323, 138, 0, 5.63%, 0, 0, 9, 14.64
1700613270, 30, 322, 323, 137, 1, 5.63%, 0, 0, 9, 13.56
1700613510, 31, 0, 323, 136, 0, 5.63%, 0, 0, 9, 14.19
1700613525, 31, 0, 324, 137, 0, 5.63%, 0, 0, 9, 14.51
1700613541, 31, 0, 325, 138, 0, 5.64%, 0, 0, 9, 13.72
1700613556, 31, 0, 326, 139, 0, 5.64%, 0, 0, 9, 14.68
1700613561, 31, 0, 327, 140, 0, 5.64%, 0, 0, 9, 14.36
1700613566, 31, 0, 328, 141, 0, 5.64%, 0, 0, 9, 14.36
1700613589, 31, 49, 328, 141, 2, 5.64%, 0, 0, 9, 0.65
1700613609, 31, 49, 329, 142, 2, 5.65%, 0, 0, 9, 14.40
1700613639, 31, 123, 329, 142, 3, 5.65%, 0, 0, 9, 0.45
1700613644, 31, 123, 330, 143, 3, 5.65%, 0, 0, 9, 15.64
1700613672, 31, 260, 330, 143, 3, 5.65%, 0, 0, 9, 0.22
1700613708, 31, 260, 331, 144, 3, 5.65%, 0, 0, 9, 14.34
1700613766, 31, 323, 331, 143, 3, 5.65%, 0, 0, 9, 0.65
1700613807, 31, 324, 331, 142, 2, 5.65%, 0, 0, 9, 13.55
1700613858, 31, 328, 331, 141, 1, 5.65%, 0, 0, 9, 13.42
1700613883, 32, 0, 331, 140, 0, 5.65%, 0, 0, 9, 13.83
1700613899, 32, 0, 332, 141, 0, 5.65%, 0, 0, 9, 14.24
1700613930, 32, 0, 333, 142, 0, 5.65%, 0, 0, 9, 13.94
1700613970, 32, 0, 334, 143, 0, 5.65%, 0, 0, 9, 14.45
1700613991, 32, 19, 334, 143, 2, 5.65%, 0, 0, 9, 13.03
1700614006, 32, 19, 335, 144, 2, 5.65%, 0, 0, 9, 14.53
1700614022, 32, 19, 336, 145, 2, 5.65%, 0, 0, 9, 14.32
1700614044, 32, 147, 336, 145, 4, 5.65%, 0, 0, 9, 0.25
1700614109, 32, 332, 336, 144, 4, 5.65%, 0, 0, 9, 0.41
1700614144, 32, 333, 336, 143, 3, 5.65%, 0, 0, 9, 13.57
1700614175, 32, 334, 336, 142, 2, 5.65%, 0, 0, 9, 13.99
1700614192, 32, 334, 337, 143, 2, 5.65%, 0, 0, 9, 14.50
1700614211, 32, 335, 337, 142, 1, 5.65%, 0, 0, 9, 13.74
1700614221, 32, 335, 338, 143, 1, 5.66%, 0, 0, 9, 14.30
1700614257, 32, 337, 338, 142, 1, 5.66%, 0, 0, 9, 14.28
1700614278, 33, 0, 338, 141, 0, 5.66%, 0, 0, 9, 14.14
1700614323, 33, 1, 338, 141, 0, 5.66%, 0, 0, 9, 14.05
1700614339, 33, 2, 338, 141, 0, 5.66%, 0, 0, 9, 14.23
1700614359, 33, 2, 339, 142, 0, 5.67%, 0, 0, 9, 13.85
1700614392, 33, 57, 339, 142, 1, 5.67%, 0, 0, 9, 1.09
1700614424, 33, 138, 339, 141, 1, 5.67%, 0, 0, 9, 0.41
1700614456, 33, 272, 339, 140, 1, 5.67%, 0, 0, 9, 0.33
1700614493, 33, 272, 341, 142, 1, 5.67%, 0, 0, 9, 0.70
1700614524, 33, 272, 343, 144, 1, 5.70%, 0, 0, 9, 15.25
1700614529, 33, 272, 345, 146, 1, 5.70%, 0, 0, 9, 15.26
1700614544, 33, 272, 346, 147, 1, 5.70%, 0, 0, 9, 14.80
1700614606, 33, 272, 347, 148, 1, 5.70%, 0, 0, 9, 14.85
1700614636, 33, 338, 347, 148, 5, 5.70%, 0, 0, 9, 12.95
1700614688, 33, 340, 347, 147, 4, 5.70%, 0, 0, 9, 13.53
1700614714, 33, 340, 348, 148, 4, 5.70%, 0, 0, 10, 14.25
1700614796, 33, 341, 348, 147, 4, 5.70%, 0, 0, 10, 13.51
1700614837, 33, 342, 348, 146, 3, 5.70%, 0, 0, 10, 13.74
1700614894, 33, 347, 348, 145, 2, 5.70%, 0, 0, 10, 13.41
1700614924, 34, 71, 348, 144, 1, 5.70%, 0, 0, 10, 0.71
1700614945, 34, 76, 348, 143, 1, 5.70%, 0, 0, 10, 13.76
1700614982, 34, 116, 348, 142, 1, 5.70%, 0, 0, 10, 1.53
1700614992, 34, 116, 350, 144, 1, 5.70%, 0, 0, 10, 15.16
1700614997, 34, 116, 351, 145, 1, 5.70%, 0, 0, 10, 15.27
1700615019, 34, 163, 351, 145, 1, 5.70%, 0, 0, 10, 0.90
1700615039, 34, 165, 351, 145, 1, 5.70%, 0, 0, 10, 14.25
1700615070, 34, 193, 351, 145, 1, 5.70%, 0, 0, 10, 13.83
1700615106, 34, 228, 351, 145, 1, 5.70%, 0, 0, 10, 1.49
1700615152, 34, 253, 351, 145, 1, 5.70%, 0, 0, 10, 13.80
1700615172, 34, 257, 351, 144, 0, 5.70%, 0, 0, 10, 13.67
1700615255, 34, 262, 351, 143, 0, 5.70%, 0, 0, 10, 13.65
1700615281, 34, 262, 352, 144, 0, 5.70%, 0, 0, 10, 14.93
1700615291, 34, 262, 353, 145, 0, 5.70%, 0, 0, 10, 14.54
1700615307, 34, 265, 353, 145, 0, 5.70%, 0, 0, 10, 13.61
1700615327, 34, 268, 353, 145, 0, 5.70%, 0, 0, 10, 13.82
1700615348, 34, 270, 353, 144, 0, 5.70%, 0, 0, 10, 14.05
1700615368, 34, 272, 353, 144, 0, 5.70%, 0, 0, 10, 13.74
1700615389, 34, 273, 353, 144, 0, 5.70%, 0, 0, 10, 13.79
1700615409, 34, 276, 353, 144, 0, 5.70%, 0, 0, 10, 13.32
1700615435, 34, 277, 353, 143, 0, 5.70%, 0, 0, 10, 13.32
1700615461, 34, 278, 353, 142, 0, 5.70%, 0, 0, 10, 14.21
1700615476, 34, 281, 353, 142, 0, 5.70%, 0, 0, 10, 13.22
1700615558, 34, 283, 353, 141, 0, 5.70%, 0, 0, 10, 14.42
1700615573, 34, 284, 353, 140, 0, 5.70%, 0, 0, 10, 14.06
1700615609, 34, 285, 353, 140, 0, 5.70%, 0, 0, 10, 14.26
1700615629, 34, 287, 353, 140, 0, 5.70%, 0, 0, 10, 14.22
1700615650, 34, 288, 353, 140, 0, 5.70%, 0, 0, 10, 13.47
1700615746, 34, 289, 353, 139, 0, 5.70%, 0, 0, 10, 14.01
1700615777, 34, 294, 353, 138, 0, 5.70%, 0, 0, 10, 13.80
1700615823, 34, 296, 353, 138, 0, 5.70%, 0, 0, 10, 13.27
1700615966, 34, 299, 354, 138, 0, 5.70%, 0, 0, 10, 14.12
1700615977, 34, 299, 355, 139, 0, 5.70%, 0, 0, 10, 14.37
1700615992, 34, 299, 356, 140, 0, 5.70%, 0, 0, 10, 14.26
1700616018, 34, 299, 357, 141, 0, 5.70%, 0, 0, 10, 14.57
1700616023, 34, 299, 359, 143, 0, 5.71%, 0, 0, 10, 14.38
1700616028, 34, 299, 360, 144, 0, 5.71%, 0, 0, 10, 14.39
1700616033, 34, 299, 362, 146, 0, 5.71%, 0, 0, 10, 14.34
1700616038, 34, 299, 363, 147, 0, 5.72%, 0, 0, 10, 14.46
1700616059, 34, 299, 365, 149, 0, 5.72%, 0, 0, 10, 14.44
1700616079, 34, 328, 365, 149, 4, 5.72%, 0, 0, 10, 13.95
1700616105, 34, 349, 365, 149, 4, 5.72%, 0, 0, 10, 13.32
1700616166, 34, 355, 365, 148, 4, 5.72%, 0, 0, 10, 13.33
1700616233, 34, 358, 365, 147, 3, 5.72%, 0, 0, 10, 13.79
1700616372, 34, 358, 366, 148, 3, 5.72%, 0, 0, 10, 14.85
1700616402, 34, 358, 367, 149, 3, 5.72%, 0, 0, 10, 15.03
1700616428, 34, 359, 367, 148, 3, 5.72%, 0, 0, 10, 13.48
1700616453, 34, 362, 367, 147, 2, 5.72%, 0, 0, 10, 13.78
1700616469, 34, 366, 367, 146, 1, 5.72%, 0, 0, 10, 13.47
1700616576, 35, 0, 367, 145, 0, 5.72%, 0, 0, 10, 14.21
1700616607, 35, 1, 367, 145, 0, 5.72%, 0, 0, 10, 14.39
1700616632, 35, 1, 368, 146, 0, 5.72%, 0, 0, 10, 14.35
1700616647, 35, 1, 369, 147, 0, 5.73%, 0, 0, 10, 14.34
1700616652, 35, 1, 370, 148, 0, 5.73%, 0, 0, 10, 14.43
1700616670, 35, 44, 370, 148, 3, 5.73%, 0, 0, 10, 1.08
1700616680, 35, 44, 371, 149, 3, 5.73%, 0, 0, 10, 13.43
1700616709, 35, 239, 371, 149, 3, 5.73%, 0, 0, 10, 0.24
1700616730, 35, 239, 372, 150, 3, 5.73%, 0, 0, 10, 14.52
1700616740, 35, 239, 373, 151, 3, 5.73%, 0, 0, 10, 14.65
1700616796, 35, 239, 374, 152, 3, 5.73%, 0, 0, 10, 14.63
1700616826, 35, 239, 378, 156, 3, 5.74%, 0, 0, 10, 14.71
1700616842, 35, 239, 379, 157, 3, 5.74%, 0, 0, 10, 14.60
1700616847, 35, 239, 380, 158, 3, 5.74%, 0, 0, 10, 14.76
1700616852, 35, 239, 381, 159, 3, 5.74%, 0, 0, 10, 14.95
1700616857, 35, 239, 382, 160, 3, 5.74%, 0, 0, 10, 14.90
1700616898, 35, 239, 383, 161, 3, 5.74%, 0, 0, 10, 14.79
1700616909, 35, 239, 384, 162, 3, 5.74%, 0, 0, 10, 14.76
1700616919, 35, 239, 386, 164, 3, 5.75%, 0, 0, 10, 14.59
1700616955, 35, 239, 387, 165, 3, 5.75%, 0, 0, 10, 14.47
1700616960, 35, 239, 388, 166, 3, 5.75%, 0, 0, 10, 14.61
1700616975, 35, 239, 389, 167, 3, 5.75%, 0, 0, 10, 14.34
1700617011, 35, 239, 390, 168, 3, 5.75%, 0, 0, 10, 14.91
1700617016, 35, 239, 392, 170, 3, 5.76%, 0, 0, 10, 14.81
1700617021, 35, 239, 393, 171, 3, 5.77%, 0, 0, 10, 14.52
1700617052, 35, 239, 394, 172, 3, 5.77%, 0, 0, 10, 14.65
1700617063, 35, 239, 396, 174, 3, 5.77%, 0, 0, 10, 14.87
1700617073, 35, 239, 398, 176, 3, 5.77%, 0, 0, 10, 14.52
1700617103, 35, 339, 398, 176, 18, 5.77%, 0, 0, 10, 0.58
1700617154, 35, 339, 399, 177, 18, 5.77%, 0, 0, 10, 15.04
1700617216, 35, 367, 399, 176, 18, 5.77%, 0, 0, 10, 13.49
1700617251, 35, 367, 400, 177, 18, 5.78%, 0, 0, 10, 14.53
1700617302, 35, 367, 401, 178, 18, 5.78%, 0, 0, 10, 14.47
1700617334, 35, 367, 402, 179, 18, 5.78%, 0, 0, 10, 14.19
1700617380, 35, 368, 402, 178, 18, 5.78%, 0, 0, 10, 13.88
1700617416, 35, 369, 402, 177, 17, 5.78%, 0, 0, 10, 14.28
1700617441, 35, 373, 402, 176, 16, 5.78%, 0, 0, 10, 14.14
1700617487, 35, 375, 402, 175, 15, 5.78%, 0, 0, 10, 13.97
1700617514, 35, 376, 402, 174, 14, 5.78%, 0, 0, 10, 14.19
1700617550, 35, 378, 402, 173, 13, 5.78%, 0, 0, 10, 13.49
1700617570, 35, 378, 403, 174, 13, 5.78%, 0, 0, 10, 15.53
1700617596, 35, 379, 403, 173, 13, 5.78%, 0, 0, 10, 13.50
1700617642, 35, 379, 404, 174, 13, 5.78%, 0, 0, 10, 14.47
1700617764, 35, 379, 405, 175, 13, 5.78%, 0, 0, 10, 15.52
1700617805, 35, 379, 406, 176, 13, 5.79%, 0, 0, 10, 12.32
1700617826, 35, 380, 406, 175, 13, 5.79%, 0, 0, 10, 13.49
1700618120, 35, 381, 406, 174, 12, 5.79%, 0, 0, 10, 13.95
1700618207, 35, 384, 406, 173, 11, 5.79%, 0, 0, 10, 13.86
1700618289, 35, 385, 406, 172, 10, 5.79%, 0, 0, 10, 13.96
1700618325, 35, 385, 407, 173, 10, 5.79%, 0, 0, 10, 14.55
1700618417, 35, 390, 407, 172, 10, 5.79%, 0, 0, 10, 13.92
1700618442, 35, 391, 407, 171, 9, 5.79%, 0, 0, 10, 13.65
1700618468, 35, 392, 407, 170, 8, 5.79%, 0, 0, 10, 13.69
1700618572, 35, 392, 408, 171, 8, 5.80%, 0, 0, 10, 14.34
1700618628, 35, 394, 408, 170, 8, 5.80%, 0, 0, 10, 13.61
1700618654, 35, 395, 408, 169, 7, 5.80%, 0, 0, 10, 13.45
1700618674, 35, 397, 408, 168, 6, 5.80%, 0, 0, 10, 14.11
1700618689, 35, 399, 408, 167, 5, 5.80%, 0, 0, 10, 13.62
1700618720, 35, 402, 408, 166, 4, 5.80%, 0, 0, 10, 13.48
1700618746, 35, 405, 408, 165, 3, 5.80%, 0, 0, 10, 13.44
1700618853, 35, 406, 408, 164, 2, 5.80%, 0, 0, 10, 13.50
1700618976, 35, 407, 408, 163, 1, 5.80%, 0, 0, 10, 13.82
1700618996, 36, 0, 408, 162, 0, 5.80%, 0, 0, 10, 14.11
1700619012, 36, 1, 408, 162, 0, 5.80%, 0, 0, 10, 14.25
1700619058, 36, 2, 408, 162, 0, 5.80%, 0, 0, 10, 13.67
1700619079, 36, 3, 408, 162, 0, 5.80%, 0, 0, 10, 13.68
1700619099, 36, 5, 408, 162, 0, 5.80%, 0, 0, 10, 14.57
1700619135, 36, 6, 408, 162, 0, 5.80%, 0, 0, 10, 14.22
1700619155, 36, 7, 408, 162, 0, 5.80%, 0, 0, 10, 14.06
1700619176, 36, 8, 408, 162, 0, 5.80%, 0, 0, 10, 13.87
1700619191, 36, 9, 408, 162, 0, 5.80%, 0, 0, 10, 13.85
1700619201, 36, 9, 409, 163, 0, 5.80%, 0, 0, 10, 14.42
1700619230, 36, 186, 409, 163, 1, 5.80%, 0, 0, 10, 0.18
1700619268, 36, 222, 409, 163, 1, 5.80%, 0, 0, 10, 1.18
1700619273, 36, 222, 411, 165, 1, 5.80%, 0, 0, 10, 14.14
1700619283, 36, 222, 412, 166, 1, 5.80%, 0, 0, 10, 14.31
1700619314, 36, 222, 413, 167, 1, 5.80%, 0, 0, 10, 14.59
1700619341, 36, 408, 413, 167, 2, 5.80%, 0, 0, 10, 0.31
1700619356, 36, 408, 414, 168, 2, 5.80%, 0, 0, 10, 14.49
1700619383, 36, 409, 414, 167, 1, 5.80%, 0, 0, 10, 14.36
1700619491, 36, 409, 415, 168, 1, 5.80%, 0, 0, 10, 14.59
1700619506, 36, 409, 416, 169, 1, 5.80%, 0, 0, 10, 15.82
1700619516, 36, 409, 417, 170, 1, 5.80%, 0, 0, 10, 15.43
1700619542, 36, 409, 418, 171, 1, 5.80%, 0, 0, 10, 14.39
1700619547, 36, 409, 419, 172, 1, 5.80%, 0, 0, 10, 14.60
1700619567, 36, 409, 420, 173, 1, 5.81%, 0, 0, 10, 14.44
1700619618, 36, 415, 420, 172, 2, 5.81%, 0, 0, 10, 13.92
1700619654, 36, 419, 420, 171, 1, 5.81%, 0, 0, 10, 13.33
1700619705, 37, 0, 420, 170, 0, 5.81%, 0, 0, 10, 13.91
1700619721, 37, 1, 420, 170, 0, 5.81%, 0, 0, 10, 13.80
1700619741, 37, 2, 420, 170, 0, 5.81%, 0, 0, 10, 14.26
1700619746, 37, 2, 421, 171, 0, 5.83%, 0, 0, 10, 14.25
1700619771, 37, 181, 421, 171, 1, 5.83%, 0, 0, 10, 0.35
1700619794, 37, 258, 421, 171, 1, 5.83%, 0, 0, 10, 0.73
1700619823, 37, 420, 421, 171, 1, 5.83%, 0, 0, 10, 0.17
1700619853, 38, 0, 421, 170, 0, 5.83%, 0, 0, 10, 13.99
1700619869, 38, 1, 421, 170, 0, 5.83%, 0, 0, 10, 13.92
1700619889, 38, 2, 421, 170, 0, 5.83%, 0, 0, 10, 14.02
1700619905, 38, 3, 421, 170, 0, 5.83%, 0, 0, 10, 13.88
1700619925, 38, 5, 421, 170, 0, 5.83%, 0, 0, 10, 14.17
1700619951, 38, 5, 422, 171, 0, 5.83%, 0, 0, 10, 14.26
1700619966, 38, 6, 422, 171, 0, 5.83%, 0, 0, 10, 13.87
1700619971, 38, 6, 423, 172, 0, 5.83%, 0, 0, 10, 14.24
1700619976, 38, 6, 424, 173, 0, 5.83%, 0, 0, 10, 14.27
1700619986, 38, 6, 425, 174, 0, 5.83%, 0, 0, 10, 14.35
1700619997, 38, 6, 426, 175, 0, 5.83%, 0, 0, 10, 14.48
1700620012, 38, 6, 427, 176, 0, 5.83%, 0, 0, 10, 14.43
1700620027, 38, 7, 427, 176, 0, 5.83%, 0, 0, 10, 13.96
1700620038, 38, 7, 428, 177, 0, 5.83%, 0, 0, 10, 14.40
1700620063, 38, 7, 429, 178, 0, 5.83%, 0, 0, 10, 14.96
1700620073, 38, 7, 431, 180, 0, 5.83%, 0, 0, 10, 14.56
1700620114, 38, 8, 431, 180, 0, 5.83%, 0, 0, 10, 14.34
1700620119, 38, 8, 432, 181, 0, 5.83%, 0, 0, 10, 14.11
1700620140, 38, 8, 433, 182, 0, 5.83%, 0, 0, 10, 14.30
1700620160, 38, 9, 433, 182, 0, 5.83%, 0, 0, 10, 13.74
1700620165, 38, 9, 434, 183, 0, 5.83%, 0, 0, 10, 14.74
1700620170, 38, 9, 436, 185, 0, 5.84%, 0, 0, 10, 14.90
1700620192, 38, 55, 436, 185, 2, 5.84%, 0, 0, 10, 1.57
1700620233, 38, 55, 437, 186, 2, 5.84%, 0, 0, 10, 14.60
1700620238, 38, 55, 438, 187, 2, 5.84%, 0, 0, 10, 14.72
1700620254, 38, 55, 439, 188, 2, 5.84%, 0, 0, 10, 14.45
1700620282, 38, 249, 439, 187, 3, 5.84%, 0, 0, 10, 0.16
1700620426, 38, 326, 439, 186, 3, 5.84%, 0, 0, 10, 0.56
1700620451, 38, 358, 440, 186, 3, 5.84%, 0, 0, 10, 14.40
1700620457, 38, 358, 442, 188, 3, 5.84%, 0, 0, 10, 14.68
1700620462, 38, 358, 443, 189, 3, 5.84%, 0, 0, 10, 14.94
1700620467, 38, 358, 444, 190, 3, 5.85%, 0, 0, 10, 14.98
1700620472, 38, 358, 445, 191, 3, 5.85%, 0, 0, 10, 14.72
1700620482, 38, 358, 446, 192, 3, 5.85%, 0, 0, 10, 14.45
1700620487, 38, 358, 447, 193, 3, 5.85%, 0, 0, 10, 14.45
1700620507, 38, 414, 447, 193, 8, 5.85%, 0, 0, 10, 0.47
1700620526, 38, 434, 447, 192, 8, 5.85%, 0, 0, 10, 14.15
1700620567, 38, 435, 447, 191, 7, 5.85%, 0, 0, 10, 0.70
1700620659, 38, 436, 447, 190, 6, 5.85%, 0, 0, 10, 13.90
1700620680, 38, 440, 447, 189, 5, 5.85%, 0, 0, 10, 13.57
1700620746, 38, 441, 447, 188, 4, 5.85%, 0, 0, 10, 13.76
1700620823, 38, 442, 447, 187, 3, 5.85%, 0, 0, 10, 14.06
1700620854, 38, 443, 447, 186, 2, 5.85%, 0, 0, 10, 13.70
1700620880, 38, 443, 448, 187, 2, 5.85%, 0, 0, 10, 15.49
1700620885, 38, 443, 449, 188, 2, 5.85%, 0, 0, 10, 15.06
1700620890, 38, 443, 450, 189, 2, 5.85%, 0, 0, 10, 15.33
1700621002, 38, 445, 450, 188, 2, 5.85%, 0, 0, 10, 13.62
1700621080, 38, 447, 450, 187, 1, 5.85%, 0, 0, 10, 13.37
1700621116, 39, 0, 450, 186, 0, 5.85%, 0, 0, 10, 13.38
1700621136, 39, 1, 450, 186, 0, 5.85%, 0, 0, 10, 14.10
1700621152, 39, 2, 450, 186, 0, 5.85%, 0, 0, 10, 14.13
1700621173, 39, 3, 450, 186, 0, 5.85%, 0, 0, 10, 14.21
1700621193, 39, 5, 450, 186, 0, 5.85%, 0, 0, 10, 14.15
1700621208, 39, 6, 450, 186, 0, 5.85%, 0, 0, 10, 14.02
1700621229, 39, 7, 450, 186, 0, 5.85%, 0, 0, 10, 14.11
1700621249, 39, 8, 451, 187, 0, 5.92%, 0, 0, 10, 14.13
1700621291, 39, 67, 451, 187, 1, 5.92%, 0, 0, 10, 0.55
1700621343, 39, 278, 451, 186, 1, 5.92%, 0, 0, 10, 0.15
1700621372, 39, 430, 451, 186, 1, 5.92%, 0, 0, 10, 0.50
1700621418, 39, 450, 451, 185, 1, 5.92%, 0, 0, 10, 13.77
1700621485, 40, 0, 451, 184, 0, 5.92%, 0, 0, 10, 14.39
1700621490, 40, 0, 452, 185, 0, 5.92%, 0, 0, 10, 14.54
1700621510, 40, 1, 452, 185, 0, 5.92%, 0, 0, 10, 13.99
1700621525, 40, 2, 452, 185, 0, 5.92%, 0, 0, 10, 14.11
1700621541, 40, 3, 452, 185, 0, 5.92%, 0, 0, 10, 14.21
1700621577, 40, 5, 452, 185, 0, 5.92%, 0, 0, 10, 14.14
1700621592, 40, 6, 452, 185, 0, 5.92%, 0, 0, 10, 14.22
1700621597, 40, 6, 453, 186, 0, 5.93%, 0, 0, 10, 13.95
1700621619, 40, 51, 453, 186, 1, 5.93%, 0, 0, 10, 0.69
1700621681, 40, 67, 453, 185, 1, 5.93%, 0, 0, 10, 14.39
1700621704, 40, 194, 453, 185, 1, 5.93%, 0, 0, 10, 0.40
1700621719, 40, 194, 454, 186, 1, 5.93%, 0, 0, 10, 14.12
1700621755, 40, 194, 455, 187, 1, 5.93%, 0, 0, 10, 14.21
1700621786, 40, 194, 456, 188, 1, 5.93%, 0, 0, 10, 14.58
1700621791, 40, 194, 457, 189, 1, 5.93%, 0, 0, 10, 14.93
1700621816, 40, 313, 457, 189, 1, 5.93%, 0, 0, 10, 0.38
1700621847, 40, 320, 457, 189, 1, 5.93%, 0, 0, 10, 13.77
1700621904, 40, 320, 458, 190, 1, 5.93%, 0, 0, 10, 13.98
1700621914, 40, 320, 459, 191, 1, 5.93%, 0, 0, 10, 14.66
1700621950, 40, 352, 459, 190, 1, 5.93%, 0, 0, 10, 13.36
1700621975, 40, 441, 459, 189, 1, 5.93%, 0, 0, 10, 0.49
1700621995, 40, 452, 459, 189, 1, 5.93%, 0, 0, 10, 13.18
1700622041, 40, 453, 459, 188, 0, 5.93%, 0, 0, 10, 13.39
1700622067, 40, 454, 459, 187, 0, 5.93%, 0, 0, 10, 13.13
1700622098, 41, 0, 459, 186, 0, 5.93%, 0, 0, 10, 13.43
1700622118, 41, 1, 459, 186, 0, 5.93%, 0, 0, 10, 14.03
1700622154, 41, 2, 459, 186, 0, 5.93%, 0, 0, 10, 13.96
1700622175, 41, 3, 459, 186, 0, 5.93%, 0, 0, 10, 14.10
1700622190, 41, 3, 460, 187, 0, 5.93%, 0, 0, 10, 14.51
1700622201, 41, 3, 461, 188, 0, 5.93%, 0, 0, 10, 14.40
1700622216, 41, 3, 463, 190, 0, 5.93%, 0, 0, 10, 14.33
1700622252, 41, 210, 463, 190, 1, 5.93%, 0, 0, 10, 0.15
1700622289, 41, 344, 463, 189, 1, 5.93%, 0, 0, 10, 0.22
1700622318, 41, 460, 463, 188, 1, 5.93%, 0, 0, 10, 0.25
1700622348, 42, 0, 463, 187, 0, 5.93%, 0, 0, 10, 13.98
1700622389, 42, 1, 463, 187, 0, 5.93%, 0, 0, 10, 14.28
1700622409, 42, 2, 463, 187, 0, 5.93%, 0, 0, 10, 14.23
1700622425, 42, 3, 463, 187, 0, 5.93%, 0, 0, 10, 13.96
1700622456, 42, 5, 463, 187, 0, 5.93%, 0, 0, 10, 14.09
1700622481, 42, 5, 464, 188, 0, 5.93%, 0, 0, 10, 14.33
1700622496, 42, 6, 464, 188, 0, 5.93%, 0, 0, 10, 13.97
1700622512, 42, 6, 465, 189, 0, 5.93%, 0, 0, 10, 14.13
1700622527, 42, 7, 465, 189, 0, 5.93%, 0, 0, 10, 14.14
1700622548, 42, 8, 465, 189, 0, 5.93%, 0, 0, 10, 13.75
1700622568, 42, 9, 465, 189, 0, 5.93%, 0, 0, 10, 14.25
1700622573, 42, 9, 467, 191, 0, 5.93%, 0, 0, 10, 14.26
1700622593, 42, 11, 467, 191, 0, 5.93%, 0, 0, 10, 13.91
1700622614, 42, 13, 467, 191, 0, 5.93%, 0, 0, 10, 14.26
1700622624, 42, 13, 468, 192, 0, 5.93%, 0, 0, 10, 13.95
1700622639, 42, 15, 468, 192, 0, 5.93%, 0, 0, 10, 13.91
1700622660, 42, 16, 468, 192, 0, 5.93%, 0, 0, 10, 14.22
1700622700, 42, 18, 468, 192, 0, 5.93%, 0, 0, 10, 13.89
1700622721, 42, 19, 468, 192, 0, 5.93%, 0, 0, 10, 14.39
1700622736, 42, 20, 468, 192, 0, 5.93%, 0, 0, 10, 13.89
1700622757, 42, 21, 468, 192, 0, 5.93%, 0, 0, 10, 14.06
1700622772, 42, 23, 468, 192, 0, 5.93%, 0, 0, 10, 13.59
1700622792, 42, 24, 468, 192, 0, 5.93%, 0, 0, 10, 14.11
1700622808, 42, 24, 469, 193, 0, 5.93%, 0, 0, 10, 14.82
1700622828, 42, 45, 469, 193, 1, 5.93%, 0, 0, 10, 13.07
1700622883, 42, 265, 469, 192, 1, 5.93%, 0, 0, 10, 0.27
1700622905, 42, 326, 469, 192, 1, 5.93%, 0, 0, 10, 0.96
1700622910, 42, 326, 470, 193, 1, 5.93%, 0, 0, 10, 14.62
1700622933, 42, 385, 470, 193, 1, 5.93%, 0, 0, 10, 0.91
1700622972, 42, 468, 470, 193, 1, 5.93%, 0, 0, 10, 0.34
1700623074, 43, 0, 470, 192, 0, 5.93%, 0, 0, 10, 13.64
1700623100, 43, 1, 470, 192, 0, 5.93%, 0, 0, 10, 0.70
1700623121, 43, 2, 470, 192, 0, 5.93%, 0, 0, 10, 14.14
1700623136, 43, 3, 470, 192, 0, 5.93%, 0, 0, 10, 14.24
1700623151, 43, 3, 471, 193, 0, 5.93%, 0, 0, 10, 14.63
1700623161, 43, 3, 472, 194, 0, 5.93%, 0, 0, 10, 14.39
1700623177, 43, 3, 473, 195, 0, 5.93%, 0, 0, 10, 14.52
1700623192, 43, 5, 473, 195, 0, 5.93%, 0, 0, 10, 14.06
1700623223, 43, 5, 474, 196, 0, 5.94%, 0, 0, 10, 15.00
1700623238, 43, 5, 475, 197, 0, 6.06%, 0, 0, 10, 14.86
1700623259, 43, 5, 476, 198, 0, 6.07%, 0, 0, 10, 14.60
1700623269, 43, 5, 477, 199, 0, 6.07%, 0, 0, 10, 14.18
1700623284, 43, 5, 479, 201, 0, 6.07%, 0, 0, 10, 14.61
1700623299, 43, 5, 480, 202, 0, 6.07%, 0, 0, 10, 14.43
1700623320, 43, 5, 482, 204, 0, 6.07%, 0, 0, 10, 14.62
1700623330, 43, 5, 483, 205, 0, 6.42%, 0, 0, 10, 14.51
1700623345, 43, 5, 484, 206, 0, 6.42%, 0, 0, 10, 15.24
1700623350, 43, 5, 485, 207, 0, 6.42%, 0, 0, 10, 15.03
1700623366, 43, 5, 486, 208, 0, 6.42%, 0, 0, 10, 14.11
1700623400, 43, 97, 486, 208, 4, 6.42%, 0, 0, 10, 0.37
1700623473, 43, 153, 486, 207, 4, 6.42%, 0, 0, 10, 0.78
1700623512, 43, 474, 486, 206, 4, 6.42%, 0, 0, 10, 0.09
1700623876, 43, 475, 486, 205, 3, 6.42%, 0, 0, 10, 13.35
1700623994, 43, 480, 486, 204, 2, 6.42%, 0, 0, 10, 13.49
1700624050, 43, 482, 486, 203, 1, 6.42%, 0, 0, 10, 13.77
1700624076, 43, 482, 487, 204, 1, 6.42%, 0, 0, 10, 14.81
1700624096, 43, 482, 488, 205, 1, 6.42%, 0, 0, 10, 14.44
1700624102, 43, 482, 490, 207, 1, 6.43%, 0, 0, 10, 15.25
1700624107, 43, 482, 491, 208, 1, 6.43%, 0, 0, 10, 14.92
1700624159, 43, 486, 491, 207, 5, 6.43%, 0, 0, 10, 13.80
1700624185, 43, 486, 492, 208, 5, 6.43%, 0, 0, 10, 16.18
1700624210, 43, 487, 492, 207, 5, 6.43%, 0, 0, 10, 13.60
1700624246, 43, 487, 493, 208, 5, 6.44%, 0, 0, 10, 14.44
1700624309, 43, 488, 493, 207, 5, 6.44%, 0, 0, 10, 13.66
1700624329, 43, 488, 494, 208, 5, 6.44%, 0, 0, 10, 14.65
1700624339, 43, 488, 495, 209, 5, 6.44%, 0, 0, 10, 14.45
1700624349, 43, 488, 496, 210, 5, 6.45%, 0, 0, 10, 14.43
1700624355, 43, 488, 497, 211, 5, 6.45%, 0, 0, 10, 14.10
1700624360, 43, 488, 498, 212, 5, 6.45%, 0, 0, 10, 14.64
1700624508, 43, 489, 498, 211, 9, 6.45%, 0, 0, 10, 13.69
1700624538, 43, 490, 498, 210, 8, 6.45%, 0, 0, 10, 13.92
1700624575, 43, 491, 498, 209, 7, 6.45%, 0, 0, 10, 13.87
1700624626, 43, 492, 498, 208, 6, 6.45%, 0, 0, 10, 13.42
1700624656, 43, 493, 498, 207, 5, 6.45%, 0, 0, 10, 14.27
1700624702, 43, 494, 498, 206, 4, 6.45%, 0, 0, 10, 13.89
1700624753, 43, 495, 498, 205, 3, 6.45%, 0, 0, 10, 13.56
1700624779, 43, 495, 499, 206, 3, 6.46%, 0, 0, 10, 14.93
1700624789, 43, 495, 501, 208, 3, 6.47%, 0, 0, 10, 15.30
1700624799, 43, 495, 502, 209, 3, 6.47%, 0, 0, 10, 14.36
1700624861, 43, 496, 502, 208, 6, 6.47%, 0, 0, 10, 13.67
1700624899, 43, 497, 502, 207, 5, 6.47%, 0, 0, 10, 13.47
1700624935, 43, 498, 502, 206, 4, 6.47%, 0, 0, 10, 13.49
1700624976, 43, 498, 503, 207, 4, 6.47%, 0, 0, 10, 14.38
1700624981, 43, 498, 504, 208, 4, 6.48%, 0, 0, 10, 14.50
1700625001, 43, 499, 504, 207, 5, 6.48%, 0, 0, 10, 13.65
1700625042, 43, 500, 504, 206, 4, 6.48%, 0, 0, 10, 13.64
1700625073, 43, 501, 504, 205, 3, 6.48%, 0, 0, 10, 13.93
1700625119, 43, 501, 506, 207, 3, 6.48%, 0, 0, 10, 14.34
1700625124, 43, 501, 507, 208, 3, 6.48%, 0, 0, 10, 14.40
1700625139, 43, 502, 507, 207, 5, 6.48%, 0, 0, 10, 14.09
1700625175, 43, 503, 507, 206, 4, 6.48%, 0, 0, 10, 13.61
1700625206, 43, 504, 507, 205, 3, 6.48%, 0, 0, 10, 14.03
1700625242, 43, 505, 507, 204, 2, 6.48%, 0, 0, 10, 13.77
1700625263, 43, 505, 508, 205, 2, 6.48%, 0, 0, 10, 15.00
1700625283, 43, 506, 508, 204, 2, 6.48%, 0, 0, 10, 13.55
1700625314, 43, 506, 509, 205, 2, 6.49%, 0, 0, 10, 14.57
1700625417, 43, 507, 509, 204, 2, 6.49%, 0, 0, 10, 14.10
1700625457, 43, 508, 509, 203, 1, 6.49%, 0, 0, 10, 13.92
1700625488, 44, 0, 509, 202, 0, 6.49%, 0, 0, 10, 14.41
1700625514, 44, 0, 511, 204, 0, 6.49%, 0, 0, 10, 15.09
1700625616, 44, 1, 511, 204, 0, 6.49%, 0, 0, 10, 13.87
1700625631, 44, 2, 511, 204, 0, 6.49%, 0, 0, 10, 13.68
1700625647, 44, 2, 512, 205, 0, 6.49%, 0, 0, 10, 13.81
1700625667, 44, 3, 512, 205, 0, 6.49%, 0, 0, 10, 13.90
1700625677, 44, 3, 514, 207, 0, 6.49%, 0, 0, 10, 14.23
1700625708, 44, 220, 514, 207, 1, 6.49%, 0, 0, 10, 0.15
1700625756, 44, 459, 514, 206, 1, 6.49%, 0, 0, 10, 0.18
1700625781, 44, 493, 514, 205, 1, 6.49%, 0, 0, 10, 1.58
1700625802, 44, 495, 514, 205, 1, 6.49%, 0, 0, 10, 14.04
1700625822, 44, 512, 514, 205, 1, 6.49%, 0, 0, 10, 13.31
1700625843, 45, 0, 514, 204, 0, 6.49%, 0, 0, 10, 13.90
1700625863, 45, 1, 514, 204, 0, 6.49%, 0, 0, 10, 13.78
1700625884, 45, 2, 514, 204, 0, 6.49%, 0, 0, 10, 13.56
1700625905, 45, 3, 514, 204, 0, 6.49%, 0, 0, 10, 13.87
1700625930, 45, 6, 514, 204, 0, 6.49%, 0, 0, 10, 13.60
1700625946, 45, 7, 514, 204, 0, 6.49%, 0, 0, 10, 14.12
1700625951, 45, 7, 515, 205, 0, 6.49%, 0, 0, 10, 14.12
1700625971, 45, 9, 515, 205, 0, 6.49%, 0, 0, 10, 14.10
1700625987, 45, 11, 515, 205, 0, 6.49%, 0, 0, 10, 13.78
1700626028, 45, 11, 516, 206, 0, 6.50%, 0, 0, 10, 14.78
1700626053, 45, 151, 516, 206, 1, 6.50%, 0, 0, 10, 0.45
1700626063, 45, 151, 517, 207, 1, 6.50%, 0, 0, 10, 14.08
1700626079, 45, 151, 518, 208, 1, 6.50%, 0, 0, 10, 15.27
1700626084, 45, 151, 519, 209, 1, 6.50%, 0, 0, 10, 15.33
1700626089, 45, 151, 521, 211, 1, 6.50%, 0, 0, 10, 14.62
1700626128, 45, 515, 521, 211, 3, 6.50%, 0, 0, 10, 0.13
1700626174, 45, 515, 522, 212, 3, 6.50%, 0, 0, 10, 14.52
1700626200, 45, 515, 523, 213, 3, 6.50%, 0, 0, 10, 14.31
1700626215, 45, 518, 523, 212, 2, 6.50%, 0, 0, 10, 13.78
1700626241, 45, 518, 524, 213, 2, 6.50%, 0, 0, 10, 13.05
1700626261, 45, 519, 524, 212, 1, 6.50%, 0, 0, 10, 13.42
1700626297, 45, 521, 524, 211, 0, 6.50%, 0, 0, 10, 14.00
1700626323, 46, 0, 524, 210, 0, 6.50%, 0, 0, 10, 12.90
1700626338, 46, 1, 524, 210, 0, 6.50%, 0, 0, 10, 13.83
1700626358, 46, 2, 524, 210, 0, 6.50%, 0, 0, 10, 13.65
1700626375, 46, 3, 524, 210, 0, 6.50%, 0, 0, 10, 13.34
1700626395, 46, 6, 524, 210, 0, 6.50%, 0, 0, 10, 13.85
1700626411, 46, 7, 524, 210, 0, 6.50%, 0, 0, 10, 13.94
1700626436, 46, 9, 524, 210, 0, 6.50%, 0, 0, 10, 13.82
1700626457, 46, 11, 524, 210, 0, 6.50%, 0, 0, 10, 13.92
1700626472, 46, 13, 524, 210, 0, 6.50%, 0, 0, 10, 13.75
1700626482, 46, 13, 525, 211, 0, 6.50%, 0, 0, 10, 14.31
1700626487, 46, 13, 527, 213, 0, 6.50%, 0, 0, 10, 14.72
1700626493, 46, 13, 528, 214, 0, 6.50%, 0, 0, 10, 14.65
1700626503, 46, 13, 529, 215, 0, 6.51%, 0, 0, 10, 14.09
1700626523, 46, 69, 529, 215, 2, 6.51%, 0, 0, 10, 14.64
1700626569, 46, 115, 529, 215, 2, 6.51%, 0, 0, 10, 13.38
1700626626, 46, 130, 529, 214, 2, 6.51%, 0, 0, 10, 14.12
1700626646, 46, 188, 529, 213, 2, 6.51%, 0, 0, 10, 13.67
1700626748, 46, 208, 529, 212, 2, 6.51%, 0, 0, 10, 13.73
1700626758, 46, 208, 530, 213, 2, 6.51%, 0, 0, 10, 14.36
1700626784, 46, 208, 531, 214, 2, 6.51%, 0, 0, 10, 14.89
1700626790, 46, 208, 532, 215, 2, 6.51%, 0, 0, 10, 14.94
1700626794, 46, 208, 533, 216, 2, 6.51%, 0, 0, 10, 14.87
1700626804, 46, 208, 534, 217, 2, 6.51%, 0, 0, 10, 14.56
1700626820, 46, 208, 535, 218, 2, 6.51%, 0, 0, 10, 14.73
1700626850, 46, 208, 536, 219, 2, 6.51%, 0, 0, 10, 14.86
1700626871, 46, 208, 537, 220, 2, 6.51%, 0, 0, 10, 14.40
1700626904, 46, 465, 537, 220, 3, 6.51%, 0, 0, 10, 0.17
1700626950, 46, 485, 537, 219, 3, 6.51%, 0, 0, 10, 13.05
1700627017, 46, 485, 538, 220, 3, 6.51%, 0, 0, 10, 14.22
1700627083, 46, 524, 538, 219, 3, 6.51%, 0, 0, 10, 13.12
1700627109, 46, 524, 539, 220, 3, 6.51%, 0, 0, 10, 14.63
1700627134, 46, 528, 539, 219, 2, 6.51%, 0, 0, 10, 13.16
1700627180, 46, 533, 539, 218, 1, 6.51%, 0, 0, 10, 13.79
1700627232, 46, 535, 539, 217, 0, 6.51%, 0, 0, 10, 13.55
1700627252, 46, 535, 540, 218, 0, 6.51%, 0, 0, 10, 14.23
1700627308, 46, 539, 540, 217, 0, 6.51%, 0, 0, 10, 13.88
1700627355, 47, 0, 540, 216, 0, 6.51%, 0, 0, 10, 14.41
1700627370, 47, 0, 542, 218, 0, 6.51%, 0, 0, 10, 15.15
1700627375, 47, 0, 543, 219, 0, 6.51%, 0, 0, 10, 15.01
1700627380, 47, 0, 546, 222, 0, 6.52%, 0, 0, 10, 15.13
1700627385, 47, 0, 547, 223, 0, 6.52%, 0, 0, 10, 14.70
1700627392, 47, 0, 549, 225, 0, 6.52%, 0, 0, 10, 0.68
1700627412, 47, 15, 551, 227, 5, 6.53%, 0, 0, 10, 15.55
1700627422, 47, 15, 554, 230, 5, 6.53%, 0, 0, 10, 14.51
1700627433, 47, 15, 555, 231, 5, 6.53%, 0, 0, 10, 14.22
1700627443, 47, 15, 556, 232, 5, 6.53%, 0, 0, 10, 14.47
1700627467, 47, 151, 556, 232, 7, 6.53%, 0, 0, 10, 0.35
1700627483, 47, 151, 557, 233, 7, 6.53%, 0, 0, 10, 14.61
1700627488, 47, 151, 558, 234, 7, 6.53%, 0, 0, 10, 14.88
1700627493, 47, 151, 559, 235, 7, 6.53%, 0, 0, 10, 14.28
1700627513, 47, 172, 559, 235, 7, 6.53%, 0, 0, 10, 2.09
1700627529, 47, 172, 560, 236, 7, 6.53%, 0, 0, 10, 14.62
1700627545, 47, 215, 560, 236, 7, 6.53%, 0, 0, 10, 1.58
1700627550, 47, 215, 561, 237, 7, 6.53%, 0, 0, 10, 14.19
1700627567, 47, 243, 561, 237, 7, 6.53%, 0, 0, 10, 1.07
1700627596, 47, 343, 561, 236, 7, 6.53%, 0, 0, 10, 0.29
1700627673, 47, 350, 561, 235, 7, 6.53%, 0, 0, 10, 13.73
1700627709, 47, 541, 561, 234, 7, 6.53%, 0, 0, 10, 0.23
1700627744, 47, 542, 561, 233, 6, 6.53%, 0, 0, 10, 13.84
1700627775, 47, 543, 561, 232, 5, 6.53%, 0, 0, 10, 13.60
1700627826, 47, 547, 561, 231, 4, 6.53%, 0, 0, 10, 13.85
1700627852, 47, 548, 561, 230, 3, 6.53%, 0, 0, 10, 14.11
1700627898, 47, 550, 561, 229, 2, 6.53%, 0, 0, 10, 13.57
1700627939, 47, 550, 562, 230, 2, 6.53%, 0, 0, 10, 14.09
1700627969, 47, 552, 563, 230, 3, 6.53%, 0, 0, 10, 14.20
1700627990, 47, 561, 563, 229, 2, 6.53%, 0, 0, 10, 13.61
1700628021, 47, 561, 564, 230, 2, 6.54%, 0, 0, 10, 14.38
1700628036, 47, 563, 564, 229, 2, 6.54%, 0, 0, 10, 13.85
1700628128, 48, 12, 564, 228, 1, 6.54%, 0, 0, 10, 13.47
1700628178, 48, 241, 564, 228, 1, 6.54%, 0, 0, 10, 0.14
1700628239, 48, 323, 564, 227, 1, 6.54%, 0, 0, 10, 0.36
1700628247, 48, 323, 565, 228, 1, 6.54%, 0, 0, 10, 14.46
1700628268, 48, 323, 567, 230, 1, 6.54%, 0, 0, 10, 15.07
1700628278, 48, 323, 568, 231, 1, 6.54%, 0, 0, 10, 14.86
1700628283, 48, 323, 569, 232, 1, 6.55%, 0, 0, 10, 14.73
1700628298, 48, 323, 571, 234, 1, 6.55%, 0, 0, 10, 14.65
1700628308, 48, 323, 572, 235, 1, 6.56%, 0, 0, 10, 14.18
1700628325, 48, 351, 572, 235, 6, 6.56%, 0, 0, 10, 1.79
1700628407, 48, 452, 572, 234, 5, 6.56%, 0, 0, 10, 0.61
1700628412, 48, 452, 574, 236, 5, 6.56%, 0, 0, 10, 15.00
1700628438, 48, 452, 575, 237, 5, 6.56%, 0, 0, 10, 14.13
1700628459, 48, 513, 575, 237, 5, 6.56%, 0, 0, 10, 0.49
1700628500, 48, 565, 575, 236, 5, 6.56%, 0, 0, 10, 15.69
1700628541, 48, 566, 575, 235, 4, 6.56%, 0, 0, 10, 13.54
1700628582, 48, 568, 575, 234, 3, 6.56%, 0, 0, 10, 13.73
1700628597, 48, 568, 576, 235, 3, 6.56%, 0, 0, 10, 14.76
1700628618, 48, 570, 576, 234, 3, 6.56%, 0, 0, 10, 13.43
1700628643, 48, 571, 576, 233, 2, 6.56%, 0, 0, 10, 13.91
1700628670, 48, 573, 576, 232, 1, 6.56%, 0, 0, 10, 13.25
1700628685, 48, 573, 577, 233, 1, 6.56%, 0, 0, 10, 14.23
1700628711, 48, 575, 577, 232, 1, 6.56%, 0, 0, 10, 13.79
1700628742, 49, 0, 577, 231, 0, 6.56%, 0, 0, 10, 14.24
1700628757, 49, 1, 577, 231, 0, 6.56%, 0, 0, 10, 13.99
1700628787, 49, 1, 578, 232, 0, 6.56%, 0, 0, 10, 14.37
1700628813, 49, 185, 578, 232, 1, 6.56%, 0, 0, 10, 0.18
1700628836, 49, 260, 578, 232, 1, 6.56%, 0, 0, 10, 0.39
1700628851, 49, 260, 579, 233, 1, 6.56%, 0, 0, 10, 14.60
1700628862, 49, 260, 580, 234, 1, 6.56%, 0, 0, 10, 14.48
1700628934, 49, 273, 580, 234, 1, 6.56%, 0, 0, 10, 1.82
1700628956, 49, 347, 580, 234, 1, 6.56%, 0, 0, 10, 0.79
1700628976, 49, 347, 581, 235, 1, 6.56%, 0, 0, 11, 15.26
1700628982, 49, 347, 583, 237, 1, 6.56%, 0, 0, 11, 15.50
1700628987, 49, 347, 584, 238, 1, 6.56%, 0, 0, 11, 14.72
1700629012, 49, 347, 585, 239, 1, 6.56%, 0, 0, 11, 14.45
1700629033, 49, 359, 585, 239, 3, 6.56%, 0, 0, 11, 13.96
1700629076, 49, 437, 585, 239, 3, 6.56%, 0, 0, 11, 0.38
1700629142, 49, 471, 585, 238, 3, 6.56%, 0, 0, 11, 0.82
1700629219, 49, 482, 585, 237, 3, 6.56%, 0, 0, 11, 14.15
1700629244, 49, 577, 585, 237, 3, 6.56%, 0, 0, 11, 0.27
1700629306, 49, 581, 585, 236, 2, 6.56%, 0, 0, 11, 13.21
1700629336, 49, 582, 585, 235, 1, 6.56%, 0, 0, 11, 13.46
1700629398, 49, 583, 585, 234, 1, 6.56%, 0, 0, 11, 14.29
1700629418, 50, 0, 585, 233, 0, 6.56%, 0, 0, 11, 13.97
1700629433, 50, 1, 585, 233, 0, 6.56%, 0, 0, 11, 14.05
1700629469, 50, 2, 585, 233, 0, 6.56%, 0, 0, 11, 14.04
1700629490, 50, 3, 585, 233, 0, 6.56%, 0, 0, 11, 14.06
1700629510, 50, 6, 585, 233, 0, 6.56%, 0, 0, 11, 14.32
1700629515, 50, 6, 586, 234, 0, 6.56%, 0, 0, 11, 14.13
1700629536, 50, 7, 586, 234, 0, 6.56%, 0, 0, 11, 13.52
1700629551, 50, 9, 586, 234, 0, 6.56%, 0, 0, 11, 13.51
1700629572, 50, 11, 586, 234, 0, 6.56%, 0, 0, 11, 14.20
1700629587, 50, 13, 586, 234, 0, 6.56%, 0, 0, 11, 13.39
1700629608, 50, 14, 586, 234, 0, 6.56%, 0, 0, 11, 13.76
1700629628, 50, 15, 586, 234, 0, 6.56%, 0, 0, 11, 13.91
1700629649, 50, 16, 586, 234, 0, 6.56%, 0, 0, 11, 14.01
1700629664, 50, 18, 586, 234, 0, 6.56%, 0, 0, 11, 13.55
1700629680, 50, 19, 586, 234, 0, 6.56%, 0, 0, 11, 13.91
1700629705, 50, 20, 586, 234, 0, 6.56%, 0, 0, 11, 13.69
1700629726, 50, 21, 586, 234, 0, 6.56%, 0, 0, 11, 13.83
1700629741, 50, 23, 586, 234, 0, 6.56%, 0, 0, 11, 13.55
1700629761, 50, 24, 586, 234, 0, 6.56%, 0, 0, 11, 14.00
1700629777, 50, 25, 586, 234, 0, 6.56%, 0, 0, 11, 13.56
1700629797, 50, 26, 586, 234, 0, 6.56%, 0, 0, 11, 13.59
1700629818, 50, 29, 586, 234, 0, 6.56%, 0, 0, 11, 13.23
1700629833, 50, 30, 586, 234, 0, 6.56%, 0, 0, 11, 13.42
1700629853, 50, 31, 586, 234, 0, 6.56%, 0, 0, 11, 13.86
1700629868, 50, 32, 586, 234, 0, 6.56%, 0, 0, 11, 14.15
1700629889, 50, 42, 586, 233, 0, 6.56%, 0, 0, 11, 13.98
1700629899, 50, 44, 586, 233, 0, 6.56%, 0, 0, 11, 13.94
1700629915, 50, 45, 586, 233, 0, 6.56%, 0, 0, 11, 13.78
1700629935, 50, 46, 586, 233, 0, 6.56%, 0, 0, 11, 13.96
1700629955, 50, 56, 586, 233, 0, 6.56%, 0, 0, 11, 14.31
1700629981, 50, 68, 586, 233, 0, 6.56%, 0, 0, 11, 13.31
1700630017, 50, 74, 586, 232, 0, 6.56%, 0, 0, 11, 13.51
1700630044, 50, 78, 586, 231, 0, 6.56%, 0, 0, 11, 0.69
1700630064, 50, 79, 586, 230, 0, 6.56%, 0, 0, 11, 13.73
1700630080, 50, 88, 586, 229, 0, 6.56%, 0, 0, 11, 13.76
1700630100, 50, 92, 586, 228, 0, 6.56%, 0, 0, 11, 14.07
1700630115, 50, 92, 587, 229, 0, 6.56%, 0, 0, 11, 14.41
1700630136, 50, 99, 587, 229, 0, 6.56%, 0, 0, 11, 14.14
1700630192, 50, 100, 587, 228, 0, 6.56%, 0, 0, 11, 13.91
1700630213, 50, 109, 587, 228, 0, 6.56%, 0, 0, 11, 13.60
1700630248, 50, 113, 587, 227, 0, 6.56%, 0, 0, 11, 14.04
1700630279, 50, 117, 587, 227, 0, 6.56%, 0, 0, 11, 13.90
1700630300, 50, 122, 587, 227, 0, 6.56%, 0, 0, 11, 13.97
1700630315, 50, 129, 587, 227, 0, 6.56%, 0, 0, 11, 13.84
1700630351, 50, 135, 587, 227, 0, 6.56%, 0, 0, 11, 14.13
1700630382, 50, 136, 587, 227, 0, 6.56%, 0, 0, 11, 13.93
1700630433, 50, 142, 587, 226, 0, 6.56%, 0, 0, 11, 14.32
1700630453, 50, 143, 587, 226, 0, 6.56%, 0, 0, 11, 14.35
1700630504, 50, 145, 587, 226, 0, 6.56%, 0, 0, 11, 13.28
1700630570, 50, 147, 587, 225, 0, 6.56%, 0, 0, 11, 14.17
1700630591, 50, 148, 587, 225, 0, 6.56%, 0, 0, 11, 14.20
1700630637, 50, 149, 587, 225, 0, 6.56%, 0, 0, 11, 14.17
1700630673, 50, 151, 587, 224, 0, 6.56%, 0, 0, 11, 14.16
1700630688, 50, 154, 587, 224, 0, 6.56%, 0, 0, 11, 14.21
1700630719, 50, 158, 587, 223, 0, 6.56%, 0, 0, 11, 13.81
1700630739, 50, 159, 587, 223, 0, 6.56%, 0, 0, 11, 14.16
1700630780, 50, 165, 587, 223, 0, 6.56%, 0, 0, 11, 13.94
1700630790, 50, 165, 588, 224, 0, 6.56%, 0, 0, 11, 15.23
1700630796, 50, 165, 589, 225, 0, 6.56%, 0, 0, 11, 14.74
1700630821, 50, 170, 589, 225, 0, 6.56%, 0, 0, 11, 13.95
1700630842, 50, 173, 589, 224, 0, 6.56%, 0, 0, 11, 13.45
1700630868, 50, 180, 589, 223, 0, 6.56%, 0, 0, 11, 14.05
1700630883, 50, 184, 589, 223, 0, 6.56%, 0, 0, 11, 13.43
1700630903, 50, 184, 590, 224, 0, 6.56%, 0, 0, 11, 14.67
1700630929, 50, 193, 590, 224, 1, 6.56%, 0, 0, 11, 13.73
1700630945, 50, 205, 590, 224, 1, 6.56%, 0, 0, 11, 1.88
1700630990, 50, 346, 590, 224, 1, 6.56%, 0, 0, 11, 0.21
1700631029, 50, 517, 590, 223, 1, 6.56%, 0, 0, 11, 0.36
1700631059, 50, 532, 590, 222, 1, 6.56%, 0, 0, 11, 13.13
1700631100, 50, 589, 590, 221, 1, 6.56%, 0, 0, 11, 13.26
1700631127, 51, 0, 590, 220, 0, 6.56%, 0, 0, 11, 0.71
1700631142, 51, 1, 590, 220, 0, 6.56%, 0, 0, 11, 14.43
1700631163, 51, 2, 590, 220, 0, 6.56%, 0, 0, 11, 13.99
1700631188, 51, 3, 590, 220, 0, 6.56%, 0, 0, 11, 13.84
1700631219, 51, 6, 590, 220, 0, 6.56%, 0, 0, 11, 14.18
1700631229, 51, 6, 592, 222, 0, 6.56%, 0, 0, 11, 14.98
1700631239, 51, 6, 593, 223, 0, 6.56%, 0, 0, 11, 14.86
1700631244, 51, 6, 594, 224, 0, 6.56%, 0, 0, 11, 14.81
1700631278, 51, 319, 594, 224, 1, 6.56%, 0, 0, 11, 0.20
1700631332, 51, 399, 594, 223, 1, 6.56%, 0, 0, 11, 0.53
1700631358, 51, 532, 594, 223, 1, 6.56%, 0, 0, 11, 0.23
1700631363, 51, 532, 595, 224, 1, 6.57%, 0, 0, 11, 14.07
1700631386, 51, 590, 595, 224, 2, 6.57%, 0, 0, 11, 0.48
1700631458, 51, 594, 595, 223, 1, 6.57%, 0, 0, 11, 13.80
1700631524, 52, 0, 595, 222, 0, 6.57%, 0, 0, 11, 14.00
1700631540, 52, 1, 595, 222, 0, 6.57%, 0, 0, 11, 14.52
1700631560, 52, 2, 595, 222, 0, 6.57%, 0, 0, 11, 14.23
1700631575, 52, 3, 595, 222, 0, 6.57%, 0, 0, 11, 14.06
1700631601, 52, 6, 595, 222, 0, 6.57%, 0, 0, 11, 14.05
1700631632, 52, 7, 595, 222, 0, 6.57%, 0, 0, 11, 14.42
1700631668, 52, 9, 595, 222, 0, 6.57%, 0, 0, 11, 14.10
1700631688, 52, 11, 596, 223, 0, 6.57%, 0, 0, 11, 14.06
1700631709, 52, 48, 596, 223, 1, 6.57%, 0, 0, 11, 14.22
1700631729, 52, 50, 596, 222, 1, 6.57%, 0, 0, 11, 13.78
1700631749, 52, 50, 597, 223, 1, 6.57%, 0, 0, 11, 14.45
1700631783, 52, 167, 597, 223, 2, 6.57%, 0, 0, 11, 0.53
1700631809, 52, 253, 597, 222, 2, 6.57%, 0, 0, 11, 0.52
1700631839, 52, 261, 597, 222, 2, 6.57%, 0, 0, 11, 13.62
1700631900, 52, 270, 597, 221, 2, 6.57%, 0, 0, 11, 14.32
1700631922, 52, 315, 597, 221, 2, 6.57%, 0, 0, 11, 0.92
1700631987, 52, 470, 597, 220, 2, 6.57%, 0, 0, 11, 0.28
1700632059, 52, 522, 597, 219, 2, 6.57%, 0, 0, 11, 13.50
1700632085, 52, 532, 597, 218, 2, 6.57%, 0, 0, 11, 14.48
1700632111, 52, 532, 598, 219, 2, 6.57%, 0, 0, 11, 14.71
1700632136, 52, 588, 598, 219, 2, 6.57%, 0, 0, 11, 13.76
1700632162, 52, 595, 598, 218, 2, 6.57%, 0, 0, 11, 13.62
1700632188, 52, 595, 599, 219, 2, 6.57%, 0, 0, 11, 14.75
1700632214, 52, 596, 599, 218, 2, 6.57%, 0, 0, 11, 13.71
1700632306, 52, 596, 600, 219, 2, 6.57%, 0, 0, 11, 14.66
1700632342, 52, 598, 600, 218, 2, 6.57%, 0, 0, 11, 13.77
1700632383, 52, 599, 600, 217, 1, 6.57%, 0, 0, 11, 14.08
1700632410, 53, 0, 600, 216, 0, 6.57%, 0, 0, 11, 14.33
1700632430, 53, 0, 601, 217, 0, 6.57%, 0, 0, 11, 14.76
1700632502, 53, 0, 602, 218, 0, 6.58%, 0, 0, 11, 14.42
1700632517, 53, 0, 604, 220, 0, 6.58%, 0, 0, 11, 14.87
1700632543, 53, 12, 604, 220, 2, 6.58%, 0, 0, 11, 13.93
1700632558, 53, 12, 605, 221, 2, 6.59%, 0, 0, 11, 15.00
1700632584, 53, 12, 606, 222, 2, 6.59%, 0, 0, 11, 14.61
1700632589, 53, 12, 607, 223, 2, 6.59%, 0, 0, 11, 14.10
1700632617, 53, 232, 607, 223, 4, 6.59%, 0, 0, 11, 0.15
1700632658, 53, 413, 607, 222, 4, 6.59%, 0, 0, 11, 0.16
1700632692, 53, 601, 607, 221, 4, 6.59%, 0, 0, 11, 0.24
1700632727, 53, 603, 607, 220, 3, 6.59%, 0, 0, 11, 13.69
1700632778, 53, 604, 607, 219, 2, 6.59%, 0, 0, 11, 13.94
1700632799, 53, 606, 607, 218, 1, 6.59%, 0, 0, 11, 14.70
1700632819, 54, 0, 607, 217, 0, 6.59%, 0, 0, 11, 13.94
1700632835, 54, 1, 607, 217, 0, 6.59%, 0, 0, 11, 13.75
1700632871, 54, 2, 607, 217, 0, 6.59%, 0, 0, 11, 13.54
1700632886, 54, 3, 607, 217, 0, 6.59%, 0, 0, 11, 14.22
1700632933, 54, 3, 608, 218, 0, 6.59%, 0, 0, 11, 14.27
1700632984, 54, 15, 608, 218, 1, 6.59%, 0, 0, 11, 13.87
1700633001, 54, 39, 608, 218, 1, 6.59%, 0, 0, 11, 1.32
1700633021, 54, 79, 608, 218, 1, 6.59%, 0, 0, 11, 13.16
1700633045, 54, 181, 608, 218, 1, 6.59%, 0, 0, 11, 0.43
1700633081, 54, 198, 608, 218, 1, 6.59%, 0, 0, 11, 13.35
1700633114, 54, 234, 608, 217, 1, 6.59%, 0, 0, 11, 1.44
1700633144, 54, 234, 609, 218, 1, 6.60%, 0, 0, 11, 15.66
1700633164, 54, 251, 609, 217, 2, 6.60%, 0, 0, 11, 12.53
1700633192, 54, 292, 609, 216, 2, 6.60%, 0, 0, 11, 1.64
1700633226, 54, 432, 609, 215, 2, 6.60%, 0, 0, 11, 0.32
1700633272, 54, 432, 611, 217, 2, 6.60%, 0, 0, 11, 17.15
