# unix_time, cycles_done, cur_path, paths_total, pending_total, pending_favs, map_size, unique_crashes, unique_hangs, max_depth, execs_per_sec
1701470827, 0, 0, 1, 1, 1, 1.67%, 0, 0, 1, 6.54
1701470832, 0, 0, 5, 5, 1, 1.79%, 0, 0, 2, 7.38
1701470838, 0, 0, 10, 10, 1, 1.87%, 0, 0, 2, 7.67
1701470843, 0, 0, 12, 12, 1, 1.87%, 0, 0, 2, 6.64
1701470848, 0, 0, 16, 16, 1, 1.87%, 0, 0, 2, 6.40
1701470853, 0, 0, 19, 19, 1, 1.87%, 0, 0, 2, 7.06
1701470858, 0, 0, 23, 23, 1, 1.88%, 0, 0, 2, 8.10
1701470864, 0, 0, 26, 26, 1, 1.88%, 0, 0, 2, 8.02
1701470869, 0, 0, 27, 27, 1, 1.88%, 0, 0, 2, 8.01
1701470874, 0, 0, 29, 29, 1, 1.88%, 0, 0, 2, 8.92
1701470879, 0, 0, 32, 32, 1, 1.89%, 0, 0, 2, 10.26
1701470884, 0, 0, 38, 38, 1, 1.89%, 0, 0, 2, 13.21
1701470889, 0, 0, 42, 42, 1, 1.99%, 0, 0, 2, 14.15
1701470894, 0, 0, 45, 45, 1, 1.99%, 0, 0, 2, 15.12
1701470900, 0, 0, 48, 48, 1, 1.99%, 0, 0, 2, 14.49
1701470905, 0, 0, 52, 52, 1, 2.00%, 0, 0, 2, 15.73
1701470910, 0, 0, 53, 53, 1, 2.00%, 0, 0, 2, 12.62
1701470915, 0, 0, 54, 54, 1, 2.00%, 0, 0, 2, 13.84
1701470925, 0, 0, 55, 55, 1, 2.00%, 0, 0, 2, 11.78
1701470931, 0, 0, 56, 56, 1, 2.00%, 0, 0, 2, 11.91
1701470936, 0, 0, 57, 57, 1, 2.00%, 0, 0, 2, 11.76
1701470941, 0, 0, 58, 58, 1, 2.00%, 0, 0, 2, 10.05
1701471074, 0, 0, 59, 59, 1, 2.01%, 0, 0, 2, 18.14
1701471171, 0, 0, 61, 61, 1, 2.01%, 0, 0, 2, 21.11
1701471176, 0, 0, 63, 63, 1, 2.01%, 0, 0, 2, 23.50
1701471284, 0, 0, 65, 65, 1, 2.02%, 0, 0, 2, 21.98
1701471524, 0, 0, 68, 68, 1, 2.02%, 0, 0, 2, 16.02
1701471534, 0, 0, 71, 71, 1, 2.02%, 0, 0, 2, 12.98
1701471539, 0, 0, 72, 72, 1, 2.02%, 0, 0, 2, 13.17
1701471544, 0, 0, 74, 74, 1, 2.02%, 0, 0, 2, 18.50
1701471550, 0, 0, 75, 75, 1, 2.02%, 0, 0, 2, 16.15
1701471555, 0, 0, 76, 76, 1, 2.02%, 0, 0, 2, 14.22
1701471560, 0, 0, 78, 78, 1, 2.02%, 0, 0, 2, 19.17
1701471570, 0, 0, 79, 79, 1, 2.02%, 0, 0, 2, 15.84
1701471580, 0, 0, 81, 81, 1, 2.02%, 0, 0, 2, 17.58
1701471585, 0, 0, 82, 82, 1, 2.02%, 0, 0, 2, 18.03
1701471590, 0, 0, 84, 84, 1, 2.31%, 0, 0, 2, 14.47
1701471601, 0, 0, 87, 87, 1, 2.31%, 0, 0, 2, 19.08
1701471616, 0, 0, 88, 88, 1, 2.31%, 0, 0, 2, 18.85
1701471636, 0, 0, 89, 89, 1, 2.31%, 0, 0, 2, 21.51
1701471641, 0, 0, 90, 90, 1, 2.31%, 0, 0, 2, 20.87
1701471652, 0, 0, 92, 92, 1, 2.31%, 0, 0, 2, 22.36
1701471662, 0, 0, 93, 93, 1, 2.31%, 0, 0, 2, 19.23
1701471667, 0, 0, 94, 94, 1, 2.31%, 0, 0, 2, 20.55
1701471672, 0, 0, 95, 95, 1, 2.31%, 0, 0, 2, 19.07
1701471677, 0, 14, 95, 94, 25, 2.31%, 0, 0, 2, 22.49
1701471682, 0, 25, 95, 93, 24, 2.31%, 0, 0, 2, 20.78
1701471789, 0, 29, 95, 92, 24, 2.31%, 0, 0, 2, 16.92
1701471994, 0, 29, 98, 95, 24, 2.31%, 0, 0, 3, 18.52
1701471999, 0, 29, 104, 101, 24, 2.31%, 0, 0, 3, 18.68
1701472015, 0, 29, 106, 103, 24, 2.31%, 0, 0, 3, 19.27
1701472020, 0, 29, 107, 104, 24, 2.31%, 0, 0, 3, 21.77
1701472025, 0, 29, 109, 106, 24, 2.31%, 0, 0, 3, 19.33
1701472040, 0, 29, 110, 107, 24, 2.31%, 0, 0, 3, 13.86
1701472046, 0, 29, 111, 108, 24, 2.31%, 0, 0, 3, 14.17
1701472051, 0, 29, 112, 109, 24, 2.31%, 0, 0, 3, 17.87
1701472077, 0, 29, 113, 110, 24, 2.31%, 0, 0, 3, 12.22
1701472087, 0, 29, 114, 111, 24, 2.31%, 0, 0, 3, 13.83
1701472092, 0, 29, 116, 113, 24, 2.31%, 0, 0, 3, 15.15
1701472097, 0, 29, 117, 114, 24, 2.31%, 0, 0, 3, 15.14
1701472107, 0, 29, 118, 115, 24, 2.31%, 0, 0, 3, 21.37
1701472112, 0, 29, 119, 116, 24, 2.31%, 0, 0, 3, 20.85
1701472128, 0, 29, 120, 117, 24, 2.31%, 0, 0, 3, 16.14
1701472174, 0, 29, 121, 118, 24, 2.31%, 0, 0, 3, 16.83
1701472215, 0, 40, 121, 117, 24, 2.31%, 0, 0, 3, 11.47
1701472614, 0, 40, 122, 118, 24, 2.31%, 0, 0, 3, 19.74
1701472619, 0, 43, 122, 117, 23, 2.31%, 0, 0, 3, 21.11
1701472670, 0, 45, 122, 116, 22, 2.31%, 0, 0, 3, 35.49
1701472685, 0, 48, 122, 115, 21, 2.31%, 0, 0, 3, 28.80
1701472716, 0, 48, 123, 116, 21, 2.32%, 0, 0, 3, 15.60
1701473094, 0, 51, 123, 115, 21, 2.32%, 0, 0, 3, 19.07
1701473099, 0, 51, 124, 116, 21, 2.32%, 0, 0, 3, 21.06
1701473784, 0, 51, 125, 117, 21, 2.32%, 0, 0, 3, 17.17
1701473789, 0, 51, 127, 119, 21, 2.32%, 0, 0, 3, 14.32
1701473794, 0, 51, 129, 121, 21, 2.32%, 0, 0, 3, 18.00
1701473815, 0, 51, 130, 122, 21, 2.32%, 0, 0, 3, 19.95
1701473820, 0, 51, 131, 123, 21, 2.32%, 0, 0, 3, 21.51
1701473830, 0, 51, 132, 124, 21, 2.32%, 0, 0, 3, 19.30
1701473840, 0, 51, 136, 128, 21, 2.32%, 0, 0, 3, 19.14
1701473851, 0, 51, 137, 129, 21, 2.32%, 0, 0, 3, 17.54
1701473861, 0, 51, 139, 131, 21, 2.32%, 0, 0, 3, 20.37
1701473866, 0, 51, 140, 132, 21, 2.32%, 0, 0, 3, 20.28
1701473871, 0, 51, 141, 133, 21, 2.32%, 0, 0, 3, 19.15
1701473887, 0, 51, 142, 134, 21, 2.32%, 0, 0, 3, 19.89
1701473892, 0, 51, 143, 135, 21, 2.32%, 0, 0, 3, 20.72
1701473902, 0, 51, 144, 136, 21, 2.32%, 0, 0, 3, 21.79
1701473907, 0, 51, 145, 137, 21, 2.32%, 0, 0, 3, 21.14
1701473933, 0, 51, 146, 138, 21, 2.32%, 0, 0, 3, 19.13
1701473938, 0, 51, 147, 139, 21, 2.32%, 0, 0, 3, 20.71
1701473954, 0, 51, 148, 140, 21, 2.32%, 0, 0, 3, 13.09
1701473964, 0, 51, 149, 141, 21, 2.32%, 0, 0, 3, 17.15
1701473969, 0, 58, 149, 140, 21, 2.32%, 0, 0, 3, 17.98
1701474210, 0, 58, 150, 141, 21, 2.32%, 0, 0, 3, 22.08
1701474568, 0, 59, 150, 140, 21, 2.32%, 0, 0, 3, 16.21
1701475148, 0, 59, 151, 141, 21, 2.32%, 0, 0, 3, 15.59
1701475158, 0, 61, 151, 140, 20, 2.32%, 0, 0, 3, 19.44
1701475797, 0, 62, 151, 139, 19, 2.32%, 0, 0, 3, 17.68
1701476366, 0, 63, 151, 138, 18, 2.32%, 0, 0, 3, 19.61
1701476964, 0, 68, 151, 137, 17, 2.32%, 0, 0, 3, 11.36
1701477491, 0, 72, 151, 136, 17, 2.32%, 0, 0, 3, 16.72
1701477578, 0, 77, 151, 135, 16, 2.32%, 0, 0, 3, 20.97
1701477598, 0, 77, 152, 136, 16, 2.32%, 0, 0, 3, 20.89
1701477772, 0, 77, 155, 139, 16, 2.32%, 0, 0, 3, 20.50
1701477977, 0, 82, 155, 138, 17, 2.32%, 0, 0, 3, 22.35
1701477987, 0, 82, 159, 142, 17, 2.38%, 0, 0, 3, 19.61
1701477992, 0, 82, 164, 147, 17, 2.43%, 0, 0, 3, 15.14
1701477997, 0, 82, 165, 148, 17, 2.43%, 0, 0, 3, 12.22
1701478002, 0, 82, 166, 149, 17, 2.43%, 0, 0, 3, 16.25
1701478059, 0, 82, 171, 154, 17, 2.47%, 0, 0, 3, 19.73
1701478064, 0, 82, 172, 155, 17, 2.47%, 0, 0, 3, 16.62
1701478130, 0, 82, 175, 158, 17, 2.57%, 0, 0, 3, 19.69
1701478202, 0, 82, 177, 160, 17, 2.57%, 0, 0, 3, 16.57
1701478253, 0, 82, 183, 166, 17, 2.61%, 0, 0, 3, 17.68
1701478258, 0, 82, 186, 169, 17, 2.65%, 0, 0, 3, 17.39
1701478263, 0, 82, 187, 170, 17, 2.65%, 0, 0, 3, 16.60
1701478273, 0, 82, 190, 173, 17, 2.65%, 0, 0, 3, 15.99
1701478278, 0, 82, 191, 174, 17, 2.65%, 0, 0, 3, 18.84
1701478349, 0, 82, 192, 175, 17, 2.67%, 0, 0, 3, 19.94
1701478467, 0, 82, 194, 177, 17, 2.67%, 0, 0, 3, 19.09
1701478585, 0, 82, 196, 179, 17, 2.67%, 0, 0, 3, 20.03
1701478590, 0, 82, 198, 181, 17, 2.67%, 0, 0, 3, 19.20
1701478739, 0, 82, 202, 185, 17, 2.67%, 0, 0, 3, 19.60
1701478749, 0, 82, 206, 189, 17, 2.67%, 0, 0, 3, 20.22
1701478754, 0, 82, 209, 192, 17, 2.67%, 0, 0, 3, 20.72
1701478759, 0, 82, 213, 196, 17, 2.67%, 0, 0, 3, 20.58
1701478774, 0, 82, 214, 197, 17, 2.67%, 0, 0, 3, 16.68
1701478784, 0, 82, 215, 198, 17, 2.67%, 0, 0, 3, 19.29
1701478794, 0, 82, 217, 200, 17, 2.67%, 0, 0, 3, 14.31
1701478799, 0, 82, 218, 201, 17, 2.67%, 0, 0, 3, 15.51
1701478810, 0, 82, 219, 202, 17, 2.67%, 0, 0, 3, 16.09
1701478815, 0, 82, 220, 203, 17, 2.67%, 0, 0, 3, 16.13
1701478820, 0, 82, 221, 204, 17, 2.67%, 0, 0, 3, 16.89
1701478825, 0, 82, 223, 206, 17, 2.67%, 0, 0, 3, 16.69
1701478830, 0, 82, 225, 208, 17, 2.69%, 0, 0, 3, 18.67
1701478856, 0, 82, 226, 209, 17, 2.69%, 0, 0, 3, 17.96
1701478876, 0, 82, 227, 210, 17, 2.69%, 0, 0, 3, 14.82
1701478882, 0, 82, 228, 211, 17, 2.69%, 0, 0, 3, 16.29
1701478902, 0, 82, 229, 212, 17, 2.69%, 0, 0, 3, 15.59
1701478907, 0, 82, 230, 213, 17, 2.69%, 0, 0, 3, 17.31
1701478922, 0, 82, 231, 214, 17, 2.69%, 0, 0, 3, 19.69
1701478943, 0, 90, 232, 214, 33, 2.72%, 0, 0, 3, 2.18
1701478974, 0, 90, 233, 215, 33, 2.72%, 0, 0, 3, 18.11
1701479167, 0, 90, 234, 216, 33, 2.72%, 0, 0, 3, 22.98
1701479239, 0, 90, 235, 217, 33, 2.72%, 0, 0, 3, 16.47
1701479244, 0, 90, 236, 218, 33, 2.72%, 0, 0, 3, 17.45
1701479659, 0, 90, 238, 220, 33, 2.73%, 0, 0, 3, 19.78
1701479664, 0, 90, 239, 221, 33, 2.73%, 0, 0, 3, 17.32
1701479674, 0, 90, 241, 223, 33, 2.73%, 0, 0, 3, 19.48
1701479684, 0, 90, 243, 225, 33, 2.73%, 0, 0, 3, 19.36
1701479694, 0, 90, 244, 226, 33, 2.73%, 0, 0, 3, 19.91
1701479715, 0, 90, 245, 227, 33, 2.73%, 0, 0, 3, 20.95
1701479735, 0, 90, 246, 228, 33, 2.73%, 0, 0, 3, 18.74
1701479740, 0, 90, 247, 229, 33, 2.73%, 0, 0, 3, 18.53
1701479761, 0, 90, 248, 230, 33, 2.73%, 0, 0, 3, 18.43
1701479797, 0, 90, 249, 231, 33, 2.73%, 0, 0, 3, 17.83
1701479802, 0, 90, 250, 232, 33, 2.73%, 0, 0, 3, 20.46
1701479827, 0, 90, 251, 233, 33, 2.73%, 0, 0, 3, 20.44
1701479832, 0, 90, 252, 234, 33, 2.73%, 0, 0, 3, 21.75
1701479853, 0, 93, 252, 233, 35, 2.73%, 0, 0, 3, 18.06
1701479889, 0, 93, 253, 234, 35, 2.73%, 0, 0, 3, 20.15
1701479965, 0, 93, 254, 235, 35, 2.73%, 0, 0, 3, 13.35
1701480021, 0, 93, 255, 236, 35, 2.73%, 0, 0, 3, 17.93
1701480818, 0, 93, 256, 237, 35, 2.73%, 0, 0, 3, 16.09
1701480828, 0, 93, 257, 238, 35, 2.73%, 0, 0, 3, 16.36
1701480833, 0, 93, 258, 239, 35, 2.73%, 0, 0, 3, 18.35
1701480844, 0, 93, 260, 241, 35, 2.73%, 0, 0, 3, 16.35
1701480864, 0, 94, 260, 240, 35, 2.73%, 0, 0, 3, 15.11
1701481519, 0, 94, 261, 241, 35, 2.73%, 0, 0, 3, 19.59
1701481535, 0, 94, 262, 242, 35, 2.73%, 0, 0, 3, 17.83
1701481545, 0, 104, 262, 241, 35, 2.73%, 0, 0, 3, 14.55
1701481806, 0, 104, 263, 242, 35, 2.74%, 0, 0, 4, 18.92
1701481816, 0, 105, 263, 241, 35, 2.74%, 0, 0, 4, 16.72
1701481909, 0, 119, 263, 240, 34, 2.74%, 0, 0, 4, 13.97
1701482098, 0, 122, 263, 239, 33, 2.74%, 0, 0, 4, 21.89
1701482501, 0, 123, 263, 238, 32, 2.74%, 0, 0, 4, 19.18
1701483203, 0, 123, 264, 239, 32, 2.74%, 0, 0, 4, 21.27
1701483208, 0, 123, 265, 240, 32, 2.74%, 0, 0, 4, 20.83
1701483219, 0, 124, 265, 239, 29, 2.74%, 0, 0, 4, 17.62
1701483265, 0, 124, 267, 241, 29, 2.74%, 0, 0, 4, 14.28
1701483393, 0, 124, 268, 242, 29, 2.74%, 0, 0, 4, 21.01
1701483782, 0, 124, 270, 244, 29, 2.74%, 0, 0, 4, 16.29
1701484177, 0, 124, 272, 246, 29, 2.74%, 0, 0, 4, 18.66
1701484208, 0, 124, 273, 247, 29, 2.74%, 0, 0, 4, 17.90
1701484218, 0, 124, 274, 248, 29, 2.74%, 0, 0, 4, 16.73
1701484223, 0, 124, 275, 249, 29, 2.74%, 0, 0, 4, 18.43
1701484238, 0, 124, 276, 250, 29, 2.74%, 0, 0, 4, 19.11
1701484259, 0, 124, 277, 251, 29, 2.74%, 0, 0, 4, 18.64
1701484264, 0, 124, 278, 252, 29, 2.74%, 0, 0, 4, 17.83
1701484274, 0, 124, 279, 253, 29, 2.74%, 0, 0, 4, 18.83
1701484319, 0, 124, 280, 254, 29, 2.74%, 0, 0, 4, 19.58
1701484335, 0, 124, 281, 255, 29, 2.74%, 0, 0, 4, 12.84
1701484381, 0, 124, 282, 256, 29, 2.74%, 0, 0, 4, 17.99
1701484397, 0, 145, 282, 255, 29, 2.74%, 0, 0, 4, 20.33
1701484402, 0, 145, 283, 256, 29, 2.74%, 0, 0, 4, 20.51
1701484412, 0, 145, 284, 257, 29, 2.74%, 0, 0, 4, 20.43
1701485425, 0, 145, 285, 258, 29, 2.74%, 0, 0, 4, 20.97
1701485435, 0, 145, 286, 259, 29, 2.74%, 0, 0, 4, 19.80
1701485446, 0, 145, 287, 260, 29, 2.74%, 0, 0, 4, 19.84
1701485451, 0, 145, 288, 261, 29, 2.74%, 0, 0, 4, 19.33
1701485461, 0, 145, 289, 262, 29, 2.74%, 0, 0, 4, 20.18
1701485466, 0, 145, 290, 263, 29, 2.74%, 0, 0, 4, 20.64
1701485486, 0, 145, 291, 264, 29, 2.74%, 0, 0, 4, 17.00
1701485512, 0, 145, 292, 265, 29, 2.74%, 0, 0, 4, 12.86
1701485522, 0, 145, 293, 266, 29, 2.74%, 0, 0, 4, 16.74
1701485538, 0, 145, 294, 267, 29, 2.75%, 0, 0, 4, 13.80
1701485548, 0, 145, 295, 268, 29, 2.75%, 0, 0, 4, 19.38
1701485599, 0, 145, 296, 269, 29, 2.75%, 0, 0, 4, 15.26
1701485635, 0, 149, 296, 268, 29, 2.75%, 0, 0, 4, 13.84
1701486223, 0, 149, 297, 269, 29, 2.75%, 0, 0, 4, 21.02
1701486234, 0, 151, 297, 268, 29, 2.75%, 0, 0, 4, 22.97
1701486649, 0, 152, 297, 267, 28, 2.75%, 0, 0, 4, 16.68
1701487093, 0, 152, 298, 268, 28, 2.75%, 0, 0, 4, 16.79
1701487098, 0, 153, 298, 267, 28, 2.75%, 0, 0, 4, 18.33
1701487524, 0, 154, 298, 266, 27, 2.75%, 0, 0, 4, 21.40
1701487964, 0, 154, 299, 267, 27, 2.75%, 0, 0, 4, 17.66
1701487974, 0, 167, 299, 266, 26, 2.75%, 0, 0, 4, 17.12
1701488276, 0, 167, 300, 267, 26, 2.75%, 0, 0, 4, 16.59
1701488281, 0, 167, 301, 268, 26, 2.75%, 0, 0, 4, 16.51
1701488823, 0, 169, 301, 267, 26, 2.75%, 0, 0, 4, 18.90
1701489142, 0, 169, 303, 269, 26, 2.75%, 0, 0, 4, 18.13
1701489653, 0, 169, 305, 271, 26, 2.75%, 0, 0, 4, 17.63
1701489673, 0, 169, 307, 273, 26, 2.75%, 0, 0, 4, 11.41
1701489699, 0, 169, 308, 274, 26, 2.75%, 0, 0, 4, 20.55
1701489720, 0, 169, 309, 275, 26, 2.75%, 0, 0, 4, 14.63
1701489751, 0, 169, 310, 276, 26, 2.75%, 0, 0, 4, 16.66
1701489761, 0, 169, 311, 277, 26, 2.75%, 0, 0, 4, 12.27
1701489792, 0, 169, 312, 278, 26, 2.75%, 0, 0, 4, 14.97
1701489812, 0, 169, 314, 280, 26, 2.75%, 0, 0, 4, 16.04
1701489843, 0, 169, 315, 281, 26, 2.76%, 0, 0, 4, 16.44
1701489858, 0, 170, 315, 280, 26, 2.76%, 0, 0, 4, 15.24
1701490717, 0, 178, 315, 279, 25, 2.76%, 0, 0, 4, 14.47
1701490733, 0, 178, 316, 280, 25, 2.76%, 0, 0, 4, 14.25
1701490876, 0, 178, 317, 281, 25, 2.76%, 0, 0, 4, 18.64
1701491117, 0, 178, 318, 282, 25, 2.76%, 0, 0, 4, 11.17
1701491542, 0, 178, 320, 284, 25, 2.76%, 0, 0, 4, 14.82
1701491562, 0, 179, 320, 283, 25, 2.76%, 0, 0, 4, 16.23
1701491737, 0, 179, 321, 284, 25, 2.77%, 0, 0, 4, 12.18
1701491884, 0, 179, 322, 285, 25, 2.77%, 0, 0, 4, 13.66
1701492416, 0, 179, 323, 286, 25, 2.77%, 0, 0, 4, 12.13
1701492426, 0, 180, 323, 285, 25, 2.77%, 0, 0, 4, 16.82
1701492513, 0, 180, 324, 286, 25, 2.77%, 0, 0, 4, 19.79
1701492585, 0, 180, 325, 287, 25, 2.77%, 0, 0, 4, 16.82
1701493305, 0, 210, 325, 286, 25, 2.77%, 0, 0, 4, 10.75
1701493412, 0, 210, 326, 287, 25, 2.77%, 0, 0, 4, 18.60
1701493514, 0, 210, 328, 289, 25, 2.78%, 0, 0, 4, 13.55
1701493765, 0, 210, 329, 290, 25, 2.78%, 0, 0, 4, 14.84
1701494313, 0, 224, 329, 289, 26, 2.78%, 0, 0, 4, 15.92
1701494328, 0, 224, 330, 290, 26, 2.78%, 0, 0, 4, 17.10
1701494343, 0, 224, 331, 291, 26, 2.79%, 0, 0, 4, 12.61
1701494348, 0, 224, 332, 292, 26, 2.79%, 0, 0, 4, 16.10
1701494353, 0, 224, 333, 293, 26, 2.79%, 0, 0, 4, 16.26
1701494538, 0, 224, 334, 294, 26, 2.80%, 0, 0, 4, 14.35
1701494661, 0, 224, 335, 295, 26, 2.80%, 0, 0, 4, 17.91
1701494800, 0, 224, 336, 296, 26, 2.80%, 0, 0, 4, 17.17
1701494826, 0, 224, 337, 297, 26, 2.81%, 0, 0, 4, 16.29
1701495204, 0, 224, 338, 298, 26, 2.81%, 0, 0, 4, 17.45
1701495209, 0, 225, 338, 297, 32, 2.81%, 0, 0, 4, 18.41
1701495225, 0, 225, 339, 298, 32, 2.81%, 0, 0, 4, 18.70
1701495240, 0, 225, 340, 299, 32, 2.81%, 0, 0, 4, 19.33
1701495261, 0, 225, 341, 300, 32, 2.81%, 0, 0, 4, 17.19
1701495362, 0, 225, 342, 301, 32, 2.81%, 0, 0, 4, 14.70
1701495367, 0, 225, 343, 302, 32, 2.81%, 0, 0, 4, 13.38
1701495679, 0, 227, 343, 301, 32, 2.81%, 0, 0, 4, 19.55
1701495689, 0, 227, 344, 302, 32, 2.81%, 0, 0, 4, 19.02
1701495740, 0, 227, 345, 303, 32, 2.82%, 0, 0, 4, 17.20
1701495766, 0, 227, 346, 304, 32, 2.82%, 0, 0, 4, 17.99
1701495878, 0, 227, 347, 305, 32, 2.82%, 0, 0, 4, 13.67
1701496528, 0, 227, 348, 306, 32, 2.82%, 0, 0, 4, 16.12
1701496554, 0, 234, 348, 305, 33, 2.82%, 0, 0, 4, 16.76
1701497299, 0, 234, 349, 306, 33, 2.82%, 0, 0, 4, 13.16
1701497315, 0, 235, 349, 305, 32, 2.82%, 0, 0, 4, 16.44
1701498109, 0, 235, 350, 306, 32, 2.82%, 0, 0, 4, 18.17
1701498119, 0, 244, 350, 305, 32, 2.82%, 0, 0, 4, 12.87
1701498139, 0, 244, 351, 306, 32, 2.82%, 0, 0, 4, 13.66
1701498180, 0, 244, 352, 307, 32, 2.82%, 0, 0, 4, 15.80
1701498456, 0, 244, 353, 308, 32, 2.82%, 0, 0, 4, 16.66
1701498461, 0, 244, 354, 309, 32, 2.82%, 0, 0, 4, 13.89
1701498477, 0, 244, 355, 310, 32, 2.83%, 0, 0, 4, 16.63
1701498533, 0, 244, 356, 311, 32, 2.83%, 0, 0, 4, 15.87
1701498543, 0, 244, 357, 312, 32, 2.83%, 0, 0, 4, 17.39
1701499025, 0, 245, 357, 311, 33, 2.83%, 0, 0, 4, 16.07
1701499470, 0, 255, 357, 310, 32, 2.83%, 0, 0, 4, 19.54
1701500499, 0, 255, 358, 311, 32, 2.83%, 0, 0, 4, 14.45
1701500504, 0, 255, 359, 312, 32, 2.83%, 0, 0, 4, 15.14
1701500525, 0, 262, 359, 311, 31, 2.83%, 0, 0, 4, 16.60
1701500560, 0, 262, 361, 313, 31, 2.84%, 0, 0, 5, 17.49
1701500566, 0, 262, 362, 314, 31, 2.84%, 0, 0, 5, 14.73
1701500612, 0, 263, 362, 313, 33, 2.84%, 0, 0, 5, 17.76
1701500617, 0, 263, 363, 314, 33, 2.84%, 0, 0, 5, 15.65
1701500632, 0, 263, 364, 315, 33, 2.84%, 0, 0, 5, 19.61
1701500637, 0, 263, 369, 320, 33, 2.85%, 0, 0, 5, 17.74
1701500642, 0, 263, 372, 323, 33, 2.85%, 0, 0, 5, 14.83
1701500647, 0, 263, 375, 326, 33, 2.85%, 0, 0, 5, 15.07
1701500652, 0, 263, 377, 328, 33, 2.85%, 0, 0, 5, 16.22
1701500658, 0, 263, 379, 330, 33, 2.85%, 0, 0, 5, 17.31
1701500663, 0, 263, 382, 333, 33, 3.01%, 0, 0, 5, 15.45
1701500668, 0, 263, 383, 334, 33, 3.01%, 0, 0, 5, 17.12
1701500673, 0, 263, 384, 335, 33, 3.01%, 0, 0, 5, 15.76
1701500678, 0, 263, 386, 337, 33, 3.01%, 0, 0, 5, 16.01
1701500683, 0, 263, 387, 338, 33, 3.01%, 0, 0, 5, 16.84
1701500724, 0, 263, 389, 340, 33, 3.01%, 0, 0, 5, 15.69
1701500729, 0, 263, 391, 342, 33, 3.01%, 0, 0, 5, 18.24
1701500811, 0, 263, 392, 343, 33, 3.01%, 0, 0, 5, 14.61
1701500821, 0, 263, 394, 345, 33, 3.02%, 0, 0, 5, 18.17
1701501037, 0, 263, 395, 346, 33, 3.02%, 0, 0, 5, 17.98
1701501256, 0, 263, 396, 347, 33, 3.02%, 0, 0, 5, 14.98
1701501282, 0, 263, 397, 348, 33, 3.02%, 0, 0, 5, 16.59
1701501737, 0, 263, 398, 349, 33, 3.02%, 0, 0, 5, 12.79
1701501983, 0, 263, 401, 352, 33, 3.02%, 0, 0, 5, 15.32
1701501988, 0, 263, 404, 355, 33, 3.02%, 0, 0, 5, 19.49
1701501993, 0, 263, 406, 357, 33, 3.02%, 0, 0, 5, 20.99
1701502003, 0, 263, 410, 361, 33, 3.02%, 0, 0, 5, 20.01
1701502008, 0, 263, 412, 363, 33, 3.03%, 0, 0, 5, 19.91
1701502013, 0, 263, 413, 364, 33, 3.03%, 0, 0, 5, 17.99
1701502019, 0, 263, 414, 365, 33, 3.03%, 0, 0, 5, 18.10
1701502024, 0, 263, 415, 366, 33, 3.03%, 0, 0, 5, 17.49
1701502029, 0, 263, 416, 367, 33, 3.03%, 0, 0, 5, 16.03
1701502034, 0, 263, 417, 368, 33, 3.03%, 0, 0, 5, 15.54
1701502039, 0, 263, 418, 369, 33, 3.03%, 0, 0, 5, 21.74
1701502044, 0, 263, 419, 370, 33, 3.03%, 0, 0, 5, 19.72
1701502050, 0, 263, 421, 372, 33, 3.03%, 0, 0, 5, 16.11
1701502055, 0, 263, 423, 374, 33, 3.03%, 0, 0, 5, 20.04
1701502060, 0, 263, 425, 376, 33, 3.03%, 0, 0, 5, 19.69
1701502065, 0, 263, 426, 377, 33, 3.03%, 0, 0, 5, 22.32
1701502070, 0, 263, 428, 379, 33, 3.03%, 0, 0, 5, 22.56
1701502075, 0, 263, 430, 381, 33, 3.03%, 0, 0, 5, 21.88
1701502090, 0, 263, 431, 382, 33, 3.03%, 0, 0, 5, 21.80
1701502095, 0, 263, 433, 384, 33, 3.03%, 0, 0, 5, 19.46
1701502100, 0, 263, 434, 385, 33, 3.03%, 0, 0, 5, 19.26
1701502111, 0, 263, 435, 386, 33, 3.03%, 0, 0, 5, 20.12
1701502136, 0, 263, 436, 387, 33, 3.03%, 0, 0, 5, 16.32
1701502147, 0, 263, 437, 388, 33, 3.03%, 0, 0, 5, 15.46
1701502162, 0, 263, 438, 389, 33, 3.03%, 0, 0, 5, 14.06
1701502168, 0, 276, 438, 388, 37, 3.03%, 0, 0, 5, 1.55
1701502613, 0, 276, 439, 389, 37, 3.03%, 0, 0, 5, 16.44
1701503008, 0, 283, 439, 388, 36, 3.03%, 0, 0, 5, 13.93
1701504127, 0, 290, 439, 387, 35, 3.03%, 0, 0, 5, 14.08
1701504224, 0, 296, 439, 386, 34, 3.03%, 0, 0, 5, 17.96
1701504234, 0, 296, 440, 387, 34, 3.03%, 0, 0, 5, 16.93
1701504883, 0, 296, 442, 389, 34, 3.03%, 0, 0, 5, 15.44
1701504924, 0, 297, 442, 388, 35, 3.03%, 0, 0, 5, 17.00
1701505027, 0, 297, 443, 389, 35, 3.03%, 0, 0, 5, 19.42
1701505175, 0, 297, 444, 390, 35, 3.03%, 0, 0, 5, 21.67
1701505195, 0, 314, 444, 389, 34, 3.03%, 0, 0, 5, 16.20
1701505211, 0, 314, 445, 390, 34, 3.03%, 0, 0, 5, 13.11
1701506225, 0, 316, 445, 389, 33, 3.03%, 0, 0, 5, 13.08
1701507079, 0, 320, 445, 388, 32, 3.03%, 0, 0, 5, 12.64
1701507955, 0, 330, 445, 387, 31, 3.03%, 0, 0, 5, 11.58
1701508006, 0, 330, 446, 388, 31, 3.03%, 0, 0, 5, 14.42
1701509025, 0, 330, 448, 390, 31, 3.04%, 0, 0, 5, 17.77
1701509041, 0, 330, 449, 391, 31, 3.04%, 0, 0, 5, 16.59
1701509051, 0, 330, 450, 392, 31, 3.04%, 0, 0, 5, 15.99
1701509112, 0, 330, 451, 393, 31, 3.04%, 0, 0, 5, 16.33
1701509152, 0, 330, 452, 394, 31, 3.04%, 0, 0, 5, 18.74
1701509178, 0, 330, 453, 395, 31, 3.04%, 0, 0, 5, 17.13
1701509229, 0, 332, 453, 394, 32, 3.04%, 0, 0, 5, 12.65
1701510232, 0, 332, 454, 395, 32, 3.04%, 0, 0, 5, 13.26
1701510258, 0, 333, 454, 394, 31, 3.04%, 0, 0, 5, 13.33
1701510503, 0, 333, 455, 395, 31, 3.04%, 0, 0, 5, 16.14
1701510717, 0, 333, 456, 396, 31, 3.04%, 0, 0, 5, 11.30
1701511275, 0, 334, 456, 395, 31, 3.04%, 0, 0, 5, 18.75
1701511290, 0, 334, 457, 396, 31, 3.04%, 0, 0, 5, 13.51
1701511633, 0, 334, 458, 397, 31, 3.04%, 0, 0, 5, 16.30
1701512190, 0, 334, 461, 400, 31, 3.04%, 0, 0, 5, 18.32
1701512211, 0, 334, 462, 401, 31, 3.04%, 0, 0, 5, 17.42
1701512247, 0, 334, 463, 402, 31, 3.04%, 0, 0, 5, 16.02
1701512272, 0, 334, 464, 403, 31, 3.04%, 0, 0, 5, 18.26
1701512288, 0, 334, 465, 404, 31, 3.04%, 0, 0, 5, 19.64
1701512313, 0, 334, 466, 405, 31, 3.04%, 0, 0, 5, 18.78
1701512354, 0, 334, 467, 406, 31, 3.04%, 0, 0, 5, 12.81
1701512375, 0, 335, 467, 405, 30, 3.04%, 0, 0, 5, 15.64
1701512549, 0, 335, 468, 406, 30, 3.05%, 0, 0, 5, 13.20
1701512631, 0, 335, 469, 407, 30, 3.05%, 0, 0, 5, 13.97
1701513271, 0, 336, 469, 406, 31, 3.05%, 0, 0, 5, 20.30
1701514156, 0, 336, 470, 407, 31, 3.05%, 0, 0, 5, 14.32
1701514166, 0, 336, 471, 408, 31, 3.05%, 0, 0, 5, 17.61
1701514171, 0, 336, 472, 409, 31, 3.05%, 0, 0, 5, 16.15
1701514253, 0, 339, 472, 408, 30, 3.05%, 0, 0, 5, 14.21
1701514294, 0, 339, 474, 410, 30, 3.05%, 0, 0, 5, 13.93
1701514320, 0, 339, 475, 411, 30, 3.05%, 0, 0, 5, 17.44
1701514801, 0, 342, 475, 410, 29, 3.05%, 0, 0, 5, 17.38
1701515318, 0, 344, 475, 409, 28, 3.05%, 0, 0, 5, 15.77
1701515389, 0, 344, 476, 410, 28, 3.05%, 0, 0, 5, 14.67
1701515651, 0, 344, 478, 412, 28, 3.06%, 0, 0, 5, 13.24
1701515661, 0, 344, 479, 413, 28, 3.06%, 0, 0, 5, 13.65
1701516270, 0, 344, 480, 414, 28, 3.06%, 0, 0, 5, 17.12
1701516286, 0, 345, 480, 413, 29, 3.06%, 0, 0, 5, 15.32
1701516301, 0, 345, 481, 414, 29, 3.06%, 0, 0, 5, 13.04
1701516316, 0, 345, 482, 415, 29, 3.06%, 0, 0, 5, 14.33
1701516378, 0, 345, 483, 416, 29, 3.06%, 0, 0, 5, 10.77
1701516521, 0, 345, 484, 417, 29, 3.06%, 0, 0, 5, 18.49
1701516751, 0, 345, 485, 418, 29, 3.06%, 0, 0, 5, 18.27
1701517237, 0, 349, 485, 417, 30, 3.06%, 0, 0, 5, 17.40
1701517289, 0, 349, 486, 418, 30, 3.06%, 0, 0, 5, 17.63
1701518154, 0, 351, 486, 417, 29, 3.06%, 0, 0, 5, 15.70
1701518216, 0, 351, 487, 418, 29, 3.06%, 0, 0, 5, 16.82
1701518221, 0, 351, 488, 419, 29, 3.06%, 0, 0, 5, 16.85
1701519168, 0, 352, 488, 418, 29, 3.06%, 0, 0, 5, 19.47
1701519940, 0, 354, 488, 417, 28, 3.06%, 0, 0, 5, 15.93
1701520394, 0, 354, 489, 418, 28, 3.06%, 0, 0, 5, 18.44
1701520866, 0, 354, 490, 419, 28, 3.06%, 0, 0, 5, 14.92
1701520881, 0, 356, 490, 418, 27, 3.06%, 0, 0, 5, 17.16
1701521829, 0, 356, 491, 419, 27, 3.06%, 0, 0, 5, 16.03
1701521844, 0, 359, 491, 418, 27, 3.06%, 0, 0, 5, 14.59
1701521936, 0, 360, 491, 417, 26, 3.06%, 0, 0, 5, 16.04
1701522023, 0, 361, 491, 416, 25, 3.06%, 0, 0, 5, 19.70
1701522115, 0, 366, 491, 415, 24, 3.06%, 0, 0, 5, 18.34
1701522146, 0, 366, 492, 416, 24, 3.06%, 0, 0, 6, 16.34
1701522182, 0, 366, 493, 417, 24, 3.06%, 0, 0, 6, 15.61
1701522300, 0, 366, 494, 418, 24, 3.06%, 0, 0, 6, 14.46
1701523440, 0, 377, 494, 417, 24, 3.06%, 0, 0, 6, 19.07
1701523686, 0, 377, 495, 418, 24, 3.06%, 0, 0, 6, 14.83
1701524745, 0, 392, 495, 417, 23, 3.06%, 0, 0, 6, 16.85
1701524801, 0, 392, 496, 418, 23, 3.07%, 0, 0, 6, 14.04
1701524878, 0, 392, 497, 419, 23, 3.07%, 0, 0, 6, 12.44
1701525384, 0, 392, 498, 420, 23, 3.07%, 0, 0, 6, 15.97
1701526132, 0, 402, 498, 419, 24, 3.07%, 0, 0, 6, 16.37
1701526193, 0, 402, 499, 420, 24, 3.07%, 0, 0, 6, 16.51
1701527535, 0, 402, 500, 421, 24, 3.07%, 0, 0, 6, 15.61
1701527550, 0, 402, 501, 422, 24, 3.07%, 0, 0, 6, 15.75
1701527561, 0, 402, 502, 423, 24, 3.07%, 0, 0, 6, 18.03
1701527571, 0, 402, 503, 424, 24, 3.07%, 0, 0, 6, 20.11
1701527576, 0, 402, 504, 425, 24, 3.07%, 0, 0, 6, 16.27
1701527586, 0, 402, 505, 426, 24, 3.07%, 0, 0, 6, 14.06
1701527617, 0, 402, 506, 427, 24, 3.07%, 0, 0, 6, 15.42
1701527627, 0, 402, 507, 428, 24, 3.07%, 0, 0, 6, 15.58
1701527658, 0, 402, 508, 429, 24, 3.07%, 0, 0, 6, 12.38
1701527668, 0, 402, 509, 430, 24, 3.07%, 0, 0, 6, 12.22
1701527694, 0, 402, 510, 431, 24, 3.07%, 0, 0, 6, 12.69
1701527710, 0, 402, 511, 432, 24, 3.07%, 0, 0, 6, 17.16
1701527715, 0, 402, 513, 434, 24, 3.07%, 0, 0, 6, 18.29
1701527730, 0, 402, 514, 435, 24, 3.07%, 0, 0, 6, 13.93
1701527751, 0, 403, 515, 435, 23, 3.07%, 0, 0, 6, 18.44
1701527761, 0, 403, 517, 437, 23, 3.12%, 0, 0, 6, 15.90
1701528441, 0, 403, 518, 438, 23, 3.12%, 0, 0, 6, 14.15
1701529533, 0, 403, 519, 439, 23, 3.12%, 0, 0, 6, 18.44
1701529558, 0, 418, 519, 438, 24, 3.12%, 0, 0, 6, 16.51
1701529604, 0, 418, 520, 439, 24, 3.12%, 0, 0, 6, 15.52
1701531133, 0, 418, 521, 440, 24, 3.12%, 0, 0, 6, 12.15
1701531195, 0, 418, 522, 441, 24, 3.12%, 0, 0, 6, 16.62
1701531210, 0, 428, 522, 440, 24, 3.12%, 0, 0, 6, 3.44
1701531257, 0, 428, 523, 441, 24, 3.12%, 0, 0, 6, 8.81
1701531308, 0, 428, 524, 442, 24, 3.12%, 0, 0, 6, 14.31
1701531313, 0, 428, 525, 443, 24, 3.12%, 0, 0, 6, 12.20
1701531318, 0, 428, 526, 444, 24, 3.12%, 0, 0, 6, 9.95
1701532066, 0, 428, 527, 445, 24, 3.12%, 0, 0, 6, 9.54
1701532204, 0, 428, 529, 447, 24, 3.12%, 0, 0, 6, 9.48
1701533151, 0, 432, 529, 446, 25, 3.12%, 0, 0, 6, 10.09
1701533208, 0, 432, 533, 450, 25, 3.12%, 0, 0, 6, 12.48
1701533234, 0, 432, 534, 451, 25, 3.12%, 0, 0, 6, 14.41
1701533725, 0, 432, 535, 452, 25, 3.12%, 0, 0, 6, 15.74
1701533745, 0, 432, 537, 454, 25, 3.12%, 0, 0, 6, 15.08
1701533751, 0, 432, 538, 455, 25, 3.12%, 0, 0, 6, 17.00
1701533771, 0, 432, 540, 457, 25, 3.12%, 0, 0, 6, 17.89
1701533786, 0, 432, 541, 458, 25, 3.12%, 0, 0, 6, 15.97
1701534830, 0, 432, 542, 459, 25, 3.12%, 0, 0, 6, 19.18
1701534835, 0, 432, 543, 460, 25, 3.12%, 0, 0, 6, 18.07
1701534861, 0, 432, 544, 461, 25, 3.12%, 0, 0, 6, 16.54
1701534891, 0, 432, 545, 462, 25, 3.12%, 0, 0, 6, 13.63
1701535039, 0, 439, 545, 461, 24, 3.12%, 0, 0, 6, 14.34
1701535793, 0, 441, 545, 460, 23, 3.12%, 0, 0, 6, 14.49
1701536119, 0, 441, 546, 461, 23, 3.12%, 0, 0, 6, 18.45
1701536353, 0, 441, 547, 462, 23, 3.12%, 0, 0, 6, 12.63
1701536374, 0, 447, 547, 461, 23, 3.12%, 0, 0, 6, 18.74
1701537518, 0, 447, 548, 462, 23, 3.12%, 0, 0, 6, 11.99
1701537544, 0, 455, 548, 461, 22, 3.12%, 0, 0, 6, 15.90
1701538629, 0, 455, 549, 462, 22, 3.12%, 0, 0, 6, 17.26
1701538650, 0, 459, 549, 461, 22, 3.12%, 0, 0, 6, 9.38
1701538716, 0, 459, 550, 462, 22, 3.12%, 0, 0, 6, 12.81
1701539505, 0, 459, 551, 463, 22, 3.12%, 0, 0, 6, 14.93
1701539556, 0, 467, 551, 462, 21, 3.12%, 0, 0, 6, 15.97
1701540462, 0, 467, 552, 463, 21, 3.12%, 0, 0, 6, 17.09
1701540478, 0, 468, 552, 462, 21, 3.12%, 0, 0, 6, 18.32
1701540646, 0, 468, 553, 463, 21, 3.13%, 0, 0, 6, 15.23
1701541439, 0, 468, 554, 464, 21, 3.13%, 0, 0, 6, 17.18
1701541449, 0, 468, 555, 465, 21, 3.13%, 0, 0, 6, 17.07
1701541470, 0, 476, 555, 464, 22, 3.13%, 0, 0, 6, 15.11
1701542345, 0, 477, 555, 463, 21, 3.13%, 0, 0, 6, 17.97
1701543153, 0, 481, 555, 462, 20, 3.13%, 0, 0, 6, 17.37
1701543169, 0, 481, 556, 463, 20, 3.13%, 0, 0, 6, 12.21
1701544090, 0, 481, 557, 464, 20, 3.13%, 0, 0, 6, 18.20
1701544116, 0, 483, 557, 463, 19, 3.13%, 0, 0, 6, 11.44
1701545089, 0, 484, 557, 462, 18, 3.13%, 0, 0, 6, 14.82
