# unix_time, cycles_done, cur_path, paths_total, pending_total, pending_favs, map_size, unique_crashes, unique_hangs, max_depth, execs_per_sec
1701298013, 0, 0, 1, 1, 1, 0.28%, 0, 0, 1, 35.24
1701298023, 0, 0, 10, 10, 1, 0.34%, 0, 0, 2, 35.30
1701298048, 0, 0, 12, 12, 1, 0.39%, 0, 0, 2, 53.63
1701298053, 0, 0, 13, 13, 1, 0.39%, 0, 0, 2, 51.71
1701298059, 0, 0, 14, 14, 1, 0.41%, 0, 0, 2, 48.84
1701298115, 0, 0, 16, 16, 1, 0.41%, 0, 0, 2, 18.52
1701298120, 0, 0, 19, 19, 1, 0.41%, 0, 0, 2, 19.53
1701298293, 0, 0, 20, 20, 1, 0.42%, 0, 0, 2, 22.13
1701298483, 0, 0, 21, 21, 1, 0.42%, 0, 0, 2, 23.15
1701298503, 0, 0, 22, 22, 1, 0.43%, 0, 0, 2, 21.79
1701298508, 0, 0, 23, 23, 1, 0.43%, 0, 0, 2, 21.46
1701298549, 0, 0, 25, 25, 1, 0.43%, 0, 0, 2, 25.02
1701298728, 0, 0, 27, 27, 1, 0.43%, 0, 0, 2, 18.47
1701299281, 0, 0, 27, 27, 1, 0.43%, 1, 0, 2, 6.03
1701299286, 0, 0, 29, 29, 1, 0.44%, 1, 0, 2, 18.11
1701300078, 0, 0, 30, 30, 1, 0.44%, 1, 0, 2, 24.39
1701301080, 0, 0, 31, 31, 1, 0.44%, 1, 0, 2, 21.89
1701301095, 0, 1, 31, 30, 15, 0.44%, 1, 0, 2, 20.05
1701301131, 0, 4, 31, 29, 14, 0.44%, 1, 0, 2, 3.16
1701301208, 0, 4, 32, 30, 14, 0.44%, 1, 0, 3, 20.81
1701301295, 0, 4, 33, 31, 14, 0.44%, 1, 0, 3, 19.99
1701301687, 0, 4, 34, 32, 14, 0.44%, 1, 0, 3, 20.89
1701301799, 0, 4, 35, 33, 14, 0.44%, 1, 0, 3, 17.34
1701304214, 0, 5, 35, 32, 14, 0.44%, 1, 0, 3, 18.18
1701304736, 0, 5, 36, 33, 14, 0.45%, 1, 0, 3, 24.08
1701304751, 0, 5, 37, 34, 14, 0.45%, 1, 0, 3, 23.70
1701304884, 0, 5, 38, 35, 14, 0.45%, 1, 0, 3, 19.70
1701307392, 0, 7, 38, 34, 14, 0.45%, 1, 0, 3, 21.19
1701307908, 0, 8, 38, 33, 13, 0.45%, 1, 0, 3, 24.17
1701309645, 0, 9, 38, 32, 12, 0.45%, 1, 0, 3, 24.92
1701309906, 0, 9, 38, 32, 12, 0.45%, 2, 0, 3, 18.98
1701310345, 0, 9, 39, 33, 12, 0.45%, 2, 0, 3, 18.30
1701312815, 0, 11, 39, 32, 11, 0.45%, 2, 0, 3, 21.15
1701317013, 0, 13, 39, 31, 10, 0.45%, 2, 0, 3, 17.16
1701319839, 0, 14, 39, 30, 9, 0.45%, 2, 0, 3, 22.85
1701321975, 0, 16, 39, 29, 8, 0.45%, 2, 0, 3, 19.86
1701324799, 0, 19, 39, 28, 8, 0.45%, 2, 0, 3, 25.77
1701325811, 0, 19, 40, 29, 8, 0.45%, 2, 0, 3, 24.16
1701327507, 0, 21, 40, 28, 7, 0.45%, 2, 0, 3, 23.11
1701327988, 0, 21, 41, 29, 7, 0.45%, 2, 0, 3, 20.97
1701328540, 0, 21, 42, 30, 7, 0.45%, 2, 0, 3, 22.69
1701330237, 0, 22, 42, 29, 7, 0.45%, 2, 0, 3, 17.88
1701331219, 0, 26, 42, 28, 6, 0.45%, 2, 0, 3, 18.36
1701331286, 0, 26, 43, 29, 6, 0.45%, 2, 0, 3, 22.71
1701331635, 0, 26, 44, 30, 6, 0.45%, 2, 0, 3, 23.15
1701331977, 0, 26, 45, 31, 6, 0.45%, 2, 0, 3, 23.51
1701333182, 0, 27, 45, 30, 7, 0.45%, 2, 0, 3, 20.91
1701333259, 0, 27, 46, 31, 7, 0.45%, 2, 0, 3, 23.57
1701336081, 0, 32, 46, 30, 7, 0.45%, 2, 0, 3, 22.56
1701337094, 0, 35, 46, 29, 6, 0.45%, 2, 0, 3, 22.93
1701338177, 0, 39, 46, 28, 5, 0.45%, 2, 0, 3, 23.16
1701338248, 0, 39, 47, 29, 5, 0.45%, 2, 0, 4, 22.18
1701339665, 0, 39, 48, 30, 5, 0.45%, 2, 0, 4, 24.58
1701340323, 0, 44, 48, 28, 5, 0.45%, 2, 0, 4, 26.27
1701340334, 0, 44, 49, 29, 5, 0.45%, 2, 0, 4, 23.37
1701340390, 0, 44, 50, 30, 5, 0.45%, 2, 0, 4, 23.59
1701342226, 0, 45, 50, 29, 5, 0.45%, 2, 0, 4, 19.78
1701342313, 0, 45, 51, 30, 5, 0.45%, 2, 0, 4, 23.46
1701344286, 0, 47, 51, 29, 5, 0.45%, 2, 0, 4, 24.58
1701346406, 0, 49, 51, 28, 4, 0.45%, 2, 0, 4, 23.31
1701346416, 0, 49, 52, 29, 4, 0.45%, 2, 0, 5, 22.62
1701346503, 0, 49, 53, 30, 4, 0.45%, 2, 0, 5, 24.77
1701348351, 0, 50, 53, 29, 4, 0.45%, 2, 0, 5, 21.42
1701348448, 0, 50, 54, 30, 4, 0.45%, 2, 0, 5, 24.41
1701350178, 0, 52, 54, 29, 3, 0.45%, 2, 0, 5, 23.43
1701350183, 0, 52, 55, 30, 3, 0.45%, 2, 0, 6, 23.79
1701351882, 1, 6, 55, 29, 2, 0.45%, 2, 0, 6, 22.73
1701352332, 1, 10, 55, 28, 1, 0.45%, 2, 0, 6, 18.79
1701354930, 1, 12, 55, 27, 0, 0.45%, 2, 0, 6, 19.25
1701358717, 1, 13, 55, 26, 0, 0.45%, 2, 0, 6, 23.57
1701358722, 1, 22, 55, 26, 0, 0.45%, 2, 0, 6, 24.57
1701358727, 1, 30, 55, 26, 0, 0.45%, 2, 0, 6, 21.80
1701361529, 1, 30, 56, 27, 0, 0.45%, 2, 0, 6, 17.37
1701361544, 1, 33, 56, 26, 1, 0.45%, 2, 0, 6, 23.54
1701361907, 1, 33, 57, 27, 1, 0.45%, 2, 0, 6, 23.54
1701363330, 1, 55, 57, 26, 2, 0.45%, 2, 0, 6, 23.95
1701366109, 1, 56, 57, 25, 1, 0.45%, 2, 0, 6, 23.02
1701366499, 1, 56, 58, 26, 1, 0.45%, 2, 0, 6, 27.23
1701367861, 2, 4, 58, 25, 0, 0.45%, 2, 0, 6, 20.94
1701367866, 2, 9, 59, 26, 0, 0.45%, 2, 0, 6, 21.39
1701367871, 2, 10, 59, 26, 0, 0.45%, 2, 0, 6, 20.69
1701367876, 2, 13, 59, 26, 0, 0.45%, 2, 0, 6, 19.41
1701367881, 2, 20, 59, 26, 0, 0.45%, 2, 0, 6, 20.26
1701368516, 2, 20, 60, 27, 0, 0.45%, 2, 0, 6, 18.88
1701368531, 2, 22, 61, 27, 0, 0.45%, 2, 0, 6, 18.11
1701368536, 2, 32, 61, 27, 0, 0.45%, 2, 0, 6, 19.90
1701368541, 2, 37, 61, 27, 0, 0.45%, 2, 0, 6, 19.16
1701369245, 2, 37, 62, 28, 0, 0.45%, 2, 0, 6, 21.45
1701369573, 2, 37, 63, 29, 0, 0.45%, 2, 0, 6, 25.57
1701372014, 2, 40, 63, 28, 0, 0.45%, 2, 0, 6, 23.20
1701372025, 2, 46, 63, 28, 0, 0.45%, 2, 0, 6, 20.77
1701372525, 2, 46, 65, 30, 0, 0.45%, 2, 0, 6, 22.97
1701374064, 2, 47, 65, 29, 0, 0.45%, 2, 0, 6, 23.50
1701374069, 2, 52, 65, 29, 0, 0.45%, 2, 0, 6, 24.51
1701374074, 2, 55, 65, 29, 0, 0.45%, 2, 0, 6, 23.66
1701374080, 2, 61, 65, 29, 0, 0.45%, 2, 0, 6, 23.84
1701374493, 2, 61, 66, 30, 0, 0.45%, 2, 0, 6, 19.16
1701375876, 3, 4, 66, 29, 0, 0.45%, 2, 0, 6, 18.19
1701375881, 3, 9, 66, 29, 0, 0.45%, 2, 0, 6, 21.19
1701375886, 3, 11, 66, 29, 0, 0.45%, 2, 0, 6, 21.09
1701375891, 3, 13, 66, 29, 0, 0.45%, 2, 0, 6, 22.07
1701375896, 3, 22, 66, 29, 0, 0.45%, 2, 0, 6, 20.23
1701375902, 3, 29, 66, 29, 0, 0.45%, 2, 0, 6, 18.55
1701376663, 3, 32, 66, 28, 0, 0.45%, 2, 0, 6, 22.15
1701376669, 3, 39, 66, 28, 0, 0.45%, 2, 0, 6, 19.77
1701376674, 3, 47, 66, 28, 0, 0.45%, 2, 0, 6, 21.77
1701376679, 3, 48, 66, 28, 0, 0.45%, 2, 0, 6, 21.32
1701377516, 3, 48, 67, 29, 0, 0.45%, 2, 0, 6, 22.18
1701380138, 3, 50, 67, 28, 0, 0.45%, 2, 0, 6, 25.24
1701380143, 3, 52, 67, 28, 0, 0.45%, 2, 0, 6, 23.38
1701380148, 3, 53, 67, 28, 0, 0.45%, 2, 0, 6, 20.54
1701382075, 3, 54, 67, 27, 0, 0.45%, 2, 0, 6, 18.46
1701383915, 3, 54, 68, 28, 0, 0.45%, 2, 0, 7, 23.46
1701383940, 3, 55, 68, 27, 0, 0.45%, 2, 0, 7, 23.24
1701383945, 3, 56, 68, 27, 0, 0.45%, 2, 0, 7, 24.24
1701383950, 3, 57, 68, 27, 0, 0.45%, 2, 0, 7, 19.98
1701385649, 3, 59, 68, 26, 0, 0.45%, 2, 0, 7, 22.69
1701391080, 3, 61, 68, 25, 0, 0.45%, 2, 0, 7, 24.99
1701391085, 3, 62, 68, 25, 0, 0.45%, 2, 0, 7, 24.31
1701391786, 3, 62, 69, 26, 0, 0.45%, 2, 0, 7, 21.12
1701393356, 3, 64, 69, 25, 0, 0.45%, 2, 0, 7, 22.11
1701395524, 3, 64, 71, 27, 0, 0.45%, 2, 0, 7, 26.42
1701395662, 3, 70, 71, 26, 0, 0.45%, 2, 0, 7, 18.07
1701397006, 4, 2, 71, 25, 0, 0.45%, 2, 0, 7, 23.88
1701397950, 4, 6, 71, 24, 0, 0.45%, 2, 0, 7, 24.58
1701397955, 4, 10, 71, 24, 0, 0.45%, 2, 0, 7, 25.36
1701397960, 4, 13, 71, 24, 0, 0.45%, 2, 0, 7, 23.11
1701397965, 4, 15, 71, 24, 0, 0.45%, 2, 0, 7, 23.24
1701400867, 4, 22, 71, 23, 0, 0.45%, 2, 0, 7, 23.40
1701400872, 4, 23, 71, 23, 0, 0.45%, 2, 0, 7, 21.95
1701401276, 4, 23, 72, 24, 0, 0.45%, 2, 0, 7, 26.88
1701402818, 4, 25, 72, 23, 0, 0.45%, 2, 0, 7, 23.45
1701403370, 4, 25, 73, 24, 0, 0.45%, 2, 0, 7, 24.14
1701404807, 4, 25, 74, 25, 0, 0.45%, 2, 0, 7, 21.99
1701404929, 4, 28, 74, 24, 0, 0.45%, 2, 0, 7, 23.58
1701407821, 4, 32, 74, 23, 0, 0.45%, 2, 0, 7, 19.59
1701407826, 4, 40, 74, 23, 0, 0.45%, 2, 0, 7, 19.23
1701407832, 4, 47, 74, 23, 0, 0.45%, 2, 0, 7, 21.00
1701407837, 4, 52, 74, 23, 0, 0.45%, 2, 0, 7, 25.82
1701407842, 4, 53, 74, 23, 0, 0.45%, 2, 0, 7, 22.32
1701407847, 4, 55, 74, 23, 0, 0.45%, 2, 0, 7, 20.91
1701407852, 4, 60, 74, 23, 0, 0.45%, 2, 0, 7, 24.32
1701418509, 4, 63, 74, 22, 0, 0.45%, 2, 0, 7, 24.19
1701420673, 4, 70, 74, 21, 0, 0.45%, 2, 0, 7, 26.28
1701420678, 4, 71, 74, 21, 0, 0.45%, 2, 0, 7, 24.01
1701421133, 4, 71, 75, 22, 0, 0.45%, 2, 0, 7, 24.01
1701422569, 5, 4, 75, 21, 0, 0.45%, 2, 0, 7, 22.27
1701422574, 5, 7, 75, 21, 0, 0.45%, 2, 0, 7, 24.30
1701422579, 5, 11, 75, 21, 0, 0.45%, 2, 0, 7, 24.44
1701422584, 5, 22, 75, 21, 0, 0.45%, 2, 0, 7, 23.03
1701422589, 5, 32, 75, 21, 0, 0.45%, 2, 0, 7, 23.03
1701422594, 5, 34, 75, 21, 0, 0.45%, 2, 0, 7, 25.01
1701423640, 5, 34, 76, 22, 0, 0.45%, 2, 0, 7, 22.06
1701426920, 5, 36, 76, 21, 0, 0.45%, 2, 0, 7, 19.95
1701429019, 5, 38, 76, 20, 0, 0.45%, 2, 0, 7, 23.44
1701429881, 5, 38, 77, 21, 0, 0.45%, 2, 0, 7, 21.18
1701432289, 5, 41, 77, 20, 0, 0.45%, 2, 0, 7, 21.66
1701434519, 5, 42, 77, 19, 0, 0.45%, 2, 0, 7, 23.78
1701436440, 5, 46, 77, 18, 0, 0.45%, 2, 0, 7, 23.23
1701436445, 5, 47, 77, 18, 0, 0.45%, 2, 0, 7, 26.02
1701436450, 5, 50, 77, 18, 0, 0.45%, 2, 0, 7, 24.84
1701436455, 5, 51, 77, 18, 0, 0.45%, 2, 0, 7, 20.78
1701438327, 5, 52, 77, 17, 0, 0.45%, 2, 0, 7, 21.06
1701438332, 5, 56, 77, 17, 0, 0.45%, 2, 0, 7, 19.64
1701438337, 5, 58, 77, 17, 0, 0.45%, 2, 0, 7, 17.67
