# unix_time, cycles_done, cur_path, paths_total, pending_total, pending_favs, map_size, unique_crashes, unique_hangs, max_depth, execs_per_sec
1701125220, 0, 0, 1, 1, 1, 0.90%, 0, 0, 1, 28.27
1701125225, 0, 0, 4, 4, 1, 1.03%, 0, 0, 2, 45.47
1701125230, 0, 0, 18, 18, 1, 1.03%, 0, 0, 2, 54.82
1701125235, 0, 0, 64, 64, 1, 1.03%, 0, 0, 2, 107.41
1701125241, 0, 0, 79, 79, 1, 1.03%, 0, 0, 2, 127.87
1701125246, 0, 0, 83, 83, 1, 1.03%, 0, 0, 2, 128.53
1701125251, 0, 0, 96, 96, 1, 1.03%, 0, 0, 2, 79.90
1701125256, 0, 0, 106, 106, 1, 1.03%, 0, 0, 2, 58.73
1701125261, 0, 0, 109, 109, 1, 1.03%, 0, 0, 2, 47.19
1701125266, 0, 0, 118, 118, 1, 1.03%, 0, 0, 2, 34.62
1701125271, 0, 0, 122, 122, 1, 1.03%, 0, 0, 2, 36.80
1701125276, 0, 0, 129, 129, 1, 1.03%, 0, 0, 2, 32.94
1701125281, 0, 0, 135, 135, 1, 1.03%, 0, 0, 2, 35.23
1701125287, 0, 0, 137, 137, 1, 1.03%, 0, 0, 2, 34.98
1701125292, 0, 0, 140, 140, 1, 1.03%, 0, 0, 2, 37.15
1701125297, 0, 0, 142, 142, 1, 1.03%, 0, 0, 2, 36.64
1701125307, 0, 0, 144, 144, 1, 1.03%, 0, 0, 2, 34.93
1701125312, 0, 0, 146, 146, 1, 1.03%, 0, 0, 2, 34.43
1701125322, 0, 0, 147, 147, 1, 1.03%, 0, 0, 2, 38.01
1701125338, 0, 0, 148, 148, 1, 1.03%, 0, 0, 2, 38.26
1701125343, 0, 0, 151, 151, 1, 1.03%, 0, 0, 2, 43.30
1701125348, 0, 0, 153, 153, 1, 1.03%, 0, 0, 2, 44.96
1701125353, 0, 0, 157, 157, 1, 1.03%, 0, 0, 2, 39.76
1701125358, 0, 0, 158, 158, 1, 1.03%, 0, 0, 2, 47.12
1701125363, 0, 0, 160, 160, 1, 1.03%, 0, 0, 2, 47.95
1701125368, 0, 0, 162, 162, 1, 1.03%, 0, 0, 2, 37.49
1701125373, 0, 0, 170, 170, 1, 1.03%, 0, 0, 2, 37.89
1701125378, 0, 0, 173, 173, 1, 1.03%, 0, 0, 2, 58.95
1701125383, 0, 0, 175, 175, 1, 1.03%, 0, 0, 2, 47.41
1701125389, 0, 0, 176, 176, 1, 1.03%, 0, 0, 2, 45.90
1701125409, 0, 0, 177, 177, 1, 1.03%, 0, 0, 2, 46.14
1701125424, 0, 0, 179, 179, 1, 1.04%, 0, 0, 2, 48.12
1701125429, 0, 0, 180, 180, 1, 1.04%, 0, 0, 2, 46.68
1701125444, 0, 0, 181, 181, 1, 1.04%, 0, 0, 2, 42.90
1701125450, 0, 0, 184, 184, 1, 1.04%, 0, 0, 2, 39.66
1701125455, 0, 0, 185, 185, 1, 1.04%, 0, 0, 2, 46.23
1701125460, 0, 0, 186, 186, 1, 1.04%, 0, 0, 2, 42.51
1701125465, 0, 0, 188, 188, 1, 1.04%, 0, 0, 2, 44.96
1701125480, 0, 0, 189, 189, 1, 1.04%, 0, 0, 2, 35.69
1701125490, 0, 0, 190, 190, 1, 1.04%, 0, 0, 2, 45.58
1701125495, 0, 0, 192, 192, 1, 1.04%, 0, 0, 2, 34.84
1701125500, 0, 0, 193, 193, 1, 1.05%, 0, 0, 2, 41.57
1701125536, 0, 0, 194, 194, 1, 1.05%, 0, 0, 2, 32.80
1701125618, 0, 0, 195, 195, 1, 1.05%, 0, 0, 2, 45.70
1701125623, 0, 0, 212, 212, 1, 1.05%, 0, 0, 2, 44.40
1701125628, 0, 0, 223, 223, 1, 1.05%, 0, 0, 2, 44.01
1701125669, 0, 0, 224, 224, 1, 1.05%, 0, 0, 2, 40.41
1701125719, 0, 0, 226, 226, 1, 1.05%, 0, 0, 2, 45.98
1701125816, 0, 0, 228, 228, 1, 1.05%, 0, 0, 2, 40.89
1701125822, 0, 0, 229, 229, 1, 1.05%, 0, 0, 2, 42.31
1701125832, 0, 0, 230, 230, 1, 1.05%, 0, 0, 2, 32.86
1701125837, 0, 0, 233, 233, 1, 1.05%, 0, 0, 2, 31.93
1701125857, 0, 0, 235, 235, 1, 1.05%, 0, 0, 2, 45.62
1701125863, 0, 0, 236, 236, 1, 1.05%, 0, 0, 2, 41.71
1701126234, 0, 0, 237, 237, 1, 1.05%, 0, 0, 2, 39.50
1701126387, 0, 0, 240, 240, 1, 1.06%, 0, 0, 2, 39.02
1701126413, 0, 0, 241, 241, 1, 1.06%, 0, 0, 2, 38.13
1701126428, 0, 0, 242, 242, 1, 1.06%, 0, 0, 2, 37.48
1701126433, 0, 0, 243, 243, 1, 1.09%, 0, 0, 2, 39.87
1701126463, 0, 0, 244, 244, 1, 1.09%, 0, 0, 2, 40.16
1701126600, 0, 0, 246, 246, 1, 1.09%, 0, 0, 2, 42.97
1701126926, 0, 0, 248, 248, 1, 1.10%, 0, 0, 2, 43.38
1701126972, 0, 0, 249, 249, 1, 1.10%, 0, 0, 2, 48.80
1701126977, 0, 0, 250, 250, 1, 1.10%, 0, 0, 2, 48.61
1701127084, 0, 44, 250, 249, 13, 1.10%, 0, 0, 2, 32.11
1701127513, 0, 44, 252, 251, 13, 1.10%, 0, 0, 3, 32.06
1701127518, 0, 44, 255, 254, 13, 1.10%, 0, 0, 3, 36.32
1701129038, 0, 60, 255, 253, 13, 1.10%, 0, 0, 3, 44.06
1701129457, 0, 60, 257, 255, 13, 1.10%, 0, 0, 3, 44.85
1701130375, 0, 60, 258, 256, 13, 1.10%, 0, 0, 3, 34.51
1701131107, 0, 60, 260, 258, 13, 1.10%, 0, 0, 3, 41.69
1701131112, 0, 60, 261, 259, 13, 1.11%, 0, 0, 3, 43.73
1701131127, 0, 60, 263, 261, 13, 1.19%, 0, 0, 3, 39.42
1701131153, 0, 60, 264, 262, 13, 1.20%, 0, 0, 3, 39.89
1701131158, 0, 60, 265, 263, 13, 1.22%, 0, 0, 3, 40.97
1701131168, 0, 60, 267, 265, 13, 1.33%, 0, 0, 3, 41.54
1701131183, 0, 60, 268, 266, 13, 1.33%, 0, 0, 3, 39.11
1701131189, 0, 60, 269, 267, 13, 1.34%, 0, 0, 3, 44.10
1701131219, 0, 63, 269, 266, 20, 1.34%, 0, 0, 3, 38.41
1701131362, 0, 63, 270, 267, 20, 1.34%, 0, 0, 3, 39.38
1701131627, 0, 63, 271, 268, 20, 1.34%, 0, 0, 3, 42.68
1701131632, 0, 63, 272, 269, 20, 1.34%, 0, 0, 3, 48.62
1701133240, 0, 63, 273, 270, 20, 1.34%, 0, 0, 3, 34.66
1701133256, 0, 63, 274, 271, 20, 1.48%, 0, 0, 3, 35.61
1701133296, 0, 144, 274, 270, 21, 1.48%, 0, 0, 3, 39.18
1701135213, 0, 235, 274, 268, 20, 1.48%, 0, 0, 3, 42.61
1701136764, 0, 235, 275, 269, 20, 1.48%, 0, 0, 3, 30.35
1701137244, 0, 246, 275, 266, 18, 1.48%, 0, 0, 3, 29.27
1701137249, 0, 249, 275, 263, 15, 1.48%, 0, 0, 3, 28.29
1701137254, 0, 256, 275, 262, 14, 1.48%, 0, 0, 3, 34.46
1701137269, 0, 256, 276, 263, 14, 1.48%, 0, 0, 4, 28.35
1701137295, 0, 256, 277, 264, 14, 1.49%, 0, 0, 4, 41.69
1701137310, 0, 256, 278, 265, 14, 1.49%, 0, 0, 4, 37.61
1701137371, 0, 256, 279, 266, 14, 1.49%, 0, 0, 4, 32.37
1701137647, 0, 256, 290, 277, 14, 1.51%, 0, 0, 4, 39.57
1701139102, 0, 256, 292, 279, 14, 1.52%, 0, 0, 4, 42.17
1701139117, 0, 260, 293, 279, 18, 1.54%, 0, 0, 4, 38.47
1701139122, 0, 263, 294, 277, 16, 1.54%, 0, 0, 4, 34.87
1701139127, 0, 263, 302, 285, 16, 1.66%, 0, 0, 4, 32.28
1701139132, 0, 263, 306, 289, 16, 1.78%, 0, 0, 4, 38.89
1701139137, 0, 263, 311, 294, 16, 1.82%, 0, 0, 4, 44.98
1701139142, 0, 263, 314, 297, 16, 1.84%, 0, 0, 4, 45.87
1701139158, 0, 263, 316, 299, 16, 1.84%, 0, 0, 4, 45.52
1701139163, 0, 263, 317, 300, 16, 1.84%, 0, 0, 4, 43.93
1701139168, 0, 264, 323, 305, 27, 1.85%, 0, 0, 4, 42.99
1701139173, 0, 264, 331, 313, 27, 1.87%, 0, 0, 4, 42.38
1701139178, 0, 264, 334, 316, 27, 1.88%, 0, 0, 4, 43.67
1701139183, 0, 264, 335, 317, 27, 1.88%, 0, 0, 4, 44.59
1701139188, 0, 264, 336, 318, 27, 1.88%, 0, 0, 4, 41.10
1701139193, 0, 264, 339, 321, 27, 1.89%, 0, 0, 4, 45.26
1701139198, 0, 264, 341, 323, 27, 1.90%, 0, 0, 4, 47.15
1701139203, 0, 264, 342, 324, 27, 1.90%, 0, 0, 4, 46.25
1701139208, 0, 265, 342, 323, 38, 1.90%, 0, 0, 4, 42.43
1701139213, 0, 265, 354, 335, 38, 1.91%, 0, 0, 4, 41.53
1701139218, 0, 265, 359, 340, 38, 1.92%, 0, 0, 4, 38.77
1701139223, 0, 265, 363, 344, 38, 1.94%, 0, 0, 4, 44.09
1701139229, 0, 265, 368, 349, 38, 1.95%, 0, 0, 4, 37.02
1701139234, 0, 265, 370, 351, 38, 1.97%, 0, 0, 4, 31.91
1701139239, 0, 265, 371, 352, 38, 1.98%, 0, 0, 4, 34.84
1701139244, 0, 265, 374, 355, 38, 1.98%, 0, 0, 4, 42.30
1701139249, 0, 267, 376, 355, 45, 1.98%, 0, 0, 4, 39.83
1701139254, 0, 270, 376, 354, 44, 1.98%, 0, 0, 4, 41.85
1701139264, 0, 270, 378, 356, 44, 1.98%, 0, 0, 4, 41.80
1701139662, 0, 270, 380, 358, 44, 1.98%, 0, 0, 4, 41.02
1701141231, 0, 273, 380, 356, 42, 1.98%, 0, 0, 4, 36.03
1701141236, 0, 273, 382, 358, 42, 2.03%, 0, 0, 4, 40.26
1701141241, 0, 273, 388, 364, 42, 2.07%, 0, 0, 4, 43.40
1701141246, 0, 273, 391, 367, 42, 2.07%, 0, 0, 4, 40.62
1701141256, 0, 273, 394, 370, 42, 2.07%, 0, 0, 4, 40.52
1701141261, 0, 273, 397, 373, 42, 2.08%, 0, 0, 4, 43.10
1701141266, 0, 273, 401, 377, 42, 2.08%, 0, 0, 4, 40.91
1701141272, 0, 276, 402, 377, 46, 2.08%, 0, 0, 4, 37.37
1701141277, 0, 280, 402, 376, 45, 2.08%, 0, 0, 4, 31.25
1701142938, 0, 286, 402, 375, 44, 2.08%, 0, 0, 4, 46.92
1701142943, 0, 303, 403, 372, 41, 2.08%, 0, 0, 5, 44.36
1701142948, 0, 303, 411, 380, 41, 2.10%, 0, 0, 5, 43.40
1701142953, 0, 303, 418, 387, 41, 2.11%, 0, 0, 5, 42.71
1701142958, 0, 303, 419, 388, 41, 2.11%, 0, 0, 5, 37.37
1701142969, 0, 303, 422, 391, 41, 2.13%, 0, 0, 5, 33.70
1701142984, 0, 303, 423, 392, 41, 2.13%, 0, 0, 5, 42.67
1701142989, 0, 303, 424, 393, 41, 2.13%, 0, 0, 5, 40.06
1701143004, 0, 303, 425, 394, 41, 2.13%, 0, 0, 5, 44.05
1701143009, 0, 303, 426, 395, 41, 2.13%, 0, 0, 5, 37.49
1701143020, 0, 303, 427, 396, 41, 2.13%, 0, 0, 5, 38.88
1701143030, 0, 303, 430, 399, 41, 2.15%, 0, 0, 5, 47.48
1701143035, 0, 303, 435, 404, 41, 2.19%, 0, 0, 5, 44.56
1701143040, 0, 303, 437, 406, 41, 2.19%, 0, 0, 5, 45.14
1701143055, 0, 303, 440, 409, 41, 2.20%, 0, 0, 5, 48.03
1701143060, 0, 303, 442, 411, 41, 2.20%, 0, 0, 5, 48.98
1701143070, 0, 303, 443, 412, 41, 2.20%, 0, 0, 5, 47.37
1701143197, 0, 303, 444, 413, 41, 2.20%, 0, 0, 5, 48.35
1701143263, 0, 303, 446, 415, 41, 2.38%, 0, 0, 5, 37.87
1701143283, 0, 303, 447, 416, 41, 2.38%, 0, 0, 5, 46.36
1701143330, 0, 303, 448, 417, 41, 2.39%, 0, 0, 5, 42.92
1701143345, 0, 303, 451, 420, 41, 2.39%, 0, 0, 5, 33.48
1701143350, 0, 303, 452, 421, 41, 2.39%, 0, 0, 5, 36.74
1701143375, 0, 303, 458, 427, 41, 2.39%, 0, 0, 5, 45.10
1701143381, 0, 303, 462, 431, 41, 2.39%, 0, 0, 5, 36.25
1701143386, 0, 303, 465, 434, 41, 2.39%, 0, 0, 5, 37.79
1701143391, 0, 303, 469, 438, 41, 2.39%, 0, 0, 5, 42.19
1701143396, 0, 303, 473, 442, 41, 2.39%, 0, 0, 5, 47.02
1701143401, 0, 303, 475, 444, 41, 2.39%, 0, 0, 5, 48.10
1701143406, 0, 303, 478, 447, 41, 2.39%, 0, 0, 5, 42.57
1701143421, 0, 303, 480, 449, 41, 2.39%, 0, 0, 5, 47.49
1701143426, 0, 303, 484, 453, 41, 2.39%, 0, 0, 5, 45.31
1701143442, 0, 303, 489, 458, 41, 2.40%, 0, 0, 5, 44.50
1701143447, 0, 303, 492, 461, 41, 2.41%, 0, 0, 5, 44.36
1701143467, 0, 303, 494, 463, 41, 2.41%, 0, 0, 5, 40.93
1701143472, 0, 303, 497, 466, 41, 2.41%, 0, 0, 5, 41.75
1701143477, 0, 303, 498, 467, 41, 2.41%, 0, 0, 5, 45.49
1701143482, 0, 303, 499, 468, 41, 2.41%, 0, 0, 5, 37.46
1701143503, 0, 303, 500, 469, 41, 2.41%, 0, 0, 5, 32.82
1701143508, 0, 303, 501, 470, 41, 2.41%, 0, 0, 5, 42.49
1701143513, 0, 303, 502, 471, 41, 2.41%, 0, 0, 5, 40.37
1701143518, 0, 303, 504, 473, 41, 2.41%, 0, 0, 5, 37.20
1701143523, 0, 303, 506, 475, 41, 2.41%, 0, 0, 5, 36.17
1701143529, 0, 303, 507, 476, 41, 2.41%, 0, 0, 5, 44.69
1701143539, 0, 303, 508, 477, 41, 2.42%, 0, 0, 5, 35.88
1701143544, 0, 309, 508, 474, 62, 2.42%, 0, 0, 5, 38.52
1701143549, 0, 328, 509, 469, 56, 2.42%, 0, 0, 5, 40.29
1701143554, 0, 334, 510, 467, 53, 2.42%, 0, 0, 5, 41.48
1701143559, 0, 335, 512, 468, 53, 2.42%, 0, 0, 5, 40.91
1701143564, 0, 340, 513, 467, 52, 2.43%, 0, 0, 5, 37.30
1701143569, 0, 344, 513, 465, 51, 2.43%, 0, 0, 5, 43.36
1701143574, 0, 344, 514, 466, 51, 2.43%, 0, 0, 5, 47.06
1701143590, 0, 344, 520, 472, 51, 2.43%, 0, 0, 5, 42.46
1701143605, 0, 344, 522, 474, 51, 2.43%, 0, 0, 5, 46.66
1701143665, 0, 344, 523, 475, 51, 2.44%, 0, 0, 5, 46.36
1701143706, 0, 344, 524, 476, 51, 2.44%, 0, 0, 5, 44.26
1701143736, 0, 344, 525, 477, 51, 2.44%, 0, 0, 5, 34.25
1701143864, 0, 344, 526, 478, 51, 2.44%, 0, 0, 5, 41.43
1701143869, 0, 344, 527, 479, 51, 2.45%, 0, 0, 5, 41.54
1701143885, 0, 344, 528, 480, 51, 2.45%, 0, 0, 5, 46.90
1701144002, 0, 344, 530, 482, 51, 2.45%, 0, 0, 5, 31.40
1701144017, 0, 350, 530, 480, 53, 2.45%, 0, 0, 5, 39.10
1701144140, 0, 350, 531, 481, 53, 2.45%, 0, 0, 5, 39.62
1701144446, 0, 350, 533, 483, 53, 2.45%, 0, 0, 5, 38.25
1701144451, 0, 350, 534, 484, 53, 2.45%, 0, 0, 5, 47.06
1701144461, 0, 350, 535, 485, 53, 2.45%, 0, 0, 5, 53.56
1701144487, 0, 350, 536, 486, 53, 2.45%, 0, 0, 5, 45.97
1701144507, 0, 350, 537, 487, 53, 2.45%, 0, 0, 5, 37.68
1701144517, 0, 350, 538, 488, 53, 2.45%, 0, 0, 5, 31.77
1701144558, 0, 354, 538, 487, 56, 2.45%, 0, 0, 5, 44.12
1701144701, 0, 354, 539, 488, 56, 2.46%, 0, 0, 5, 39.84
1701144767, 0, 354, 541, 490, 56, 2.47%, 0, 0, 5, 38.55
1701144772, 0, 354, 543, 492, 56, 2.47%, 0, 0, 5, 45.20
1701144981, 0, 354, 544, 493, 56, 2.47%, 0, 0, 5, 37.32
1701145012, 0, 354, 545, 494, 56, 2.47%, 0, 0, 5, 37.42
1701145022, 0, 355, 545, 493, 57, 2.47%, 0, 0, 5, 39.48
1701145058, 0, 355, 546, 494, 57, 2.52%, 0, 0, 5, 40.89
1701145464, 0, 358, 546, 493, 57, 2.52%, 0, 0, 5, 45.82
1701145479, 0, 358, 550, 497, 57, 2.53%, 0, 0, 5, 44.91
1701145484, 0, 358, 556, 503, 57, 2.53%, 0, 0, 5, 46.31
1701145499, 0, 358, 557, 504, 57, 2.53%, 0, 0, 5, 38.12
1701145979, 0, 358, 558, 505, 57, 2.53%, 0, 0, 5, 38.83
1701146056, 0, 358, 559, 506, 57, 2.53%, 0, 0, 5, 33.16
1701146066, 0, 359, 559, 505, 57, 2.53%, 0, 0, 5, 33.71
1701146148, 0, 359, 560, 506, 57, 2.53%, 0, 0, 5, 39.03
1701146590, 0, 359, 561, 507, 57, 2.53%, 0, 0, 5, 49.22
1701146595, 0, 359, 562, 508, 57, 2.53%, 0, 0, 5, 40.46
1701146605, 0, 369, 562, 507, 56, 2.53%, 0, 0, 5, 44.58
1701146610, 0, 373, 562, 505, 54, 2.53%, 0, 0, 5, 35.74
1701146631, 0, 373, 564, 507, 54, 2.53%, 0, 0, 5, 36.64
1701146636, 0, 373, 565, 508, 54, 2.53%, 0, 0, 5, 29.61
1701147232, 0, 373, 566, 509, 54, 2.54%, 0, 0, 5, 41.17
1701147237, 0, 376, 566, 508, 53, 2.54%, 0, 0, 5, 44.71
1701149237, 0, 381, 566, 507, 52, 2.54%, 0, 0, 5, 45.44
1701149273, 0, 381, 567, 508, 52, 2.54%, 0, 0, 5, 47.22
1701149278, 0, 381, 591, 532, 52, 2.55%, 0, 0, 5, 46.55
1701149283, 0, 381, 615, 556, 52, 2.55%, 0, 0, 5, 45.42
1701149288, 0, 381, 633, 574, 52, 2.55%, 0, 0, 5, 42.37
1701149329, 0, 381, 640, 581, 52, 2.55%, 0, 0, 5, 46.93
1701149374, 0, 381, 643, 584, 52, 2.55%, 0, 0, 5, 46.49
1701149491, 0, 381, 644, 585, 52, 2.55%, 0, 0, 5, 46.27
1701149501, 0, 381, 648, 589, 52, 2.55%, 0, 0, 5, 47.48
1701149506, 0, 381, 651, 592, 52, 2.55%, 0, 0, 5, 48.85
1701149960, 0, 381, 658, 599, 52, 2.56%, 0, 0, 5, 41.19
1701149965, 0, 381, 659, 600, 52, 2.56%, 0, 0, 5, 36.78
1701149980, 0, 381, 660, 601, 52, 2.56%, 0, 0, 5, 45.35
1701149995, 0, 383, 660, 600, 55, 2.56%, 0, 0, 5, 37.63
1701150031, 0, 383, 661, 601, 55, 2.56%, 0, 0, 5, 34.46
1701150062, 0, 383, 662, 602, 55, 2.56%, 0, 0, 5, 32.33
1701150551, 0, 383, 666, 606, 55, 2.56%, 0, 0, 5, 42.41
1701150572, 0, 420, 666, 604, 52, 2.56%, 0, 0, 5, 32.71
1701150608, 0, 420, 667, 605, 52, 2.56%, 0, 0, 6, 37.29
1701151046, 0, 420, 668, 606, 52, 2.56%, 0, 0, 6, 35.01
1701151056, 0, 420, 670, 608, 52, 2.56%, 0, 0, 6, 36.07
1701151061, 0, 420, 671, 609, 52, 2.56%, 0, 0, 6, 33.51
1701151066, 0, 420, 672, 610, 52, 2.56%, 0, 0, 6, 33.76
1701151082, 0, 420, 673, 611, 52, 2.56%, 0, 0, 6, 44.55
1701151112, 0, 420, 675, 613, 52, 2.57%, 0, 0, 6, 39.15
1701151122, 0, 420, 676, 614, 52, 2.57%, 0, 0, 6, 35.11
1701151133, 0, 420, 677, 615, 52, 2.57%, 0, 0, 6, 41.49
1701151138, 0, 420, 678, 616, 52, 2.57%, 0, 0, 6, 42.97
1701151143, 0, 420, 679, 617, 52, 2.57%, 0, 0, 6, 43.93
1701151158, 0, 420, 680, 618, 52, 2.57%, 0, 0, 6, 39.42
1701151163, 0, 420, 681, 619, 52, 2.57%, 0, 0, 6, 38.55
1701151168, 0, 422, 681, 618, 53, 2.57%, 0, 0, 6, 39.78
1701151194, 0, 422, 682, 619, 53, 2.57%, 0, 0, 6, 38.64
1701151255, 0, 422, 683, 620, 53, 2.58%, 0, 0, 6, 37.64
1701151643, 0, 422, 684, 621, 53, 2.58%, 0, 0, 6, 42.02
1701151648, 0, 422, 686, 623, 53, 2.58%, 0, 0, 6, 41.65
1701151653, 0, 422, 688, 625, 53, 2.58%, 0, 0, 6, 42.65
1701151663, 0, 422, 689, 626, 53, 2.58%, 0, 0, 6, 38.31
1701151668, 0, 422, 690, 627, 53, 2.58%, 0, 0, 6, 32.55
1701151673, 0, 422, 691, 628, 53, 2.58%, 0, 0, 6, 36.29
1701151684, 0, 422, 691, 628, 53, 2.58%, 0, 1, 6, 4.67
1701151689, 0, 422, 692, 629, 53, 2.58%, 0, 1, 6, 43.77
1701151699, 0, 422, 694, 631, 53, 2.58%, 0, 2, 6, 41.36
1701151704, 0, 422, 697, 634, 53, 2.58%, 0, 2, 6, 40.95
1701151740, 0, 422, 699, 636, 53, 2.58%, 0, 2, 6, 38.78
1701151760, 0, 422, 701, 638, 53, 2.58%, 0, 2, 6, 32.52
1701151786, 0, 422, 702, 639, 53, 2.58%, 0, 2, 6, 35.59
1701151801, 0, 422, 703, 640, 53, 2.58%, 0, 2, 6, 41.24
1701151806, 0, 422, 704, 641, 53, 2.58%, 0, 2, 6, 38.82
1701151816, 0, 422, 705, 642, 53, 2.58%, 0, 2, 6, 35.15
1701151821, 0, 438, 705, 639, 51, 2.58%, 0, 2, 6, 28.82
1701152284, 0, 438, 706, 640, 51, 2.58%, 0, 2, 6, 41.23
1701152300, 0, 459, 706, 635, 47, 2.58%, 0, 2, 6, 35.29
1701152345, 0, 459, 707, 636, 47, 2.58%, 0, 2, 6, 43.49
1701152432, 0, 459, 708, 637, 47, 2.58%, 0, 2, 6, 37.15
1701152437, 0, 459, 709, 638, 47, 2.64%, 0, 2, 6, 32.54
1701152447, 0, 459, 710, 639, 47, 2.64%, 0, 2, 6, 34.65
1701152453, 0, 459, 711, 640, 47, 2.64%, 0, 2, 6, 33.73
1701152468, 0, 459, 712, 641, 47, 2.64%, 0, 2, 6, 33.13
1701152519, 0, 459, 713, 642, 47, 2.64%, 0, 2, 6, 43.70
1701152529, 0, 459, 714, 643, 47, 2.64%, 0, 2, 6, 42.34
1701152544, 0, 459, 715, 644, 47, 2.64%, 0, 2, 6, 43.72
1701152595, 0, 459, 718, 647, 47, 2.64%, 0, 2, 6, 41.75
1701152606, 0, 462, 719, 647, 49, 2.64%, 0, 2, 6, 42.06
1701152667, 0, 462, 720, 648, 49, 2.64%, 0, 2, 6, 36.40
1701152953, 0, 462, 722, 650, 49, 2.64%, 0, 2, 6, 40.97
1701152978, 0, 462, 723, 651, 49, 2.64%, 0, 2, 6, 39.15
1701153029, 0, 476, 723, 650, 48, 2.64%, 0, 2, 6, 40.78
1701153406, 0, 476, 724, 651, 48, 2.64%, 0, 2, 6, 43.09
1701153431, 0, 476, 725, 652, 48, 2.64%, 0, 2, 6, 45.06
1701153442, 0, 476, 726, 653, 48, 2.64%, 0, 2, 6, 35.13
1701153472, 0, 482, 726, 652, 48, 2.64%, 0, 2, 6, 44.24
1701153804, 0, 494, 726, 648, 45, 2.64%, 0, 2, 6, 30.40
1701153906, 0, 494, 727, 649, 45, 2.64%, 0, 2, 6, 45.26
1701154157, 0, 497, 727, 648, 44, 2.64%, 0, 2, 6, 39.54
1701154223, 0, 497, 728, 649, 44, 2.64%, 0, 2, 6, 34.95
1701154238, 0, 512, 728, 643, 39, 2.64%, 0, 2, 6, 41.51
1701154243, 0, 522, 728, 640, 36, 2.64%, 0, 2, 6, 36.40
1701154248, 0, 524, 728, 639, 35, 2.64%, 0, 2, 6, 37.48
1701154253, 0, 536, 728, 636, 32, 2.64%, 0, 2, 6, 36.83
1701154544, 0, 536, 731, 639, 32, 2.64%, 0, 2, 6, 41.48
1701154549, 0, 536, 732, 640, 32, 2.64%, 0, 2, 6, 43.46
1701154554, 0, 536, 733, 641, 32, 2.64%, 0, 2, 6, 44.03
1701154564, 0, 536, 734, 642, 32, 2.64%, 0, 2, 6, 39.17
1701154595, 0, 536, 735, 643, 32, 2.64%, 0, 2, 6, 44.48
1701154650, 0, 536, 736, 644, 32, 2.64%, 0, 2, 6, 39.08
1701154666, 0, 538, 736, 643, 33, 2.64%, 0, 2, 6, 36.22
1701154712, 0, 538, 737, 644, 33, 2.64%, 0, 2, 6, 35.47
1701155119, 0, 545, 737, 642, 32, 2.64%, 0, 2, 6, 42.12
1701155125, 0, 559, 737, 640, 30, 2.64%, 0, 2, 6, 42.77
1701155650, 0, 559, 738, 641, 30, 2.64%, 0, 2, 6, 42.69
1701155660, 0, 559, 739, 642, 30, 2.66%, 0, 2, 6, 42.87
1701155670, 0, 559, 740, 643, 30, 2.67%, 0, 2, 6, 38.89
1701155711, 0, 567, 740, 642, 31, 2.67%, 0, 2, 6, 43.92
1701155716, 0, 570, 740, 641, 30, 2.67%, 0, 2, 6, 41.71
1701156410, 0, 632, 740, 639, 29, 2.67%, 0, 2, 6, 40.91
1701156415, 0, 637, 740, 638, 29, 2.67%, 0, 2, 6, 33.71
1701157185, 0, 643, 740, 637, 28, 2.67%, 0, 2, 6, 42.36
1701157858, 0, 662, 740, 636, 28, 2.67%, 0, 2, 6, 49.84
1701157878, 0, 662, 741, 637, 28, 2.67%, 0, 2, 6, 45.08
1701157883, 0, 662, 743, 639, 28, 2.67%, 0, 2, 6, 46.42
1701157934, 0, 662, 744, 640, 28, 2.67%, 0, 2, 6, 41.73
1701158291, 0, 662, 745, 641, 28, 2.67%, 0, 2, 6, 51.41
1701158336, 0, 662, 746, 642, 28, 2.67%, 0, 2, 6, 46.09
1701158341, 0, 662, 748, 644, 28, 2.67%, 0, 2, 6, 46.45
1701158346, 0, 662, 749, 645, 28, 2.67%, 0, 2, 6, 46.88
1701158357, 0, 671, 749, 643, 29, 2.67%, 0, 2, 6, 38.68
1701158387, 0, 671, 750, 644, 29, 2.67%, 0, 2, 7, 41.63
1701158433, 0, 671, 751, 645, 29, 2.67%, 0, 2, 7, 46.62
1701158744, 0, 677, 751, 643, 28, 2.67%, 0, 2, 7, 43.50
1701158764, 0, 677, 752, 644, 28, 2.67%, 0, 2, 7, 46.00
1701158794, 0, 677, 753, 645, 28, 2.67%, 0, 2, 7, 47.10
1701159075, 0, 677, 754, 646, 28, 2.67%, 0, 2, 7, 39.94
1701159213, 0, 677, 755, 647, 28, 2.67%, 0, 2, 7, 42.34
1701159223, 0, 677, 756, 648, 28, 2.67%, 0, 2, 7, 37.65
1701159228, 0, 677, 757, 649, 28, 2.67%, 0, 2, 7, 40.41
1701159238, 0, 677, 758, 650, 28, 2.67%, 0, 2, 7, 39.95
1701159259, 0, 677, 759, 651, 28, 2.67%, 0, 2, 7, 45.47
1701159274, 0, 677, 759, 651, 28, 2.67%, 0, 3, 7, 45.08
1701159299, 0, 677, 760, 652, 28, 2.67%, 0, 3, 7, 32.71
1701159304, 0, 677, 761, 653, 28, 2.69%, 0, 3, 7, 33.33
1701159320, 0, 677, 762, 654, 28, 2.69%, 0, 3, 7, 34.38
1701159330, 0, 677, 763, 655, 28, 2.69%, 0, 3, 7, 46.94
1701159351, 0, 677, 764, 656, 28, 2.69%, 0, 3, 7, 38.72
1701159371, 0, 677, 765, 657, 28, 2.69%, 0, 3, 7, 42.35
1701159376, 0, 682, 765, 656, 30, 2.69%, 0, 3, 7, 42.65
1701159381, 0, 682, 766, 657, 30, 2.69%, 0, 3, 7, 46.04
1701159447, 0, 682, 767, 658, 30, 2.69%, 0, 3, 7, 39.55
1701159804, 0, 682, 768, 659, 30, 2.69%, 0, 3, 7, 50.50
1701159819, 0, 688, 768, 658, 32, 2.69%, 0, 3, 7, 39.10
1701159824, 0, 688, 769, 659, 32, 2.69%, 0, 3, 7, 43.02
1701159835, 0, 688, 770, 660, 32, 2.69%, 0, 3, 7, 45.59
1701159978, 0, 688, 772, 662, 32, 2.70%, 0, 3, 7, 29.20
1701160044, 0, 688, 773, 663, 32, 2.70%, 0, 3, 7, 38.72
1701160064, 0, 696, 774, 663, 33, 2.70%, 0, 3, 7, 48.07
1701160069, 0, 696, 778, 667, 33, 2.70%, 0, 3, 7, 45.33
1701160074, 0, 696, 779, 668, 33, 2.70%, 0, 3, 7, 41.87
1701160085, 0, 696, 780, 669, 33, 2.70%, 0, 3, 7, 40.71
1701160125, 0, 696, 782, 671, 33, 2.70%, 0, 3, 7, 42.35
1701160320, 0, 696, 783, 672, 33, 2.70%, 0, 3, 7, 39.30
1701160325, 0, 696, 785, 674, 33, 2.70%, 0, 3, 7, 43.20
1701160330, 0, 696, 787, 676, 33, 2.70%, 0, 3, 7, 46.62
1701160365, 0, 696, 788, 677, 33, 2.70%, 0, 3, 7, 36.01
1701160376, 0, 696, 789, 678, 33, 2.70%, 0, 3, 7, 35.02
1701160381, 0, 696, 790, 679, 33, 2.70%, 0, 3, 7, 39.72
1701160401, 0, 696, 791, 680, 33, 2.70%, 0, 3, 7, 39.44
1701160406, 0, 696, 792, 681, 33, 2.71%, 0, 3, 7, 44.53
1701160416, 0, 696, 793, 682, 33, 2.71%, 0, 3, 7, 47.86
1701160427, 0, 696, 794, 683, 33, 2.71%, 0, 3, 7, 40.35
1701160447, 0, 696, 795, 684, 33, 2.73%, 0, 3, 7, 42.79
1701160452, 0, 696, 796, 685, 33, 2.73%, 0, 3, 7, 42.62
1701160478, 0, 705, 796, 684, 38, 2.73%, 0, 3, 7, 39.08
1701160935, 0, 705, 797, 685, 38, 2.73%, 0, 3, 7, 41.24
1701160945, 0, 705, 798, 686, 38, 2.73%, 0, 3, 7, 45.10
1701160971, 0, 706, 798, 685, 37, 2.73%, 0, 3, 7, 48.83
1701161108, 0, 715, 798, 683, 35, 2.73%, 0, 3, 7, 35.08
1701161113, 0, 715, 801, 686, 35, 2.73%, 0, 3, 7, 29.85
1701161164, 0, 715, 802, 687, 35, 2.73%, 0, 3, 7, 38.12
1701161348, 0, 715, 803, 688, 35, 2.73%, 0, 3, 7, 37.07
1701161353, 0, 715, 804, 689, 35, 2.73%, 0, 3, 7, 31.93
1701161358, 0, 715, 806, 691, 35, 2.73%, 0, 3, 7, 30.63
1701161363, 0, 715, 808, 693, 35, 2.73%, 0, 3, 7, 34.09
1701161383, 0, 715, 809, 694, 35, 2.73%, 0, 3, 7, 33.61
1701161388, 0, 715, 810, 695, 35, 2.73%, 0, 3, 7, 37.34
1701161393, 0, 715, 811, 696, 35, 2.73%, 0, 3, 7, 40.11
1701161414, 0, 715, 812, 697, 35, 2.73%, 0, 3, 7, 31.08
1701161419, 0, 715, 813, 698, 35, 2.73%, 0, 3, 7, 35.18
1701161480, 0, 715, 814, 699, 35, 2.73%, 0, 3, 7, 33.41
1701161491, 0, 715, 815, 700, 35, 2.73%, 0, 3, 7, 35.77
1701161526, 0, 718, 815, 699, 37, 2.73%, 0, 3, 7, 39.84
1701161816, 0, 721, 815, 698, 36, 2.73%, 0, 3, 7, 42.75
1701162118, 0, 727, 815, 697, 35, 2.73%, 0, 3, 7, 36.04
1701162138, 0, 727, 816, 698, 35, 2.73%, 0, 3, 7, 45.87
1701162148, 0, 729, 816, 697, 34, 2.73%, 0, 3, 7, 44.08
1701162153, 0, 736, 816, 695, 32, 2.73%, 0, 3, 7, 35.77
1701162158, 0, 739, 816, 693, 30, 2.73%, 0, 3, 7, 38.99
1701162163, 0, 745, 816, 692, 29, 2.73%, 0, 3, 7, 44.58
1701162250, 0, 745, 817, 693, 29, 2.73%, 0, 3, 7, 45.79
1701162454, 0, 745, 818, 694, 29, 2.73%, 0, 3, 7, 39.11
1701162684, 0, 746, 818, 693, 28, 2.73%, 0, 3, 7, 43.07
1701163161, 0, 746, 819, 694, 28, 2.73%, 0, 3, 7, 46.46
1701163181, 0, 747, 819, 693, 29, 2.73%, 0, 3, 7, 48.63
1701163598, 0, 747, 823, 697, 29, 2.73%, 0, 3, 7, 22.88
1701163654, 0, 747, 824, 698, 29, 2.74%, 0, 3, 7, 47.05
1701163664, 0, 747, 825, 699, 29, 2.74%, 0, 3, 7, 44.53
1701163685, 0, 748, 825, 698, 30, 2.74%, 0, 3, 7, 48.62
1701163705, 0, 748, 826, 699, 30, 2.74%, 0, 3, 7, 54.16
1701163751, 0, 748, 827, 700, 30, 2.74%, 0, 3, 7, 48.18
1701164066, 0, 748, 829, 702, 30, 2.74%, 0, 3, 7, 50.82
1701164138, 0, 755, 834, 706, 30, 2.76%, 0, 3, 8, 31.41
1701164143, 0, 755, 837, 709, 30, 2.77%, 0, 3, 8, 29.18
1701164148, 0, 755, 839, 711, 30, 2.77%, 0, 3, 8, 27.70
1701164153, 0, 755, 841, 713, 30, 2.77%, 0, 3, 8, 39.14
1701164158, 0, 755, 847, 719, 30, 2.78%, 0, 3, 8, 38.50
1701164169, 0, 755, 848, 720, 30, 2.78%, 0, 3, 8, 36.21
1701164179, 0, 755, 849, 721, 30, 2.78%, 0, 3, 8, 40.56
1701164184, 0, 758, 851, 722, 37, 2.78%, 0, 3, 8, 42.86
1701164189, 0, 760, 856, 726, 37, 2.79%, 0, 3, 8, 45.84
1701164194, 0, 760, 862, 732, 37, 2.80%, 0, 3, 8, 45.05
1701164199, 0, 760, 864, 734, 37, 2.80%, 0, 3, 8, 37.39
1701164204, 0, 760, 869, 739, 37, 2.80%, 0, 3, 8, 35.55
1701164209, 0, 760, 870, 740, 37, 2.80%, 0, 3, 8, 39.13
1701164214, 0, 760, 872, 742, 37, 2.80%, 0, 3, 8, 33.83
1701164219, 0, 760, 873, 743, 37, 2.81%, 0, 3, 8, 35.90
1701164225, 0, 760, 874, 744, 37, 2.81%, 0, 3, 8, 36.90
1701164230, 0, 760, 876, 746, 37, 2.81%, 0, 3, 8, 44.66
1701164235, 0, 760, 877, 747, 37, 2.81%, 0, 3, 8, 42.48
1701164240, 0, 765, 878, 746, 39, 2.81%, 0, 3, 8, 45.20
1701164245, 0, 766, 879, 746, 39, 2.81%, 0, 3, 8, 42.31
1701164250, 0, 767, 879, 745, 39, 2.81%, 0, 3, 8, 43.34
1701164255, 0, 775, 879, 743, 36, 2.81%, 0, 3, 8, 39.51
1701164260, 0, 776, 880, 743, 35, 2.81%, 0, 3, 8, 42.24
1701164265, 0, 779, 881, 743, 35, 2.81%, 0, 3, 8, 44.24
1701164270, 0, 786, 884, 745, 34, 2.81%, 0, 3, 8, 45.95
1701164275, 0, 786, 886, 747, 34, 2.81%, 0, 3, 8, 48.95
1701164280, 0, 786, 887, 748, 34, 2.81%, 0, 3, 8, 46.35
1701164291, 0, 786, 888, 749, 34, 2.81%, 0, 3, 8, 46.98
1701164306, 0, 789, 888, 747, 35, 2.81%, 0, 3, 8, 46.52
1701164311, 0, 794, 888, 745, 33, 2.81%, 0, 3, 8, 39.82
1701164316, 0, 794, 897, 754, 33, 2.83%, 0, 3, 8, 28.22
1701164321, 0, 794, 900, 757, 33, 2.83%, 0, 3, 8, 29.12
1701164326, 0, 794, 901, 758, 33, 2.83%, 0, 3, 8, 30.96
1701164331, 0, 794, 903, 760, 33, 2.83%, 0, 3, 8, 28.45
1701164352, 0, 794, 905, 762, 33, 2.83%, 0, 3, 8, 36.66
1701164362, 0, 794, 906, 763, 33, 2.84%, 0, 3, 8, 28.25
1701164408, 0, 794, 908, 765, 33, 2.85%, 0, 3, 8, 35.56
1701164413, 0, 794, 912, 769, 33, 2.85%, 0, 3, 8, 34.66
1701164444, 0, 794, 914, 771, 33, 2.85%, 0, 3, 8, 41.58
1701164459, 0, 797, 914, 770, 38, 2.85%, 0, 3, 8, 43.61
1701164464, 0, 805, 915, 769, 37, 2.85%, 0, 3, 8, 46.57
1701164469, 0, 809, 915, 768, 37, 2.85%, 0, 3, 8, 40.30
1701164474, 0, 819, 915, 765, 34, 2.85%, 0, 3, 8, 44.40
1701164480, 0, 821, 915, 764, 33, 2.85%, 0, 3, 8, 39.78
1701164485, 0, 828, 915, 762, 31, 2.85%, 0, 3, 8, 39.31
1701164490, 0, 828, 916, 763, 31, 2.85%, 0, 3, 8, 45.87
1701164495, 0, 840, 918, 761, 29, 2.85%, 0, 3, 9, 48.68
1701164500, 0, 840, 919, 762, 29, 2.85%, 0, 3, 9, 40.46
1701164510, 0, 840, 920, 763, 29, 2.85%, 0, 3, 9, 48.15
1701164520, 0, 840, 921, 764, 29, 2.85%, 0, 3, 9, 47.97
1701164525, 0, 846, 925, 767, 29, 2.86%, 0, 3, 9, 48.20
1701164530, 0, 846, 928, 770, 29, 2.86%, 0, 3, 9, 50.75
1701164551, 0, 848, 929, 770, 33, 2.86%, 0, 3, 9, 45.57
1701164556, 0, 869, 929, 766, 29, 2.86%, 0, 3, 9, 46.77
1701164561, 0, 869, 930, 767, 29, 2.86%, 0, 3, 9, 42.88
1701164652, 0, 869, 931, 768, 29, 2.86%, 0, 3, 9, 36.48
1701164708, 0, 872, 931, 767, 29, 2.86%, 0, 3, 9, 37.88
1701164713, 0, 872, 934, 770, 29, 2.86%, 0, 3, 9, 34.43
1701164718, 0, 872, 935, 771, 29, 2.86%, 0, 3, 9, 37.88
1701164728, 0, 872, 936, 772, 29, 2.86%, 0, 3, 9, 40.79
1701164733, 0, 872, 937, 773, 29, 2.86%, 0, 3, 9, 45.58
1701164738, 0, 872, 940, 776, 29, 2.86%, 0, 3, 9, 42.82
1701164911, 0, 872, 941, 777, 29, 2.86%, 0, 3, 9, 44.12
1701164921, 0, 872, 942, 778, 29, 2.86%, 0, 3, 9, 40.99
1701164941, 0, 875, 942, 777, 29, 2.86%, 0, 3, 9, 47.11
1701165018, 0, 875, 943, 778, 29, 2.86%, 0, 3, 9, 7.59
1701165028, 0, 875, 948, 783, 29, 2.90%, 0, 3, 9, 43.93
1701165073, 0, 877, 948, 782, 30, 2.90%, 0, 3, 9, 46.46
1701165094, 0, 877, 949, 783, 30, 2.90%, 0, 3, 9, 44.52
1701165109, 0, 877, 950, 784, 30, 2.90%, 0, 3, 9, 43.59
1701165149, 0, 877, 951, 785, 30, 2.90%, 0, 3, 9, 40.95
1701165516, 0, 877, 952, 786, 30, 2.90%, 0, 3, 9, 49.34
1701165526, 0, 877, 953, 787, 30, 2.90%, 0, 3, 9, 51.17
1701165562, 0, 877, 954, 788, 30, 2.91%, 0, 3, 9, 40.19
1701165582, 0, 877, 955, 789, 30, 2.91%, 0, 3, 9, 44.27
1701165597, 0, 877, 957, 791, 30, 2.91%, 0, 3, 9, 43.83
1701165607, 0, 877, 958, 792, 30, 2.91%, 0, 3, 9, 45.93
1701165623, 0, 878, 958, 791, 34, 2.91%, 0, 3, 9, 43.24
1701166117, 0, 878, 959, 792, 34, 2.91%, 0, 3, 9, 44.63
1701166122, 0, 878, 961, 794, 34, 2.91%, 0, 3, 9, 44.58
1701166137, 0, 878, 962, 795, 34, 2.91%, 0, 3, 9, 40.90
1701166143, 0, 878, 963, 796, 34, 2.91%, 0, 3, 9, 39.01
1701166148, 0, 878, 965, 798, 34, 2.92%, 0, 3, 9, 43.63
1701166153, 0, 878, 966, 799, 34, 2.92%, 0, 3, 9, 42.35
1701166163, 0, 878, 967, 800, 34, 2.92%, 0, 3, 9, 44.59
1701166239, 0, 880, 967, 799, 38, 2.92%, 0, 3, 9, 34.51
1701166260, 0, 880, 968, 800, 38, 2.92%, 0, 3, 9, 48.53
1701166270, 0, 880, 969, 801, 38, 2.92%, 0, 3, 9, 47.07
1701166551, 0, 881, 969, 800, 38, 2.92%, 0, 3, 9, 42.12
1701166556, 0, 881, 970, 801, 38, 2.92%, 0, 3, 9, 37.85
1701166704, 0, 882, 970, 800, 37, 2.92%, 0, 3, 9, 31.08
1701166709, 0, 885, 971, 799, 35, 2.92%, 0, 3, 9, 32.32
1701166714, 0, 885, 972, 800, 35, 2.92%, 0, 3, 9, 30.31
1701166719, 0, 885, 973, 801, 35, 2.92%, 0, 3, 9, 36.11
1701166863, 0, 885, 974, 802, 35, 2.93%, 0, 3, 9, 41.34
1701166878, 0, 887, 974, 801, 36, 2.93%, 0, 3, 9, 42.48
1701167000, 0, 887, 975, 802, 36, 2.93%, 0, 3, 9, 40.12
1701167015, 0, 887, 976, 803, 36, 2.93%, 0, 3, 9, 35.13
1701167061, 0, 894, 976, 801, 35, 2.93%, 0, 3, 9, 44.30
1701167066, 0, 894, 982, 807, 35, 2.93%, 0, 3, 9, 26.34
1701167071, 0, 894, 985, 810, 35, 2.93%, 0, 3, 9, 27.34
1701167076, 0, 894, 989, 814, 35, 2.94%, 0, 3, 9, 24.17
1701167112, 0, 894, 991, 816, 35, 2.94%, 0, 3, 9, 18.82
1701167168, 0, 894, 994, 819, 35, 2.94%, 0, 3, 9, 37.96
1701167174, 0, 894, 995, 820, 35, 2.94%, 0, 3, 9, 29.15
1701167189, 0, 894, 996, 821, 35, 2.94%, 0, 3, 9, 27.80
1701167209, 0, 894, 998, 823, 35, 2.94%, 0, 3, 9, 25.18
1701167214, 0, 894, 1001, 826, 35, 2.94%, 0, 3, 9, 32.61
1701167230, 0, 894, 1002, 827, 35, 2.94%, 0, 3, 9, 33.29
1701167240, 0, 894, 1003, 828, 35, 2.94%, 0, 3, 9, 41.41
1701167255, 0, 894, 1004, 829, 35, 2.94%, 0, 3, 9, 41.36
1701167270, 0, 894, 1005, 830, 35, 2.94%, 0, 3, 9, 32.40
1701167312, 0, 908, 1005, 828, 39, 2.94%, 0, 3, 9, 38.49
1701167317, 0, 908, 1006, 829, 39, 2.94%, 0, 3, 9, 37.52
1701167322, 0, 908, 1007, 830, 39, 2.95%, 0, 3, 9, 31.88
1701167352, 0, 908, 1008, 831, 39, 2.95%, 0, 3, 9, 26.47
1701167363, 0, 908, 1009, 832, 39, 2.95%, 0, 3, 9, 26.96
1701167480, 0, 914, 1009, 830, 39, 2.95%, 0, 3, 9, 37.49
1701167807, 0, 914, 1010, 831, 39, 2.95%, 0, 3, 9, 32.73
1701167817, 0, 914, 1011, 832, 39, 2.95%, 0, 3, 9, 36.99
1701167822, 0, 914, 1012, 833, 39, 2.95%, 0, 3, 9, 43.76
1701167929, 0, 915, 1012, 832, 38, 2.95%, 0, 3, 9, 41.46
1701167959, 0, 915, 1013, 833, 38, 2.95%, 0, 3, 9, 41.28
1701167985, 0, 915, 1014, 834, 38, 2.95%, 0, 3, 9, 45.61
1701168341, 0, 915, 1015, 835, 38, 2.95%, 0, 3, 9, 45.01
1701168402, 0, 915, 1016, 836, 38, 2.95%, 0, 3, 9, 43.44
1701168407, 0, 915, 1020, 840, 38, 2.95%, 0, 3, 9, 42.74
1701168483, 0, 919, 1021, 839, 39, 2.95%, 0, 3, 10, 46.85
1701168488, 0, 923, 1022, 836, 35, 2.95%, 0, 3, 10, 43.50
1701168494, 0, 923, 1024, 838, 35, 2.95%, 0, 3, 10, 42.75
1701168499, 0, 923, 1025, 839, 35, 2.95%, 0, 3, 10, 41.16
1701168509, 0, 923, 1026, 840, 35, 2.97%, 0, 3, 10, 41.50
1701168519, 0, 928, 1030, 843, 37, 2.97%, 0, 3, 10, 42.66
1701168524, 0, 928, 1032, 845, 37, 2.97%, 0, 3, 10, 44.98
1701168534, 0, 928, 1033, 846, 37, 2.97%, 0, 3, 10, 43.23
1701168550, 0, 936, 1033, 844, 36, 2.97%, 0, 3, 10, 36.58
1701168565, 0, 936, 1034, 845, 36, 2.97%, 0, 3, 10, 34.97
1701168632, 0, 936, 1035, 846, 36, 2.97%, 0, 3, 10, 34.49
1701168795, 0, 947, 1035, 843, 34, 2.97%, 0, 3, 10, 35.19
1701168800, 0, 947, 1041, 849, 34, 2.98%, 0, 3, 10, 39.25
1701168805, 0, 947, 1044, 852, 34, 2.98%, 0, 3, 10, 43.39
1701168810, 0, 947, 1045, 853, 34, 2.98%, 0, 3, 10, 42.85
1701168881, 0, 947, 1046, 854, 34, 2.98%, 0, 3, 10, 36.00
1701168891, 0, 947, 1048, 856, 34, 2.98%, 0, 3, 10, 44.21
1701168916, 0, 947, 1049, 857, 34, 2.98%, 0, 3, 10, 46.41
1701168947, 0, 953, 1049, 856, 40, 2.98%, 0, 3, 10, 38.51
1701168957, 0, 953, 1050, 857, 40, 2.98%, 0, 3, 10, 34.69
1701169659, 0, 953, 1051, 858, 40, 2.98%, 0, 3, 10, 36.37
1701169665, 0, 953, 1052, 859, 40, 2.98%, 0, 3, 10, 32.54
1701169670, 0, 953, 1053, 860, 40, 2.98%, 0, 3, 10, 29.72
1701169675, 0, 953, 1054, 861, 40, 2.98%, 0, 3, 10, 32.93
1701169680, 0, 953, 1055, 862, 40, 2.98%, 0, 3, 10, 35.72
1701169690, 0, 953, 1056, 863, 40, 2.98%, 0, 3, 10, 39.16
1701169695, 0, 953, 1057, 864, 40, 2.98%, 0, 3, 10, 30.10
1701169787, 0, 955, 1057, 863, 42, 2.98%, 0, 3, 10, 38.46
1701169797, 0, 955, 1059, 865, 42, 2.98%, 0, 3, 10, 37.56
1701170220, 0, 955, 1061, 867, 42, 2.99%, 0, 3, 10, 45.10
1701170235, 0, 955, 1062, 868, 42, 2.99%, 0, 3, 10, 43.70
1701170251, 0, 955, 1063, 869, 42, 2.99%, 0, 3, 10, 36.62
1701170287, 0, 955, 1064, 870, 42, 2.99%, 0, 3, 10, 38.99
1701170338, 0, 955, 1066, 872, 42, 2.99%, 0, 3, 10, 44.35
1701170343, 0, 956, 1066, 871, 43, 2.99%, 0, 3, 10, 43.84
1701170348, 0, 957, 1066, 870, 42, 2.99%, 0, 3, 10, 40.39
1701170603, 0, 957, 1068, 872, 42, 2.99%, 0, 3, 10, 37.79
1701170639, 0, 957, 1069, 873, 42, 2.99%, 0, 3, 10, 37.79
1701170675, 0, 957, 1070, 874, 42, 2.99%, 0, 3, 10, 43.43
1701170731, 0, 958, 1070, 873, 44, 2.99%, 0, 3, 10, 38.90
1701170838, 0, 958, 1071, 874, 44, 3.00%, 0, 3, 10, 45.22
1701171134, 0, 959, 1071, 873, 44, 3.00%, 0, 3, 10, 39.58
1701171669, 0, 961, 1071, 872, 43, 3.00%, 0, 3, 10, 51.05
1701171674, 0, 964, 1071, 871, 42, 3.00%, 0, 3, 10, 37.73
1701171684, 0, 964, 1072, 872, 42, 3.00%, 0, 3, 10, 40.39
1701172016, 0, 964, 1073, 873, 42, 3.00%, 0, 3, 10, 33.41
1701172021, 0, 964, 1074, 874, 42, 3.00%, 0, 3, 10, 38.22
1701172026, 0, 964, 1075, 875, 42, 3.00%, 0, 3, 10, 46.68
1701172036, 0, 964, 1076, 876, 42, 3.00%, 0, 3, 10, 46.25
1701172072, 0, 964, 1077, 877, 42, 3.00%, 0, 3, 10, 46.05
1701172087, 0, 964, 1078, 878, 42, 3.00%, 0, 3, 10, 39.19
1701172097, 0, 964, 1079, 879, 42, 3.00%, 0, 3, 10, 40.97
1701172133, 0, 966, 1079, 878, 44, 3.00%, 0, 3, 10, 43.32
1701172637, 0, 966, 1080, 879, 44, 3.00%, 0, 3, 10, 46.92
1701172647, 0, 966, 1081, 880, 44, 3.00%, 0, 3, 10, 39.19
1701172652, 0, 966, 1082, 881, 44, 3.00%, 0, 3, 10, 42.91
1701172662, 0, 966, 1083, 882, 44, 3.00%, 0, 3, 10, 37.14
1701172708, 0, 966, 1084, 883, 44, 3.00%, 0, 3, 10, 37.51
1701172749, 0, 974, 1084, 880, 41, 3.00%, 0, 3, 10, 46.84
1701172957, 0, 974, 1085, 881, 41, 3.00%, 0, 3, 10, 43.13
1701172967, 0, 984, 1085, 880, 41, 3.00%, 0, 3, 10, 47.09
1701172972, 0, 987, 1086, 880, 40, 3.00%, 0, 3, 10, 31.60
1701172977, 0, 987, 1087, 881, 40, 3.00%, 0, 3, 10, 29.13
1701173121, 0, 1002, 1087, 879, 40, 3.00%, 0, 3, 10, 47.46
1701173126, 0, 1002, 1089, 881, 40, 3.00%, 0, 3, 10, 30.61
1701173131, 0, 1002, 1090, 882, 40, 3.00%, 0, 3, 10, 34.66
1701173151, 0, 1002, 1091, 883, 40, 3.00%, 0, 3, 10, 39.31
1701173156, 0, 1002, 1095, 887, 40, 3.00%, 0, 3, 10, 30.01
1701173161, 0, 1002, 1096, 888, 40, 3.00%, 0, 3, 10, 16.75
1701173212, 0, 1002, 1097, 889, 40, 3.00%, 0, 3, 10, 37.89
1701173217, 0, 1002, 1098, 890, 40, 3.00%, 0, 3, 10, 34.83
1701173284, 0, 1003, 1103, 894, 40, 3.01%, 0, 3, 10, 44.44
1701173289, 0, 1003, 1105, 896, 40, 3.01%, 0, 3, 10, 41.01
1701173294, 0, 1003, 1106, 897, 40, 3.02%, 0, 3, 10, 33.07
1701173320, 0, 1003, 1107, 898, 40, 3.02%, 0, 3, 10, 32.33
1701173325, 0, 1003, 1108, 899, 40, 3.02%, 0, 3, 10, 35.82
1701173411, 0, 1003, 1109, 900, 40, 3.02%, 0, 3, 10, 45.54
1701173417, 0, 1003, 1111, 902, 40, 3.02%, 0, 3, 10, 42.65
1701173427, 0, 1003, 1112, 903, 40, 3.02%, 0, 3, 10, 21.37
1701173447, 0, 1003, 1114, 905, 40, 3.03%, 0, 3, 10, 43.14
1701173462, 0, 1003, 1115, 906, 40, 3.03%, 0, 3, 10, 43.42
1701173498, 0, 1007, 1115, 905, 43, 3.03%, 0, 3, 10, 39.39
1701173539, 0, 1007, 1116, 906, 43, 3.03%, 0, 3, 10, 16.41
1701173641, 0, 1009, 1116, 905, 44, 3.03%, 0, 3, 10, 42.83
1701173962, 0, 1009, 1117, 906, 44, 3.03%, 0, 3, 10, 36.11
1701173967, 0, 1009, 1118, 907, 44, 3.03%, 0, 3, 10, 42.72
1701173983, 0, 1009, 1119, 908, 44, 3.03%, 0, 3, 10, 33.24
1701173988, 0, 1009, 1120, 909, 44, 3.03%, 0, 3, 10, 34.83
1701173993, 0, 1009, 1121, 910, 44, 3.03%, 0, 3, 10, 35.23
1701174008, 0, 1009, 1122, 911, 44, 3.03%, 0, 3, 10, 45.71
1701174079, 0, 1013, 1122, 910, 42, 3.03%, 0, 3, 10, 44.96
1701174519, 0, 1013, 1123, 911, 42, 3.03%, 0, 3, 10, 39.68
1701174672, 0, 1015, 1123, 910, 41, 3.03%, 0, 3, 10, 42.03
1701174677, 0, 1020, 1126, 912, 40, 3.03%, 0, 3, 11, 46.74
1701174687, 0, 1024, 1126, 911, 39, 3.03%, 0, 3, 11, 43.03
1701174692, 0, 1025, 1130, 914, 38, 3.03%, 0, 3, 11, 39.94
1701174697, 0, 1025, 1131, 915, 38, 3.03%, 0, 3, 11, 43.57
1701174718, 0, 1025, 1138, 922, 38, 3.03%, 0, 3, 11, 33.74
1701174723, 0, 1025, 1139, 923, 38, 3.03%, 0, 3, 11, 41.77
1701174805, 0, 1025, 1142, 926, 38, 3.05%, 0, 3, 11, 41.58
1701174820, 0, 1025, 1145, 929, 38, 3.05%, 0, 3, 11, 44.32
1701174866, 0, 1034, 1145, 927, 41, 3.05%, 0, 3, 11, 41.53
1701175115, 0, 1037, 1145, 926, 40, 3.05%, 0, 3, 11, 36.66
1701175120, 0, 1038, 1145, 925, 39, 3.05%, 0, 3, 11, 37.53
1701175294, 0, 1054, 1145, 920, 33, 3.05%, 0, 3, 11, 41.83
1701175422, 0, 1054, 1146, 921, 33, 3.05%, 0, 3, 11, 41.35
1701176003, 0, 1055, 1146, 920, 33, 3.05%, 0, 3, 11, 43.72
1701176657, 0, 1057, 1146, 919, 33, 3.05%, 0, 3, 11, 36.86
1701177075, 0, 1061, 1146, 918, 32, 3.05%, 0, 3, 11, 35.49
1701177595, 0, 1063, 1146, 917, 31, 3.05%, 0, 3, 11, 39.48
1701177600, 0, 1063, 1147, 918, 31, 3.05%, 0, 3, 11, 43.42
1701177615, 0, 1063, 1148, 919, 31, 3.05%, 0, 3, 11, 40.09
1701177686, 0, 1063, 1151, 922, 31, 3.08%, 0, 3, 11, 44.30
1701178024, 0, 1063, 1152, 923, 31, 3.08%, 0, 3, 11, 31.15
1701178034, 0, 1063, 1153, 924, 31, 3.08%, 0, 3, 11, 44.86
1701178039, 0, 1063, 1154, 925, 31, 3.08%, 0, 3, 11, 44.33
1701178044, 0, 1063, 1155, 926, 31, 3.08%, 0, 3, 11, 41.57
1701178049, 0, 1063, 1156, 927, 31, 3.08%, 0, 3, 11, 45.89
1701178054, 0, 1063, 1157, 928, 31, 3.08%, 0, 3, 11, 46.75
1701178080, 0, 1063, 1158, 929, 31, 3.08%, 0, 3, 11, 45.12
1701178146, 0, 1066, 1158, 928, 33, 3.08%, 0, 3, 11, 43.33
1701178416, 0, 1070, 1158, 926, 31, 3.08%, 0, 3, 11, 42.34
1701178426, 0, 1070, 1159, 927, 31, 3.08%, 0, 3, 11, 43.76
1701178747, 0, 1073, 1159, 926, 30, 3.08%, 0, 3, 11, 42.75
1701178752, 0, 1073, 1160, 927, 30, 3.08%, 0, 3, 11, 39.58
1701179006, 0, 1073, 1161, 928, 30, 3.08%, 0, 3, 11, 43.80
1701179159, 0, 1076, 1161, 927, 31, 3.08%, 0, 3, 11, 46.64
1701179526, 0, 1076, 1162, 928, 31, 3.08%, 0, 3, 11, 43.37
1701179552, 0, 1082, 1162, 927, 31, 3.08%, 0, 3, 11, 44.32
1701179562, 0, 1082, 1165, 930, 31, 3.08%, 0, 3, 11, 44.12
1701180042, 0, 1082, 1166, 931, 31, 3.08%, 0, 3, 11, 38.02
1701180057, 0, 1082, 1167, 932, 31, 3.08%, 0, 3, 11, 42.78
1701180098, 0, 1084, 1167, 931, 31, 3.08%, 0, 3, 11, 40.88
1701180485, 0, 1084, 1168, 932, 31, 3.08%, 0, 3, 11, 42.56
1701180495, 0, 1084, 1169, 933, 31, 3.08%, 0, 3, 11, 39.15
1701180505, 0, 1084, 1170, 934, 31, 3.08%, 0, 3, 11, 41.86
1701180608, 0, 1086, 1170, 933, 34, 3.08%, 0, 3, 11, 38.71
1701180766, 0, 1087, 1170, 932, 33, 3.08%, 0, 3, 11, 39.58
1701180817, 0, 1087, 1171, 933, 33, 3.08%, 0, 3, 11, 20.59
1701180950, 0, 1104, 1171, 932, 33, 3.08%, 0, 3, 11, 27.51
1701180955, 0, 1104, 1172, 933, 33, 3.08%, 0, 3, 11, 24.86
1701181103, 0, 1104, 1173, 934, 33, 3.08%, 0, 3, 11, 39.77
1701181124, 0, 1104, 1174, 935, 33, 3.08%, 0, 3, 11, 40.83
1701181190, 0, 1106, 1174, 934, 32, 3.08%, 0, 4, 11, 32.75
1701181226, 0, 1106, 1175, 935, 32, 3.08%, 0, 4, 11, 42.01
1701181332, 0, 1113, 1175, 934, 31, 3.08%, 0, 4, 11, 39.39
1701181338, 0, 1117, 1175, 933, 30, 3.08%, 0, 4, 11, 41.03
1701181802, 0, 1118, 1175, 932, 29, 3.08%, 0, 4, 11, 42.88
1701182465, 0, 1122, 1175, 931, 27, 3.08%, 0, 4, 11, 43.70
1701183021, 0, 1122, 1176, 932, 27, 3.08%, 0, 4, 11, 35.90
1701183051, 0, 1123, 1176, 931, 26, 3.08%, 0, 4, 11, 38.61
1701183056, 0, 1142, 1176, 927, 22, 3.08%, 0, 4, 11, 38.21
1701183062, 0, 1142, 1178, 929, 22, 3.08%, 0, 4, 12, 38.75
1701183067, 0, 1142, 1180, 931, 22, 3.08%, 0, 4, 12, 47.62
1701183072, 0, 1142, 1181, 932, 22, 3.08%, 0, 4, 12, 51.51
1701183087, 0, 1145, 1182, 932, 22, 3.08%, 0, 4, 12, 47.72
1701183092, 0, 1149, 1182, 930, 22, 3.08%, 0, 4, 12, 46.48
1701183097, 0, 1149, 1183, 931, 22, 3.08%, 0, 4, 12, 48.25
1701183102, 0, 1150, 1183, 930, 22, 3.08%, 0, 4, 12, 46.96
1701183107, 0, 1155, 1184, 930, 21, 3.08%, 0, 4, 12, 49.48
1701183112, 0, 1158, 1185, 930, 22, 3.08%, 0, 4, 12, 53.53
1701183117, 0, 1159, 1185, 929, 22, 3.08%, 0, 4, 12, 47.84
1701183122, 0, 1159, 1187, 931, 22, 3.08%, 0, 4, 12, 48.09
1701183132, 0, 1161, 1187, 929, 21, 3.08%, 0, 4, 12, 44.64
1701183137, 0, 1167, 1187, 927, 19, 3.08%, 0, 4, 12, 48.75
1701183660, 0, 1168, 1187, 926, 18, 3.08%, 0, 4, 12, 39.46
1701183665, 0, 1170, 1188, 926, 17, 3.08%, 0, 4, 12, 36.83
1701183701, 0, 1170, 1189, 927, 17, 3.08%, 0, 4, 12, 27.67
1701183762, 0, 1170, 1190, 928, 17, 3.08%, 0, 4, 12, 35.53
1701183767, 0, 1170, 1191, 929, 17, 3.08%, 0, 4, 12, 31.84
1701183772, 0, 1170, 1193, 931, 17, 3.08%, 0, 4, 12, 31.10
1701183793, 0, 1170, 1194, 932, 17, 3.08%, 0, 4, 12, 28.87
1701183809, 0, 1170, 1195, 933, 17, 3.08%, 0, 4, 12, 33.66
1701183814, 0, 1170, 1196, 934, 17, 3.08%, 0, 4, 12, 39.59
1701183859, 0, 1172, 1197, 934, 20, 3.08%, 0, 4, 12, 30.73
1701183864, 0, 1172, 1198, 935, 20, 3.08%, 0, 4, 12, 30.42
1701184059, 0, 1172, 1200, 937, 20, 3.08%, 0, 4, 12, 41.23
1701184089, 0, 1172, 1201, 938, 20, 3.09%, 0, 4, 12, 36.14
1701184145, 0, 1172, 1202, 939, 20, 3.09%, 0, 4, 12, 27.03
1701184161, 0, 1180, 1202, 936, 18, 3.09%, 0, 4, 12, 40.35
1701184166, 0, 1181, 1202, 935, 17, 3.09%, 0, 4, 12, 31.29
1701184171, 0, 1182, 1202, 934, 16, 3.09%, 0, 4, 12, 29.63
1701184176, 0, 1182, 1204, 936, 16, 3.09%, 0, 4, 13, 41.25
1701184192, 0, 1183, 1204, 935, 16, 3.09%, 0, 4, 13, 36.83
1701184197, 0, 1184, 1205, 935, 15, 3.09%, 0, 4, 13, 41.94
1701184202, 0, 1184, 1206, 936, 15, 3.09%, 0, 4, 13, 39.32
1701184212, 0, 1186, 1207, 936, 16, 3.09%, 0, 4, 13, 46.24
1701184222, 0, 1192, 1207, 935, 16, 3.09%, 0, 4, 13, 32.75
1701184258, 0, 1192, 1208, 936, 16, 3.09%, 0, 4, 13, 21.77
1701184370, 0, 1199, 1208, 934, 14, 3.09%, 0, 4, 13, 32.75
1701184375, 0, 1199, 1209, 935, 14, 3.09%, 0, 4, 13, 27.61
1701184391, 0, 1199, 1210, 936, 14, 3.09%, 0, 4, 13, 30.98
1701184442, 0, 1199, 1211, 937, 14, 3.09%, 0, 4, 13, 15.01
1701184672, 0, 1199, 1212, 938, 14, 3.09%, 0, 4, 13, 37.87
1701184784, 0, 1201, 1212, 936, 14, 3.09%, 0, 4, 13, 31.64
1701184789, 0, 1202, 1212, 935, 13, 3.09%, 0, 4, 13, 34.07
1701184794, 0, 1204, 1212, 934, 12, 3.09%, 0, 4, 13, 36.68
1701184800, 0, 1206, 1212, 933, 10, 3.09%, 0, 4, 13, 38.71
1701184805, 0, 1207, 1212, 932, 9, 3.09%, 0, 4, 13, 37.13
1701184989, 0, 1208, 1212, 931, 8, 3.09%, 0, 4, 13, 37.38
1701184994, 0, 1209, 1212, 930, 7, 3.09%, 0, 4, 13, 37.70
1701184999, 0, 1210, 1212, 929, 6, 3.09%, 0, 4, 13, 34.23
1701185004, 0, 1211, 1214, 930, 5, 3.09%, 0, 4, 14, 40.13
1701185014, 0, 1211, 1215, 931, 5, 3.09%, 0, 4, 14, 37.36
1701185050, 0, 1211, 1217, 933, 5, 3.09%, 0, 4, 14, 38.79
1701185223, 0, 1211, 1218, 934, 5, 3.09%, 0, 4, 14, 44.67
1701185264, 0, 1217, 1218, 931, 5, 3.09%, 0, 4, 14, 36.07
1701185269, 0, 1217, 1220, 933, 5, 3.09%, 0, 4, 15, 39.06
1701185284, 0, 1217, 1221, 934, 5, 3.09%, 0, 4, 15, 44.02
1701185294, 0, 1217, 1222, 935, 5, 3.09%, 0, 4, 15, 46.38
1701185330, 0, 1217, 1223, 936, 5, 3.09%, 0, 4, 15, 47.66
1701185724, 0, 1221, 1223, 933, 4, 3.09%, 0, 4, 15, 36.66
1701185729, 0, 1221, 1224, 934, 4, 3.09%, 0, 4, 16, 35.60
1701186152, 1, 32, 1224, 932, 3, 3.09%, 0, 4, 16, 42.51
1701188224, 1, 61, 1224, 931, 3, 3.09%, 0, 4, 16, 39.50
1701190278, 1, 223, 1224, 930, 3, 3.09%, 0, 4, 16, 39.53
1701190283, 1, 336, 1224, 929, 4, 3.09%, 0, 4, 16, 40.76
1701190288, 1, 336, 1225, 930, 4, 3.09%, 0, 4, 16, 41.04
1701190517, 1, 503, 1225, 929, 4, 3.09%, 0, 4, 16, 48.00
1701191072, 1, 503, 1228, 932, 4, 3.09%, 0, 4, 16, 41.55
1701191077, 1, 503, 1229, 933, 4, 3.09%, 0, 4, 16, 38.58
1701191082, 1, 503, 1230, 934, 4, 3.09%, 0, 4, 16, 45.86
1701191092, 1, 503, 1231, 935, 4, 3.09%, 0, 4, 16, 46.74
1701191097, 1, 503, 1232, 936, 4, 3.09%, 0, 4, 16, 45.64
1701191123, 1, 503, 1233, 937, 4, 3.09%, 0, 4, 16, 45.87
1701191138, 1, 503, 1234, 938, 4, 3.09%, 0, 4, 16, 47.11
1701191219, 1, 571, 1234, 937, 7, 3.09%, 0, 4, 16, 40.22
1701191224, 1, 587, 1234, 936, 7, 3.09%, 0, 4, 16, 35.73
1701191870, 1, 659, 1234, 936, 7, 3.09%, 0, 4, 16, 34.12
1701192033, 1, 659, 1235, 937, 7, 3.09%, 0, 4, 16, 43.49
1701192634, 1, 659, 1236, 938, 7, 3.09%, 0, 4, 16, 46.69
1701192649, 1, 808, 1236, 937, 10, 3.09%, 0, 4, 16, 31.86
1701192654, 1, 1026, 1236, 934, 7, 3.09%, 0, 4, 16, 38.45
1701192660, 1, 1154, 1236, 932, 6, 3.09%, 0, 4, 16, 36.99
1701192665, 1, 1175, 1236, 931, 5, 3.09%, 0, 4, 16, 32.75
1701192670, 1, 1178, 1236, 930, 4, 3.09%, 0, 4, 16, 34.74
1701192675, 1, 1225, 1236, 929, 3, 3.09%, 0, 4, 16, 35.84
1701194364, 1, 1225, 1237, 930, 3, 3.09%, 0, 4, 16, 41.41
1701194369, 1, 1225, 1238, 931, 3, 3.09%, 0, 4, 16, 35.29
1701194450, 1, 1225, 1239, 932, 3, 3.09%, 0, 4, 16, 41.65
1701194456, 1, 1225, 1240, 933, 3, 3.09%, 0, 4, 16, 40.63
1701194466, 1, 1225, 1241, 934, 3, 3.09%, 0, 4, 16, 41.81
1701194542, 1, 1234, 1241, 933, 4, 3.09%, 0, 4, 16, 28.94
1701194706, 1, 1234, 1242, 934, 4, 3.09%, 0, 4, 16, 42.43
1701194987, 1, 1234, 1244, 936, 4, 3.09%, 0, 4, 16, 42.10
1701194992, 1, 1234, 1245, 937, 4, 3.09%, 0, 4, 16, 34.51
1701195242, 1, 1234, 1246, 938, 4, 3.09%, 0, 4, 16, 31.23
1701195329, 1, 1234, 1249, 941, 4, 3.09%, 0, 4, 16, 35.14
1701195334, 1, 1234, 1250, 942, 4, 3.09%, 0, 4, 16, 36.50
1701195339, 1, 1234, 1251, 943, 4, 3.09%, 0, 4, 16, 41.91
1701195370, 1, 1238, 1251, 942, 9, 3.09%, 0, 4, 16, 39.51
1701197022, 1, 1238, 1252, 943, 9, 3.09%, 0, 4, 16, 44.28
1701197068, 1, 1240, 1252, 942, 9, 3.09%, 0, 4, 16, 29.41
1701198357, 1, 1241, 1252, 941, 8, 3.09%, 0, 4, 16, 40.42
1701199183, 1, 1241, 1253, 942, 8, 3.09%, 0, 4, 16, 43.99
1701199224, 1, 1243, 1253, 940, 6, 3.09%, 0, 4, 16, 40.23
1701199229, 1, 1250, 1253, 938, 5, 3.09%, 0, 4, 16, 39.68
1701199972, 1, 1250, 1254, 939, 5, 3.09%, 0, 4, 16, 42.08
1701199992, 1, 1250, 1255, 940, 5, 3.09%, 0, 4, 16, 42.89
1701200013, 1, 1250, 1256, 941, 5, 3.09%, 0, 4, 16, 39.68
1701200048, 1, 1250, 1257, 942, 5, 3.09%, 0, 4, 16, 40.73
1701200124, 1, 1251, 1257, 941, 7, 3.09%, 0, 4, 16, 33.32
1701200808, 1, 1251, 1258, 942, 7, 3.09%, 0, 4, 16, 36.23
1701202300, 1, 1251, 1259, 943, 7, 3.09%, 0, 4, 16, 40.87
1701202341, 1, 1253, 1259, 941, 6, 3.09%, 0, 4, 16, 37.77
1701202826, 1, 1253, 1260, 942, 6, 3.09%, 0, 4, 16, 41.47
1701203071, 1, 1253, 1261, 943, 6, 3.09%, 0, 4, 16, 39.13
1701203122, 1, 1254, 1261, 942, 7, 3.09%, 0, 4, 16, 37.06
1701203127, 1, 1255, 1261, 941, 6, 3.09%, 0, 4, 16, 35.40
1701203739, 1, 1255, 1262, 942, 6, 3.09%, 0, 4, 16, 44.16
1701204010, 1, 1258, 1262, 941, 6, 3.09%, 0, 4, 16, 40.83
1701206060, 1, 1258, 1263, 942, 6, 3.09%, 0, 4, 16, 37.64
1701206065, 1, 1258, 1265, 944, 6, 3.09%, 0, 4, 16, 36.33
1701206070, 1, 1258, 1266, 945, 6, 3.09%, 0, 4, 16, 33.08
1701206081, 1, 1258, 1267, 946, 6, 3.09%, 0, 4, 16, 38.25
1701206111, 1, 1258, 1268, 947, 6, 3.09%, 0, 4, 16, 24.76
1701206116, 1, 1258, 1269, 948, 6, 3.09%, 0, 4, 16, 40.35
1701206193, 1, 1259, 1269, 947, 7, 3.09%, 0, 4, 16, 33.03
1701206880, 1, 1259, 1270, 948, 7, 3.09%, 0, 4, 16, 34.03
1701206936, 1, 1266, 1270, 945, 5, 3.09%, 0, 4, 16, 35.34
1701211356, 1, 1266, 1271, 946, 5, 3.09%, 0, 4, 16, 44.05
1701211366, 1, 1266, 1272, 947, 5, 3.09%, 0, 4, 16, 43.80
1701211402, 1, 1266, 1273, 948, 5, 3.09%, 0, 4, 16, 41.26
1701211432, 1, 1267, 1273, 947, 5, 3.09%, 0, 4, 16, 41.68
1701213376, 1, 1267, 1274, 948, 5, 3.09%, 0, 4, 16, 41.53
1701213432, 1, 1269, 1274, 947, 5, 3.09%, 0, 4, 16, 43.89
1701213493, 1, 1269, 1275, 948, 5, 3.09%, 0, 4, 16, 36.96
1701213748, 1, 1269, 1276, 949, 5, 3.09%, 0, 4, 16, 48.52
1701214252, 1, 1270, 1276, 948, 5, 3.09%, 0, 4, 16, 39.57
1701218309, 1, 1270, 1277, 949, 5, 3.09%, 0, 4, 16, 34.55
1701218314, 1, 1270, 1278, 950, 5, 3.09%, 0, 4, 16, 37.29
1701218345, 1, 1270, 1279, 951, 5, 3.09%, 0, 4, 16, 42.39
1701218360, 1, 1270, 1280, 952, 5, 3.09%, 0, 4, 16, 41.25
1701218431, 1, 1273, 1280, 951, 5, 3.09%, 0, 4, 16, 40.54
1701221204, 1, 1274, 1280, 950, 4, 3.09%, 0, 4, 16, 44.03
1701221209, 1, 1278, 1280, 949, 3, 3.09%, 0, 4, 16, 38.78
1701224382, 2, 174, 1280, 948, 2, 3.09%, 0, 4, 16, 41.58
1701226565, 2, 174, 1281, 949, 2, 3.09%, 0, 4, 16, 34.71
1701226571, 2, 174, 1283, 951, 2, 3.11%, 0, 4, 16, 39.04
1701226591, 2, 174, 1284, 952, 2, 3.13%, 0, 4, 16, 30.13
1701226596, 2, 174, 1285, 953, 2, 3.13%, 0, 4, 16, 30.68
1701226601, 2, 174, 1286, 954, 2, 3.13%, 0, 4, 16, 36.86
1701226750, 2, 802, 1286, 949, 4, 3.13%, 0, 4, 16, 43.48
1701226755, 2, 1059, 1286, 947, 4, 3.13%, 0, 4, 16, 36.53
1701227189, 2, 1059, 1287, 948, 4, 3.13%, 0, 4, 16, 37.35
1701227215, 2, 1110, 1288, 948, 4, 3.13%, 0, 4, 16, 37.56
1701227276, 2, 1110, 1289, 949, 4, 3.13%, 0, 4, 16, 31.39
1701227490, 2, 1239, 1289, 948, 7, 3.13%, 0, 4, 16, 37.61
1701230748, 2, 1239, 1290, 949, 7, 3.13%, 0, 4, 16, 44.30
1701230764, 2, 1239, 1291, 950, 7, 3.13%, 0, 4, 16, 34.71
1701230779, 2, 1239, 1292, 951, 7, 3.13%, 0, 4, 16, 43.76
1701230825, 2, 1239, 1293, 952, 7, 3.13%, 0, 4, 16, 40.47
1701230922, 2, 1262, 1293, 951, 8, 3.13%, 0, 4, 16, 33.81
1701234297, 2, 1262, 1294, 952, 8, 3.13%, 0, 4, 16, 41.56
1701234353, 2, 1275, 1294, 951, 9, 3.13%, 0, 4, 16, 37.47
1701234358, 2, 1283, 1294, 950, 8, 3.13%, 0, 4, 16, 32.17
1701234399, 2, 1283, 1297, 953, 8, 3.16%, 0, 4, 16, 41.03
1701234404, 2, 1283, 1299, 955, 8, 3.16%, 0, 4, 16, 41.26
1701234409, 2, 1283, 1301, 957, 8, 3.16%, 0, 4, 16, 35.75
1701234415, 2, 1283, 1303, 959, 8, 3.16%, 0, 4, 16, 36.81
1701234420, 2, 1283, 1310, 966, 8, 3.16%, 0, 4, 16, 40.46
1701234455, 2, 1283, 1311, 967, 8, 3.18%, 0, 4, 16, 43.70
1701234511, 2, 1283, 1312, 968, 8, 3.19%, 0, 4, 16, 28.23
1701234542, 2, 1283, 1313, 969, 8, 3.19%, 0, 4, 16, 38.84
1701234650, 2, 1283, 1314, 970, 8, 3.30%, 0, 4, 16, 43.46
1701234747, 2, 1283, 1316, 972, 8, 3.31%, 0, 4, 16, 44.68
1701234752, 2, 1283, 1322, 978, 8, 3.34%, 0, 4, 16, 45.80
1701235053, 2, 1283, 1323, 979, 8, 3.34%, 0, 4, 16, 36.36
1701235058, 2, 1283, 1324, 980, 8, 3.34%, 0, 4, 16, 41.97
1701235093, 2, 1283, 1325, 981, 8, 3.34%, 0, 4, 16, 41.81
1701235180, 2, 1283, 1326, 982, 8, 3.34%, 0, 4, 16, 37.99
1701235196, 2, 1283, 1328, 984, 8, 3.34%, 0, 4, 16, 37.53
1701235221, 2, 1283, 1329, 985, 8, 3.34%, 0, 4, 16, 38.02
1701235339, 2, 1283, 1330, 986, 8, 3.35%, 0, 4, 16, 33.95
1701235344, 2, 1283, 1331, 987, 8, 3.38%, 0, 4, 16, 38.67
1701235349, 2, 1283, 1332, 988, 8, 3.38%, 0, 4, 16, 38.38
1701235374, 2, 1283, 1333, 989, 8, 3.38%, 0, 4, 16, 41.96
1701235385, 2, 1283, 1334, 990, 8, 3.38%, 0, 4, 16, 33.72
1701235421, 2, 1283, 1336, 992, 8, 3.38%, 0, 4, 16, 40.88
1701235436, 2, 1283, 1338, 994, 8, 3.39%, 0, 4, 16, 38.98
1701235446, 2, 1286, 1338, 993, 34, 3.39%, 0, 4, 16, 39.84
1701236339, 2, 1286, 1339, 994, 34, 3.39%, 0, 4, 16, 33.26
1701236379, 2, 1286, 1340, 995, 34, 3.39%, 0, 4, 16, 29.46
1701236400, 2, 1286, 1341, 996, 34, 3.39%, 0, 4, 16, 40.01
1701236430, 2, 1290, 1341, 993, 32, 3.39%, 0, 4, 16, 39.74
1701242595, 2, 1291, 1341, 992, 31, 3.39%, 0, 4, 16, 36.37
