# unix_time, cycles_done, cur_path, paths_total, pending_total, pending_favs, map_size, unique_crashes, unique_hangs, max_depth, execs_per_sec
1701470855, 0, 0, 1, 1, 1, 1.74%, 0, 0, 1, 5.31
1701470860, 0, 0, 6, 6, 1, 1.89%, 0, 0, 2, 7.86
1701470865, 0, 0, 11, 11, 1, 1.91%, 0, 0, 2, 9.35
1701470870, 0, 0, 16, 16, 1, 1.91%, 0, 0, 2, 9.44
1701470875, 0, 0, 21, 21, 1, 1.91%, 0, 0, 2, 10.56
1701470880, 0, 0, 25, 25, 1, 1.92%, 0, 0, 2, 11.50
1701470885, 0, 0, 30, 30, 1, 1.92%, 0, 0, 2, 20.13
1701470891, 0, 0, 35, 35, 1, 1.92%, 0, 0, 2, 14.55
1701470896, 0, 0, 40, 40, 1, 1.92%, 0, 0, 2, 15.76
1701470901, 0, 0, 45, 45, 1, 1.93%, 0, 0, 2, 14.38
1701470906, 0, 0, 48, 48, 1, 1.93%, 0, 0, 2, 13.46
1701470911, 0, 0, 50, 50, 1, 1.93%, 0, 0, 2, 11.42
1701470916, 0, 0, 52, 52, 1, 1.93%, 0, 0, 2, 13.06
1701470927, 0, 0, 55, 55, 1, 2.01%, 0, 0, 2, 14.24
1701470942, 0, 0, 56, 56, 1, 2.01%, 0, 0, 2, 10.85
1701470963, 0, 0, 58, 58, 1, 2.01%, 0, 0, 2, 20.65
1701471024, 0, 0, 59, 59, 1, 2.01%, 0, 0, 2, 14.41
1701471086, 0, 0, 60, 60, 1, 2.01%, 0, 0, 2, 19.00
1701471091, 0, 0, 61, 61, 1, 2.01%, 0, 0, 2, 20.83
1701471147, 0, 0, 62, 62, 1, 2.01%, 0, 0, 2, 17.19
1701471152, 0, 0, 63, 63, 1, 2.01%, 0, 0, 2, 17.12
1701471182, 0, 0, 65, 65, 1, 2.01%, 0, 0, 2, 23.35
1701471187, 0, 0, 67, 67, 1, 2.02%, 0, 0, 2, 24.32
1701471295, 0, 0, 68, 68, 1, 2.02%, 0, 0, 2, 18.66
1701471320, 0, 0, 69, 69, 1, 2.02%, 0, 0, 2, 14.72
1701471402, 0, 0, 70, 70, 1, 2.02%, 0, 0, 2, 20.52
1701471407, 0, 0, 71, 71, 1, 2.02%, 0, 0, 2, 16.59
1701471540, 0, 0, 72, 72, 1, 2.02%, 0, 0, 2, 14.99
1701471546, 0, 0, 74, 74, 1, 2.02%, 0, 0, 2, 18.80
1701471551, 0, 0, 77, 77, 1, 2.02%, 0, 0, 2, 15.19
1701471556, 0, 0, 78, 78, 1, 2.02%, 0, 0, 2, 14.55
1701471561, 0, 0, 83, 83, 1, 2.02%, 0, 0, 2, 21.38
1701471566, 0, 0, 84, 84, 1, 2.02%, 0, 0, 2, 17.54
1701471571, 0, 0, 86, 86, 1, 2.02%, 0, 0, 2, 15.08
1701471577, 0, 0, 92, 92, 1, 2.02%, 0, 0, 2, 15.56
1701471582, 0, 0, 93, 93, 1, 2.02%, 0, 0, 2, 18.09
1701471597, 0, 0, 94, 94, 1, 2.02%, 0, 0, 2, 19.62
1701471602, 0, 0, 95, 95, 1, 2.02%, 0, 0, 2, 18.32
1701471612, 0, 0, 97, 97, 1, 2.02%, 0, 0, 2, 18.92
1701471617, 0, 0, 99, 99, 1, 2.02%, 0, 0, 2, 18.51
1701471627, 0, 0, 100, 100, 1, 2.02%, 0, 0, 2, 21.70
1701471643, 0, 0, 102, 102, 1, 2.02%, 0, 0, 2, 21.48
1701471648, 0, 0, 103, 103, 1, 2.02%, 0, 0, 2, 22.04
1701471653, 0, 0, 105, 105, 1, 2.02%, 0, 0, 2, 21.38
1701471663, 0, 0, 107, 107, 1, 2.02%, 0, 0, 2, 19.09
1701471668, 0, 0, 108, 108, 1, 2.02%, 0, 0, 2, 21.25
1701471673, 0, 0, 109, 109, 1, 2.02%, 0, 0, 2, 18.45
1701471689, 0, 0, 111, 111, 1, 2.02%, 0, 0, 2, 18.42
1701471694, 0, 0, 112, 112, 1, 2.02%, 0, 0, 2, 22.03
1701471699, 0, 0, 114, 114, 1, 2.02%, 0, 0, 2, 22.20
1701471704, 0, 0, 115, 115, 1, 2.02%, 0, 0, 2, 19.81
1701471709, 0, 0, 116, 116, 1, 2.02%, 0, 0, 2, 15.74
1701471724, 0, 0, 117, 117, 1, 2.02%, 0, 0, 2, 22.16
1701471734, 0, 9, 117, 116, 21, 2.02%, 0, 0, 2, 20.16
1701472098, 0, 32, 117, 115, 20, 2.02%, 0, 0, 2, 14.10
1701472103, 0, 32, 118, 116, 20, 2.02%, 0, 0, 3, 17.46
1701472108, 0, 32, 121, 119, 20, 2.02%, 0, 0, 3, 21.42
1701473147, 0, 32, 123, 121, 20, 2.02%, 0, 0, 3, 20.89
1701473152, 0, 32, 124, 122, 20, 2.02%, 0, 0, 3, 19.75
1701473157, 0, 32, 125, 123, 20, 2.02%, 0, 0, 3, 19.46
1701473162, 0, 32, 126, 124, 20, 2.02%, 0, 0, 3, 19.51
1701473167, 0, 32, 128, 126, 20, 2.02%, 0, 0, 3, 19.00
1701473172, 0, 32, 130, 128, 20, 2.02%, 0, 0, 3, 18.01
1701473177, 0, 32, 132, 130, 20, 2.02%, 0, 0, 3, 15.49
1701473193, 0, 32, 134, 132, 20, 2.02%, 0, 0, 3, 15.87
1701473203, 0, 32, 135, 133, 20, 2.02%, 0, 0, 3, 21.64
1701473208, 0, 32, 136, 134, 20, 2.02%, 0, 0, 3, 18.53
1701473213, 0, 32, 139, 137, 20, 2.02%, 0, 0, 3, 15.99
1701473228, 0, 32, 141, 139, 20, 2.03%, 0, 0, 3, 18.40
1701473239, 0, 32, 142, 140, 20, 2.03%, 0, 0, 3, 21.44
1701473244, 0, 32, 144, 142, 20, 2.03%, 0, 0, 3, 22.22
1701473249, 0, 32, 145, 143, 20, 2.03%, 0, 0, 3, 22.48
1701473254, 0, 32, 146, 144, 20, 2.03%, 0, 0, 3, 22.39
1701473259, 0, 32, 148, 146, 20, 2.03%, 0, 0, 3, 21.40
1701473269, 0, 32, 149, 147, 20, 2.03%, 0, 0, 3, 18.47
1701473275, 0, 32, 150, 148, 20, 2.03%, 0, 0, 3, 20.55
1701473280, 0, 32, 152, 150, 20, 2.03%, 0, 0, 3, 21.02
1701473290, 0, 32, 153, 151, 20, 2.03%, 0, 0, 3, 22.25
1701473295, 0, 32, 154, 152, 20, 2.03%, 0, 0, 3, 18.83
1701473305, 0, 32, 155, 153, 20, 2.03%, 0, 0, 3, 19.41
1701473321, 0, 32, 156, 154, 20, 2.03%, 0, 0, 3, 21.13
1701473331, 0, 34, 156, 153, 23, 2.03%, 0, 0, 3, 21.98
1701473336, 0, 44, 156, 152, 22, 2.03%, 0, 0, 3, 20.67
1701473346, 0, 46, 156, 151, 21, 2.03%, 0, 0, 3, 16.00
1701473454, 0, 46, 157, 152, 21, 2.03%, 0, 0, 3, 17.74
1701473787, 0, 48, 157, 151, 21, 2.03%, 0, 0, 3, 14.99
1701473889, 0, 51, 157, 150, 20, 2.03%, 0, 0, 3, 20.91
1701474242, 0, 53, 157, 149, 18, 2.03%, 0, 0, 3, 37.69
1701474257, 0, 60, 157, 148, 17, 2.03%, 0, 0, 3, 28.02
1701474508, 0, 60, 158, 149, 17, 2.03%, 0, 0, 3, 14.70
1701474851, 0, 60, 159, 150, 17, 2.03%, 0, 0, 3, 16.92
1701474861, 0, 60, 160, 151, 17, 2.03%, 0, 0, 3, 16.58
1701474872, 0, 60, 161, 152, 17, 2.03%, 0, 0, 3, 16.10
1701474882, 0, 60, 163, 154, 17, 2.03%, 0, 0, 3, 17.02
1701474887, 0, 60, 165, 156, 17, 2.03%, 0, 0, 3, 16.58
1701474918, 0, 60, 166, 157, 17, 2.03%, 0, 0, 3, 19.33
1701474949, 0, 60, 167, 158, 17, 2.03%, 0, 0, 3, 20.12
1701474969, 0, 60, 168, 159, 17, 2.03%, 0, 0, 3, 16.58
1701474980, 0, 60, 170, 161, 17, 2.03%, 0, 0, 3, 19.46
1701474985, 0, 60, 171, 162, 17, 2.03%, 0, 0, 3, 18.63
1701474995, 0, 60, 172, 163, 17, 2.03%, 0, 0, 3, 20.38
1701475025, 0, 60, 173, 164, 17, 2.03%, 0, 0, 3, 19.42
1701475031, 0, 63, 173, 163, 17, 2.03%, 0, 0, 3, 19.68
1701475656, 0, 63, 174, 164, 17, 2.03%, 0, 0, 3, 14.06
1701475671, 0, 64, 174, 163, 16, 2.03%, 0, 0, 3, 17.54
1701476244, 0, 64, 175, 164, 16, 2.03%, 0, 0, 3, 15.49
1701476255, 0, 65, 175, 163, 15, 2.03%, 0, 0, 3, 17.03
1701476848, 0, 66, 175, 162, 14, 2.03%, 0, 0, 3, 17.47
1701477488, 0, 89, 175, 161, 13, 2.03%, 0, 0, 3, 19.50
1701477642, 0, 89, 176, 162, 13, 2.03%, 0, 0, 3, 23.28
1701477938, 0, 89, 177, 163, 13, 2.03%, 0, 0, 3, 20.62
1701477943, 0, 101, 177, 162, 12, 2.03%, 0, 0, 3, 22.68
1701478392, 0, 107, 177, 161, 11, 2.03%, 0, 0, 3, 18.73
1701478459, 0, 107, 178, 162, 11, 2.03%, 0, 0, 3, 21.25
1701478464, 0, 107, 180, 164, 11, 2.03%, 0, 0, 3, 21.77
1701478792, 0, 107, 181, 165, 11, 2.03%, 0, 0, 3, 18.44
1701479195, 0, 107, 182, 166, 11, 2.03%, 0, 0, 3, 19.40
1701479206, 0, 113, 182, 165, 12, 2.03%, 0, 0, 3, 20.59
1701479702, 0, 113, 184, 167, 12, 2.03%, 0, 0, 3, 19.61
1701479712, 0, 119, 184, 166, 11, 2.03%, 0, 0, 3, 20.63
1701480766, 0, 119, 185, 167, 11, 2.03%, 0, 0, 4, 17.83
1701480781, 0, 123, 185, 166, 10, 2.03%, 0, 0, 4, 19.14
1701481406, 0, 123, 186, 167, 10, 2.03%, 0, 0, 4, 14.65
1701481412, 0, 123, 187, 168, 10, 2.03%, 0, 0, 4, 17.04
1701481417, 0, 123, 188, 169, 10, 2.03%, 0, 0, 4, 18.26
1701481422, 0, 123, 189, 170, 10, 2.03%, 0, 0, 4, 20.04
1701481427, 0, 123, 190, 171, 10, 2.03%, 0, 0, 4, 19.54
1701481437, 0, 123, 192, 173, 10, 2.03%, 0, 0, 4, 19.14
1701481458, 0, 123, 194, 175, 10, 2.03%, 0, 0, 4, 19.51
1701481468, 0, 123, 195, 176, 10, 2.03%, 0, 0, 4, 16.04
1701481509, 0, 123, 197, 178, 10, 2.03%, 0, 0, 4, 20.64
1701481581, 0, 123, 198, 179, 10, 2.03%, 0, 0, 4, 16.16
1701481591, 0, 128, 198, 178, 9, 2.03%, 0, 0, 4, 16.10
1701481611, 0, 128, 200, 180, 9, 2.03%, 0, 0, 4, 13.89
1701481616, 0, 128, 201, 181, 9, 2.03%, 0, 0, 4, 13.15
1701481978, 0, 128, 202, 182, 9, 2.03%, 0, 0, 4, 20.31
1701482674, 0, 128, 203, 183, 9, 2.03%, 0, 0, 4, 18.09
1701482684, 0, 140, 203, 182, 9, 2.03%, 0, 0, 4, 13.92
1701483488, 0, 140, 204, 183, 9, 2.03%, 0, 0, 4, 19.51
1701483498, 0, 142, 204, 182, 9, 2.03%, 0, 0, 4, 19.48
1701483503, 0, 142, 205, 183, 9, 2.03%, 0, 0, 4, 21.20
1701483523, 0, 142, 206, 184, 9, 2.03%, 0, 0, 4, 18.42
1701484025, 0, 156, 206, 183, 8, 2.03%, 0, 0, 4, 20.82
1701484430, 0, 171, 206, 182, 7, 2.03%, 0, 0, 4, 2.10
1701484491, 0, 171, 207, 183, 7, 2.28%, 0, 0, 4, 15.83
1701485248, 0, 175, 207, 182, 7, 2.28%, 0, 0, 4, 19.09
1701485750, 0, 175, 208, 183, 7, 2.28%, 0, 0, 4, 18.83
1701485755, 0, 178, 208, 182, 6, 2.28%, 0, 0, 4, 16.20
1701485831, 0, 178, 209, 183, 6, 2.28%, 0, 0, 4, 16.79
1701486558, 0, 179, 209, 182, 5, 2.28%, 0, 0, 4, 13.97
1701486640, 0, 179, 210, 183, 5, 2.28%, 0, 0, 4, 14.21
1701487433, 0, 197, 210, 182, 4, 2.28%, 0, 0, 4, 0.85
1701487976, 0, 203, 210, 181, 3, 2.28%, 0, 0, 4, 17.38
1701488858, 0, 203, 211, 182, 3, 2.28%, 0, 0, 5, 17.14
1701488884, 0, 206, 211, 181, 2, 2.28%, 0, 0, 5, 16.81
1701488950, 0, 206, 216, 186, 2, 2.35%, 0, 0, 5, 14.98
1701488956, 0, 206, 219, 189, 2, 2.40%, 0, 0, 5, 12.47
1701488961, 0, 206, 223, 193, 2, 2.47%, 0, 0, 5, 11.73
1701489043, 0, 206, 224, 194, 2, 2.48%, 0, 0, 5, 16.18
1701489053, 0, 206, 225, 195, 2, 2.48%, 0, 0, 5, 12.67
1701489115, 0, 206, 230, 200, 2, 2.49%, 0, 0, 5, 19.40
1701489120, 0, 206, 231, 201, 2, 2.49%, 0, 0, 5, 19.41
1701489135, 0, 206, 232, 202, 2, 2.49%, 0, 0, 5, 18.98
1701489140, 0, 206, 233, 203, 2, 2.49%, 0, 0, 5, 19.40
1701489391, 0, 206, 239, 209, 2, 2.52%, 0, 0, 5, 18.14
1701489406, 0, 206, 240, 210, 2, 2.53%, 0, 0, 5, 15.51
1701489417, 0, 206, 242, 212, 2, 2.53%, 0, 0, 5, 13.26
1701489984, 0, 206, 243, 213, 2, 2.53%, 0, 0, 5, 15.36
1701490021, 0, 206, 244, 214, 2, 2.54%, 0, 0, 5, 12.80
1701490026, 0, 206, 245, 215, 2, 2.54%, 0, 0, 5, 16.23
1701490041, 0, 206, 247, 217, 2, 2.54%, 0, 0, 5, 13.98
1701490051, 0, 206, 248, 218, 2, 2.59%, 0, 0, 5, 16.14
1701490062, 0, 215, 248, 217, 15, 2.59%, 0, 0, 5, 19.44
1701490072, 0, 215, 250, 219, 15, 2.59%, 0, 0, 6, 12.18
1701490128, 0, 215, 251, 220, 15, 2.59%, 0, 0, 6, 16.11
1701490200, 0, 215, 252, 221, 15, 2.59%, 0, 0, 6, 17.02
1701490583, 0, 215, 253, 222, 15, 2.60%, 0, 0, 6, 14.34
1701490711, 0, 215, 254, 223, 15, 2.60%, 0, 0, 6, 12.64
1701491217, 0, 215, 255, 224, 15, 2.60%, 0, 0, 6, 16.83
1701491242, 0, 215, 257, 226, 15, 2.60%, 0, 0, 6, 17.99
1701491248, 0, 215, 259, 228, 15, 2.60%, 0, 0, 6, 17.70
1701491253, 0, 215, 261, 230, 15, 2.60%, 0, 0, 6, 16.72
1701491258, 0, 215, 263, 232, 15, 2.60%, 0, 0, 6, 18.34
1701491263, 0, 215, 264, 233, 15, 2.60%, 0, 0, 6, 19.96
1701491273, 0, 215, 265, 234, 15, 2.60%, 0, 0, 6, 18.84
1701491278, 0, 215, 266, 235, 15, 2.60%, 0, 0, 6, 19.14
1701491288, 0, 215, 267, 236, 15, 2.60%, 0, 0, 6, 19.20
1701491314, 0, 215, 268, 237, 15, 2.60%, 0, 0, 6, 18.26
1701491319, 0, 215, 269, 238, 15, 2.60%, 0, 0, 6, 18.46
1701491324, 0, 215, 270, 239, 15, 2.60%, 0, 0, 6, 19.54
1701491335, 0, 215, 272, 241, 15, 2.60%, 0, 0, 6, 19.24
1701491340, 0, 215, 273, 242, 15, 2.60%, 0, 0, 6, 18.87
1701491345, 0, 215, 274, 243, 15, 2.61%, 0, 0, 6, 18.08
1701491355, 0, 215, 275, 244, 15, 2.61%, 0, 0, 6, 18.18
1701491360, 0, 215, 276, 245, 15, 2.61%, 0, 0, 6, 16.72
1701491386, 0, 215, 277, 246, 15, 2.61%, 0, 0, 6, 20.06
1701491391, 0, 215, 278, 247, 15, 2.61%, 0, 0, 6, 19.12
1701491401, 0, 215, 279, 248, 15, 2.62%, 0, 0, 6, 17.82
1701491411, 0, 215, 280, 249, 15, 2.62%, 0, 0, 6, 18.75
1701491427, 0, 221, 280, 248, 17, 2.62%, 0, 0, 6, 17.51
1701491560, 0, 221, 281, 249, 17, 2.62%, 0, 0, 6, 17.78
1701491964, 0, 221, 283, 251, 17, 2.63%, 0, 0, 6, 17.99
1701492584, 0, 222, 283, 250, 19, 2.63%, 0, 0, 6, 18.56
1701493111, 0, 222, 284, 251, 19, 2.63%, 0, 0, 6, 14.50
1701493142, 0, 222, 285, 252, 19, 2.63%, 0, 0, 6, 13.37
1701493771, 0, 222, 287, 254, 19, 2.63%, 0, 0, 6, 14.08
1701493776, 0, 222, 288, 255, 19, 2.63%, 0, 0, 6, 15.21
1701493781, 0, 222, 289, 256, 19, 2.63%, 0, 0, 6, 13.17
1701493791, 0, 222, 290, 257, 19, 2.64%, 0, 0, 6, 14.51
1701493796, 0, 222, 291, 258, 19, 2.64%, 0, 0, 6, 17.49
1701493812, 0, 222, 293, 260, 19, 2.64%, 0, 0, 6, 18.46
1701493822, 0, 222, 294, 261, 19, 2.64%, 0, 0, 6, 20.19
1701493842, 0, 222, 295, 262, 19, 2.64%, 0, 0, 6, 16.13
1701493863, 0, 222, 296, 263, 19, 2.64%, 0, 0, 6, 13.87
1701493883, 0, 222, 297, 264, 19, 2.64%, 0, 0, 6, 12.20
1701493888, 0, 222, 298, 265, 19, 2.64%, 0, 0, 6, 11.01
1701493899, 0, 222, 299, 266, 19, 2.64%, 0, 0, 6, 12.95
1701493929, 0, 223, 299, 265, 22, 2.64%, 0, 0, 6, 15.86
1701494062, 0, 223, 300, 266, 22, 2.64%, 0, 0, 6, 16.49
1701495058, 0, 223, 301, 267, 22, 2.64%, 0, 0, 6, 17.02
1701495068, 0, 226, 301, 266, 23, 2.64%, 0, 0, 6, 17.10
1701495135, 0, 226, 302, 267, 23, 2.64%, 0, 0, 6, 18.21
1701495145, 0, 226, 303, 268, 23, 2.64%, 0, 0, 6, 17.74
1701495207, 0, 226, 304, 269, 23, 2.64%, 0, 0, 6, 16.45
1701495274, 0, 226, 306, 271, 23, 2.64%, 0, 0, 6, 16.23
1701495279, 0, 226, 307, 272, 23, 2.64%, 0, 0, 6, 14.52
1701495289, 0, 226, 308, 273, 23, 2.64%, 0, 0, 6, 17.21
1701495294, 0, 226, 309, 274, 23, 2.64%, 0, 0, 6, 15.65
1701495305, 0, 226, 311, 276, 23, 2.64%, 0, 0, 6, 18.82
1701495602, 0, 226, 312, 277, 23, 2.64%, 0, 0, 6, 19.83
1701495607, 0, 226, 313, 278, 23, 2.64%, 0, 0, 6, 20.12
1701495612, 0, 226, 314, 279, 23, 2.64%, 0, 0, 6, 20.25
1701495648, 0, 226, 317, 282, 23, 2.64%, 0, 0, 6, 18.12
1701495894, 0, 226, 318, 283, 23, 2.64%, 0, 0, 6, 13.96
1701496129, 0, 226, 320, 285, 23, 2.64%, 0, 0, 6, 19.12
1701496205, 0, 226, 321, 286, 23, 2.64%, 0, 0, 6, 12.31
1701496216, 0, 226, 322, 287, 23, 2.64%, 0, 0, 6, 12.26
1701496226, 0, 226, 324, 289, 23, 2.64%, 0, 0, 6, 15.68
1701496231, 0, 226, 325, 290, 23, 2.64%, 0, 0, 6, 16.31
1701496246, 0, 226, 327, 292, 23, 2.64%, 0, 0, 6, 13.28
1701496257, 0, 226, 329, 294, 23, 2.64%, 0, 0, 6, 19.25
1701496272, 0, 226, 330, 295, 23, 2.64%, 0, 0, 6, 18.66
1701496287, 0, 226, 331, 296, 23, 2.64%, 0, 0, 6, 14.49
1701496303, 0, 226, 332, 297, 23, 2.64%, 0, 0, 6, 15.80
1701496308, 0, 226, 333, 298, 23, 2.64%, 0, 0, 6, 18.58
1701496313, 0, 226, 334, 299, 23, 2.64%, 0, 0, 6, 16.45
1701496328, 0, 226, 335, 300, 23, 2.64%, 0, 0, 6, 19.93
1701496343, 0, 226, 336, 301, 23, 2.64%, 0, 0, 6, 16.70
1701496349, 0, 226, 337, 302, 23, 2.64%, 0, 0, 6, 17.79
1701496359, 0, 226, 338, 303, 23, 2.64%, 0, 0, 6, 14.85
1701496364, 0, 226, 339, 304, 23, 2.64%, 0, 0, 6, 14.48
1701496374, 0, 226, 342, 307, 23, 2.64%, 0, 0, 6, 17.87
1701496411, 0, 226, 343, 308, 23, 2.64%, 0, 0, 6, 18.39
1701496416, 0, 227, 343, 307, 25, 2.64%, 0, 0, 6, 16.83
1701497545, 0, 228, 343, 306, 24, 2.64%, 0, 0, 6, 16.78
1701498717, 0, 228, 345, 308, 24, 2.64%, 0, 0, 6, 15.87
1701498727, 0, 228, 346, 309, 24, 2.64%, 0, 0, 6, 17.41
1701498753, 0, 228, 347, 310, 24, 2.64%, 0, 0, 6, 17.46
1701498763, 0, 228, 348, 311, 24, 2.64%, 0, 0, 6, 18.81
1701498768, 0, 228, 349, 312, 24, 2.64%, 0, 0, 6, 18.95
1701498773, 0, 228, 351, 314, 24, 2.64%, 0, 0, 6, 18.40
1701498854, 0, 228, 352, 315, 24, 2.64%, 0, 0, 6, 17.81
1701498865, 0, 228, 353, 316, 24, 2.64%, 0, 0, 6, 14.64
1701498885, 0, 228, 354, 317, 24, 2.64%, 0, 0, 6, 17.68
1701498890, 0, 228, 355, 318, 24, 2.64%, 0, 0, 6, 18.75
1701498906, 0, 230, 355, 317, 23, 2.64%, 0, 0, 6, 18.03
1701499034, 0, 230, 356, 318, 23, 2.65%, 0, 0, 6, 19.61
1701500063, 0, 234, 356, 317, 23, 2.65%, 0, 0, 6, 12.23
1701500144, 0, 234, 357, 318, 23, 2.66%, 0, 0, 6, 17.24
1701500216, 0, 234, 358, 319, 23, 2.66%, 0, 0, 6, 14.05
1701500287, 0, 234, 359, 320, 23, 2.67%, 0, 0, 6, 15.22
1701500631, 0, 234, 360, 321, 23, 2.67%, 0, 0, 6, 16.79
1701501169, 0, 234, 361, 322, 23, 2.67%, 0, 0, 6, 16.97
1701501174, 0, 234, 362, 323, 23, 2.67%, 0, 0, 6, 17.88
1701501189, 0, 234, 363, 324, 23, 2.69%, 0, 0, 6, 15.63
1701501200, 0, 234, 364, 325, 23, 2.69%, 0, 0, 6, 14.52
1701501210, 0, 234, 365, 326, 23, 2.69%, 0, 0, 6, 13.69
1701501230, 0, 234, 366, 327, 23, 2.69%, 0, 0, 6, 16.74
1701501266, 0, 234, 367, 328, 23, 2.69%, 0, 0, 6, 17.61
1701501271, 0, 234, 368, 329, 23, 2.69%, 0, 0, 6, 17.24
1701501363, 0, 234, 369, 330, 23, 2.69%, 0, 0, 6, 14.79
1701501389, 0, 235, 369, 329, 27, 2.69%, 0, 0, 6, 14.53
1701502493, 0, 247, 369, 328, 26, 2.69%, 0, 0, 6, 12.75
1701502509, 0, 247, 370, 329, 26, 2.69%, 0, 0, 6, 17.44
1701502514, 0, 247, 371, 330, 26, 2.69%, 0, 0, 6, 14.72
1701502519, 0, 247, 372, 331, 26, 2.69%, 0, 0, 6, 11.23
1701502524, 0, 247, 374, 333, 26, 2.69%, 0, 0, 6, 13.33
1701502529, 0, 247, 375, 334, 26, 2.69%, 0, 0, 6, 14.67
1701502534, 0, 247, 377, 336, 26, 2.69%, 0, 0, 6, 14.71
1701502539, 0, 247, 378, 337, 26, 2.69%, 0, 0, 6, 14.08
1701502550, 0, 247, 379, 338, 26, 2.69%, 0, 0, 6, 15.50
1701502560, 0, 247, 380, 339, 26, 2.69%, 0, 0, 6, 15.56
1701502580, 0, 247, 383, 342, 26, 2.69%, 0, 0, 6, 16.33
1701502606, 0, 247, 384, 343, 26, 2.69%, 0, 0, 6, 14.93
1701502647, 0, 247, 385, 344, 26, 2.69%, 0, 0, 6, 15.65
1701502693, 0, 247, 387, 346, 26, 2.69%, 0, 0, 6, 12.40
1701502821, 0, 247, 389, 348, 26, 2.69%, 0, 0, 6, 16.36
1701502841, 0, 247, 390, 349, 26, 2.69%, 0, 0, 6, 15.78
1701502846, 0, 247, 391, 350, 26, 2.69%, 0, 0, 6, 15.35
1701502857, 0, 247, 392, 351, 26, 2.69%, 0, 0, 6, 17.41
1701502872, 0, 247, 393, 352, 26, 2.69%, 0, 0, 6, 13.04
1701503123, 0, 247, 394, 353, 26, 2.69%, 0, 0, 6, 15.65
1701503845, 0, 247, 395, 354, 26, 2.69%, 0, 0, 6, 14.63
1701503865, 0, 247, 396, 355, 26, 2.69%, 0, 0, 6, 18.81
1701503870, 0, 247, 397, 356, 26, 2.69%, 0, 0, 6, 15.09
1701503875, 0, 247, 399, 358, 26, 2.69%, 0, 0, 6, 15.76
1701503881, 0, 247, 400, 359, 26, 2.69%, 0, 0, 6, 18.90
1701503886, 0, 247, 402, 361, 26, 2.69%, 0, 0, 6, 15.13
1701503891, 0, 247, 404, 363, 26, 2.69%, 0, 0, 6, 12.53
1701503901, 0, 247, 406, 365, 26, 2.69%, 0, 0, 6, 15.98
1701503906, 0, 247, 407, 366, 26, 2.69%, 0, 0, 6, 16.11
1701503927, 0, 247, 408, 367, 26, 2.69%, 0, 0, 6, 19.49
1701503932, 0, 247, 410, 369, 26, 2.69%, 0, 0, 6, 17.10
1701503937, 0, 247, 412, 371, 26, 2.69%, 0, 0, 6, 14.32
1701503952, 0, 247, 413, 372, 26, 2.69%, 0, 0, 6, 13.68
1701503962, 0, 247, 414, 373, 26, 2.69%, 0, 0, 6, 16.14
1701503968, 0, 247, 415, 374, 26, 2.69%, 0, 0, 6, 16.73
1701503973, 0, 247, 417, 376, 26, 2.69%, 0, 0, 6, 17.58
1701503988, 0, 247, 418, 377, 26, 2.69%, 0, 0, 6, 18.86
1701504070, 0, 252, 419, 377, 26, 2.69%, 0, 0, 6, 11.25
1701504561, 0, 252, 421, 379, 26, 2.69%, 0, 0, 7, 18.34
1701505175, 0, 252, 422, 380, 26, 2.69%, 0, 0, 7, 20.42
1701505180, 0, 252, 423, 381, 26, 2.69%, 0, 0, 7, 18.90
1701505215, 0, 273, 423, 380, 27, 2.69%, 0, 0, 7, 14.79
1701506296, 0, 281, 423, 379, 26, 2.69%, 0, 0, 7, 18.38
1701507468, 0, 281, 424, 380, 26, 2.69%, 0, 0, 7, 20.23
1701507484, 0, 282, 424, 379, 26, 2.69%, 0, 0, 7, 16.80
1701508687, 0, 282, 425, 380, 26, 2.69%, 0, 0, 7, 15.56
1701508707, 0, 283, 425, 379, 25, 2.69%, 0, 0, 7, 16.65
1701509934, 0, 283, 426, 380, 25, 2.69%, 0, 0, 7, 18.79
1701509945, 0, 284, 426, 379, 24, 2.69%, 0, 0, 7, 17.21
1701511148, 0, 284, 427, 380, 24, 2.69%, 0, 0, 7, 20.84
1701511168, 0, 287, 427, 379, 24, 2.69%, 0, 0, 7, 19.42
1701511229, 0, 287, 428, 380, 24, 2.69%, 0, 0, 7, 19.60
1701511234, 0, 287, 432, 384, 24, 2.69%, 0, 0, 7, 19.77
1701511240, 0, 287, 433, 385, 24, 2.69%, 0, 0, 7, 19.85
1701511372, 0, 287, 435, 387, 24, 2.69%, 0, 0, 7, 17.28
1701511377, 0, 287, 437, 389, 24, 2.69%, 0, 0, 7, 18.38
1701511383, 0, 287, 441, 393, 24, 2.69%, 0, 0, 7, 18.58
1701511772, 0, 287, 442, 394, 24, 2.69%, 0, 0, 7, 16.48
1701511824, 0, 287, 443, 395, 24, 2.69%, 0, 0, 7, 13.40
1701511829, 0, 287, 444, 396, 24, 2.69%, 0, 0, 7, 12.01
1701511854, 0, 287, 445, 397, 24, 2.69%, 0, 0, 7, 13.96
1701511870, 0, 287, 446, 398, 24, 2.69%, 0, 0, 7, 16.56
1701512708, 0, 289, 446, 397, 23, 2.69%, 0, 0, 7, 14.02
1701512724, 0, 289, 447, 398, 23, 2.69%, 0, 0, 7, 15.42
1701512775, 0, 289, 448, 399, 23, 2.69%, 0, 0, 7, 13.33
1701512801, 0, 289, 449, 400, 23, 2.69%, 0, 0, 7, 17.22
1701512882, 0, 289, 450, 401, 23, 2.69%, 0, 0, 7, 14.84
1701513762, 0, 289, 451, 402, 23, 2.69%, 0, 0, 7, 16.83
1701513772, 0, 289, 452, 403, 23, 2.69%, 0, 0, 7, 19.10
1701513777, 0, 289, 454, 405, 23, 2.79%, 0, 0, 7, 18.07
1701513788, 0, 289, 455, 406, 23, 2.79%, 0, 0, 7, 19.76
1701513803, 0, 289, 456, 407, 23, 2.82%, 0, 0, 7, 19.50
1701513818, 0, 289, 457, 408, 23, 2.82%, 0, 0, 7, 18.06
1701513828, 0, 289, 458, 409, 23, 2.82%, 0, 0, 7, 15.37
1701513838, 0, 289, 459, 410, 23, 2.82%, 0, 0, 7, 13.43
1701513849, 0, 289, 460, 411, 23, 2.82%, 0, 0, 7, 11.99
1701513854, 0, 289, 461, 412, 23, 2.82%, 0, 0, 7, 12.66
1701513874, 0, 289, 462, 413, 23, 2.82%, 0, 0, 7, 18.44
1701513885, 0, 289, 463, 414, 23, 2.82%, 0, 0, 7, 18.31
1701513890, 0, 289, 464, 415, 23, 2.82%, 0, 0, 7, 15.39
1701513910, 0, 289, 465, 416, 23, 2.82%, 0, 0, 7, 17.93
1701513920, 0, 289, 466, 417, 23, 2.82%, 0, 0, 7, 16.38
1701513926, 0, 289, 467, 418, 23, 2.82%, 0, 0, 7, 17.27
1701513936, 0, 289, 468, 419, 23, 2.82%, 0, 0, 7, 13.66
1701513956, 0, 295, 468, 418, 23, 2.82%, 0, 0, 7, 14.47
1701513982, 0, 295, 469, 419, 23, 2.82%, 0, 0, 7, 16.06
1701514212, 0, 295, 470, 420, 23, 2.82%, 0, 0, 7, 15.35
1701514492, 0, 302, 470, 419, 23, 2.82%, 0, 0, 7, 12.95
1701515804, 0, 302, 471, 420, 23, 2.82%, 0, 0, 7, 16.80
1701515830, 0, 312, 471, 419, 22, 2.82%, 0, 0, 7, 10.66
1701517001, 0, 314, 471, 418, 21, 2.82%, 0, 0, 7, 16.80
1701518167, 0, 332, 471, 417, 20, 2.82%, 0, 0, 7, 18.21
1701519237, 0, 332, 472, 418, 20, 2.82%, 0, 0, 7, 13.81
1701519268, 0, 355, 472, 417, 19, 2.82%, 0, 0, 7, 11.97
1701519349, 0, 355, 473, 418, 19, 2.83%, 0, 0, 7, 12.43
1701519436, 0, 355, 475, 420, 19, 2.84%, 0, 0, 7, 17.07
1701519441, 0, 355, 476, 421, 19, 2.84%, 0, 0, 7, 15.83
1701519524, 0, 355, 477, 422, 19, 2.84%, 0, 0, 7, 13.13
1701520434, 0, 357, 477, 421, 21, 2.84%, 0, 0, 7, 17.99
1701520501, 0, 357, 479, 423, 21, 2.85%, 0, 0, 7, 12.81
1701520965, 0, 357, 480, 424, 21, 2.85%, 0, 0, 7, 13.71
1701520976, 0, 357, 482, 426, 21, 2.85%, 0, 0, 7, 14.90
1701520996, 0, 357, 483, 427, 21, 2.86%, 0, 0, 7, 13.60
1701521662, 0, 357, 484, 428, 21, 2.86%, 0, 0, 7, 18.28
1701521678, 0, 359, 484, 427, 25, 2.86%, 0, 0, 7, 15.77
1701522775, 0, 359, 485, 428, 25, 2.86%, 0, 0, 7, 19.01
1701522790, 0, 362, 485, 427, 24, 2.86%, 0, 0, 7, 17.13
1701523188, 0, 362, 486, 428, 24, 2.86%, 0, 0, 7, 12.87
1701523214, 0, 362, 487, 429, 24, 2.87%, 0, 0, 7, 16.65
1701523280, 0, 362, 488, 430, 24, 2.87%, 0, 0, 7, 17.54
1701523771, 0, 362, 489, 431, 24, 2.87%, 0, 0, 7, 18.62
1701523792, 0, 373, 489, 430, 26, 2.87%, 0, 0, 7, 15.38
1701525123, 0, 373, 490, 431, 26, 2.87%, 0, 0, 7, 15.66
1701525138, 0, 373, 491, 432, 26, 2.87%, 0, 0, 7, 18.43
1701525153, 0, 373, 492, 433, 26, 2.87%, 0, 0, 7, 17.61
1701525179, 0, 373, 493, 434, 26, 2.87%, 0, 0, 7, 12.55
1701525189, 0, 373, 494, 435, 26, 2.87%, 0, 0, 7, 13.61
1701525219, 0, 373, 495, 436, 26, 2.87%, 0, 0, 7, 18.75
1701525235, 0, 373, 496, 437, 26, 2.87%, 0, 0, 7, 17.37
1701525255, 0, 373, 497, 438, 26, 2.87%, 0, 0, 7, 18.36
1701525276, 0, 373, 498, 439, 26, 2.87%, 0, 0, 7, 16.70
1701525281, 0, 373, 499, 440, 26, 2.87%, 0, 0, 7, 13.39
1701525327, 0, 376, 499, 439, 26, 2.87%, 0, 0, 7, 14.95
1701525670, 0, 376, 500, 440, 26, 2.87%, 0, 0, 7, 11.09
1701525793, 0, 376, 501, 441, 26, 2.87%, 0, 0, 7, 17.03
1701525952, 0, 376, 502, 442, 26, 2.87%, 0, 0, 7, 15.88
1701526710, 0, 376, 503, 443, 26, 2.87%, 0, 0, 7, 11.81
1701526731, 0, 378, 503, 442, 26, 2.87%, 0, 0, 7, 19.09
1701528061, 0, 383, 503, 441, 25, 2.87%, 0, 0, 7, 15.74
1701529478, 0, 390, 503, 440, 24, 2.87%, 0, 0, 7, 12.89
1701530432, 0, 413, 503, 439, 23, 2.87%, 0, 0, 7, 15.54
1701530868, 0, 413, 504, 440, 23, 2.87%, 0, 0, 7, 15.45
1701530878, 0, 416, 504, 439, 22, 2.87%, 0, 0, 7, 17.70
1701531114, 0, 416, 505, 440, 22, 2.87%, 0, 0, 7, 16.52
1701531211, 0, 416, 506, 441, 22, 2.87%, 0, 0, 7, 10.92
1701532241, 0, 416, 507, 442, 22, 2.87%, 0, 0, 7, 15.73
1701532261, 0, 416, 508, 443, 22, 2.87%, 0, 0, 7, 14.91
1701532267, 0, 416, 509, 444, 22, 2.87%, 0, 0, 7, 15.54
1701532272, 0, 416, 510, 445, 22, 2.87%, 0, 0, 7, 13.50
1701532328, 0, 416, 511, 446, 22, 2.87%, 0, 0, 7, 12.25
1701532333, 0, 416, 512, 447, 22, 2.87%, 0, 0, 7, 11.88
1701532343, 0, 416, 513, 448, 22, 2.87%, 0, 0, 7, 14.52
1701532359, 0, 416, 514, 449, 22, 2.87%, 0, 0, 7, 19.49
1701532369, 0, 416, 515, 450, 22, 2.87%, 0, 0, 7, 14.07
1701532384, 0, 416, 516, 451, 22, 2.87%, 0, 0, 7, 18.33
1701532425, 0, 416, 517, 452, 22, 2.87%, 0, 0, 7, 16.57
1701532456, 0, 416, 518, 453, 22, 2.87%, 0, 0, 7, 10.00
1701532492, 0, 421, 518, 452, 23, 2.87%, 0, 0, 7, 12.68
1701532660, 0, 421, 519, 453, 23, 2.87%, 0, 0, 8, 16.53
1701533163, 0, 421, 520, 454, 23, 2.88%, 0, 0, 8, 10.41
1701534286, 0, 421, 521, 455, 23, 2.88%, 0, 0, 8, 15.18
1701534291, 0, 421, 522, 456, 23, 2.88%, 0, 0, 8, 16.05
1701534327, 0, 421, 523, 457, 23, 2.88%, 0, 0, 8, 13.28
1701534388, 0, 423, 523, 456, 23, 2.88%, 0, 0, 8, 15.68
1701534972, 0, 423, 524, 457, 23, 2.88%, 0, 0, 8, 17.27
1701534987, 0, 426, 524, 456, 22, 2.88%, 0, 0, 8, 13.15
1701535667, 0, 426, 525, 457, 22, 2.88%, 0, 0, 8, 15.09
1701535678, 0, 426, 526, 458, 22, 2.88%, 0, 0, 8, 18.64
1701535698, 0, 429, 526, 457, 21, 2.88%, 0, 0, 8, 13.48
1701537306, 0, 455, 526, 456, 20, 2.88%, 0, 0, 8, 0.62
1701537326, 0, 455, 528, 458, 20, 2.88%, 0, 0, 8, 12.59
1701537336, 0, 455, 530, 460, 20, 2.88%, 0, 0, 8, 15.64
1701537342, 0, 455, 531, 461, 20, 2.88%, 0, 0, 8, 15.02
1701537506, 0, 455, 532, 462, 20, 2.88%, 0, 0, 8, 9.99
1701537577, 0, 455, 533, 463, 20, 2.88%, 0, 0, 8, 12.37
1701537654, 0, 455, 535, 465, 20, 2.88%, 0, 0, 8, 16.03
1701538157, 0, 455, 536, 466, 20, 2.88%, 0, 0, 8, 11.81
1701538182, 0, 455, 537, 467, 20, 2.88%, 0, 0, 8, 14.17
1701539130, 0, 455, 538, 468, 20, 2.88%, 0, 0, 8, 12.64
1701539135, 0, 455, 539, 469, 20, 2.88%, 0, 0, 8, 10.84
1701539151, 0, 455, 540, 470, 20, 2.88%, 0, 0, 8, 16.08
1701539166, 0, 455, 541, 471, 20, 2.88%, 0, 0, 8, 13.95
1701539181, 0, 455, 543, 473, 20, 2.89%, 0, 0, 8, 17.76
1701539197, 0, 455, 544, 474, 20, 2.89%, 0, 0, 8, 17.15
1701539202, 0, 455, 545, 475, 20, 2.89%, 0, 0, 8, 16.33
1701539207, 0, 455, 546, 476, 20, 2.89%, 0, 0, 8, 16.86
1701539212, 0, 455, 547, 477, 20, 2.89%, 0, 0, 8, 13.23
1701539238, 0, 455, 549, 479, 20, 2.89%, 0, 0, 8, 15.64
1701539258, 0, 455, 551, 481, 20, 2.89%, 0, 0, 8, 13.43
1701539279, 0, 455, 552, 482, 20, 2.89%, 0, 0, 8, 14.89
1701539289, 0, 455, 553, 483, 20, 2.89%, 0, 0, 8, 13.73
1701539320, 0, 455, 554, 484, 20, 2.89%, 0, 0, 8, 13.07
1701539361, 0, 455, 556, 486, 20, 2.89%, 0, 0, 8, 10.34
1701539366, 0, 468, 556, 485, 23, 2.89%, 0, 0, 8, 9.20
1701539616, 0, 468, 557, 486, 23, 2.89%, 0, 0, 8, 15.38
1701539902, 0, 468, 558, 487, 23, 2.89%, 0, 0, 8, 17.02
1701539923, 0, 472, 558, 486, 22, 2.89%, 0, 0, 8, 14.02
1701540057, 0, 472, 560, 488, 22, 2.89%, 0, 0, 8, 14.90
1701541063, 0, 473, 560, 487, 22, 2.89%, 0, 0, 8, 16.53
1701541207, 0, 473, 561, 488, 22, 2.89%, 0, 0, 8, 12.22
1701542220, 0, 473, 562, 489, 22, 2.90%, 0, 0, 8, 19.12
1701542230, 0, 474, 562, 488, 22, 2.90%, 0, 0, 8, 18.08
1701543308, 0, 477, 562, 487, 21, 2.90%, 0, 0, 8, 16.91
1701543446, 0, 477, 563, 488, 21, 2.90%, 0, 0, 8, 15.04
1701544524, 0, 477, 564, 489, 21, 2.90%, 0, 0, 8, 17.36
1701544535, 0, 477, 565, 490, 21, 2.90%, 0, 0, 8, 15.00
1701544581, 0, 478, 565, 489, 20, 2.90%, 0, 0, 8, 11.57
1701545882, 0, 478, 567, 491, 20, 2.90%, 0, 0, 8, 18.77
1701545887, 0, 478, 568, 492, 20, 2.90%, 0, 0, 8, 17.62
1701545892, 0, 478, 569, 493, 20, 2.90%, 0, 0, 8, 16.44
1701545933, 0, 478, 570, 494, 20, 2.90%, 0, 0, 8, 17.36
1701545948, 0, 478, 571, 495, 20, 2.90%, 0, 0, 8, 13.52
1701546087, 0, 480, 571, 494, 19, 2.90%, 0, 0, 8, 12.81
1701547377, 0, 482, 571, 493, 18, 2.90%, 0, 0, 8, 14.36
1701547955, 0, 482, 572, 494, 18, 2.90%, 0, 0, 8, 12.25
1701548568, 0, 482, 573, 495, 18, 2.90%, 0, 0, 8, 14.49
1701548589, 0, 485, 573, 494, 18, 2.90%, 0, 0, 8, 14.26
1701549686, 0, 485, 574, 495, 18, 2.90%, 0, 0, 8, 14.93
1701549701, 0, 486, 574, 494, 18, 2.90%, 0, 0, 8, 15.69
1701550719, 0, 486, 575, 495, 18, 2.90%, 0, 0, 8, 17.58
1701550729, 0, 486, 576, 496, 18, 2.90%, 0, 0, 8, 18.11
1701550739, 0, 486, 577, 497, 18, 2.90%, 0, 0, 8, 18.08
1701550770, 0, 486, 578, 498, 18, 2.90%, 0, 0, 8, 15.84
1701550785, 0, 486, 579, 499, 18, 2.90%, 0, 0, 8, 17.06
1701550790, 0, 486, 580, 500, 18, 2.90%, 0, 0, 8, 19.39
1701550841, 0, 486, 581, 501, 18, 2.90%, 0, 0, 8, 19.60
1701550908, 0, 487, 581, 500, 18, 2.90%, 0, 0, 8, 17.25
1701551952, 0, 487, 582, 501, 18, 2.90%, 0, 0, 8, 18.77
1701551973, 0, 500, 582, 500, 17, 2.90%, 0, 0, 8, 17.71
1701552146, 0, 500, 583, 501, 17, 2.90%, 0, 0, 8, 18.06
1701553258, 0, 501, 583, 500, 16, 2.90%, 0, 0, 8, 19.49
1701554634, 0, 508, 583, 499, 15, 2.90%, 0, 0, 8, 8.19
1701554681, 0, 508, 584, 500, 15, 2.90%, 0, 0, 8, 13.20
1701554742, 0, 508, 585, 501, 15, 2.90%, 0, 0, 8, 12.52
1701555126, 0, 508, 586, 502, 15, 2.90%, 0, 0, 8, 10.27
1701555663, 0, 518, 586, 501, 14, 2.90%, 0, 0, 8, 16.39
1701557322, 0, 519, 586, 500, 13, 2.90%, 0, 0, 8, 13.45
1701559049, 0, 521, 586, 499, 12, 2.90%, 0, 0, 8, 16.54
1701559378, 0, 521, 587, 500, 12, 2.90%, 0, 0, 9, 11.88
1701560159, 0, 521, 588, 501, 12, 2.90%, 0, 0, 9, 16.94
1701560174, 0, 521, 589, 502, 12, 2.90%, 0, 0, 9, 13.04
1701560205, 0, 521, 590, 503, 12, 2.90%, 0, 0, 9, 16.78
1701560292, 0, 525, 590, 502, 12, 2.90%, 0, 0, 9, 16.34
1701560302, 0, 525, 591, 503, 12, 2.90%, 0, 0, 9, 13.03
1701560338, 0, 525, 592, 504, 12, 2.90%, 0, 0, 9, 13.61
1701560445, 0, 525, 593, 505, 12, 2.90%, 0, 0, 9, 12.37
1701560839, 0, 529, 593, 504, 11, 2.90%, 0, 0, 9, 13.89
1701561592, 0, 535, 593, 503, 10, 2.90%, 0, 0, 9, 1.76
1701562330, 0, 535, 594, 504, 10, 2.90%, 0, 0, 9, 15.86
1701563349, 0, 535, 595, 505, 10, 2.90%, 0, 0, 9, 15.24
1701563354, 0, 535, 596, 506, 10, 2.90%, 0, 0, 9, 14.01
1701563370, 0, 535, 597, 507, 10, 2.90%, 0, 0, 9, 18.07
1701563375, 0, 535, 598, 508, 10, 2.90%, 0, 0, 9, 14.71
1701563420, 0, 535, 599, 509, 10, 2.90%, 0, 0, 9, 12.57
1701563487, 0, 535, 600, 510, 10, 2.90%, 0, 0, 9, 15.86
1701563492, 0, 535, 601, 511, 10, 2.90%, 0, 0, 9, 17.39
1701563503, 0, 541, 601, 510, 9, 2.90%, 0, 0, 9, 14.69
1701565195, 0, 541, 603, 512, 9, 2.90%, 0, 0, 9, 15.25
1701565225, 0, 541, 604, 513, 9, 2.90%, 0, 0, 9, 14.80
1701565251, 0, 541, 605, 514, 9, 2.90%, 0, 0, 9, 11.57
1701565282, 0, 541, 606, 515, 9, 2.90%, 0, 0, 9, 17.16
1701565307, 0, 541, 607, 516, 9, 2.90%, 0, 0, 9, 12.01
1701565364, 0, 558, 607, 515, 8, 2.90%, 0, 0, 9, 11.54
1701565446, 0, 558, 608, 516, 8, 2.91%, 0, 0, 9, 12.69
1701566576, 0, 561, 608, 515, 8, 2.91%, 0, 0, 9, 13.29
1701568033, 0, 562, 608, 514, 7, 2.91%, 0, 0, 9, 16.60
1701569354, 0, 562, 609, 515, 7, 2.91%, 0, 0, 9, 12.46
1701569380, 0, 571, 609, 514, 6, 2.91%, 0, 0, 9, 14.87
1701570608, 0, 571, 610, 515, 6, 2.91%, 0, 0, 9, 15.87
1701570618, 0, 571, 611, 516, 6, 2.91%, 0, 0, 9, 18.92
1701570644, 0, 571, 612, 517, 6, 2.91%, 0, 0, 9, 18.63
1701570731, 0, 571, 613, 518, 6, 2.91%, 0, 0, 9, 16.16
1701570761, 0, 573, 613, 517, 6, 2.91%, 0, 0, 9, 16.03
1701571349, 0, 573, 614, 518, 6, 2.91%, 0, 0, 9, 13.26
1701571774, 0, 573, 615, 519, 6, 2.91%, 0, 0, 9, 15.75
1701571815, 0, 578, 615, 518, 5, 2.91%, 0, 0, 9, 18.38
1701573073, 0, 578, 616, 519, 5, 2.91%, 0, 0, 9, 13.35
1701573120, 0, 593, 616, 518, 4, 2.91%, 0, 0, 9, 11.72
1701574729, 0, 606, 616, 517, 3, 2.91%, 0, 0, 9, 6.86
1701574755, 0, 606, 617, 518, 3, 2.91%, 0, 0, 10, 9.50
1701574786, 0, 606, 618, 519, 3, 2.91%, 0, 0, 10, 10.67
1701574796, 0, 606, 619, 520, 3, 2.91%, 0, 0, 10, 9.86
1701574827, 0, 606, 620, 521, 3, 2.91%, 0, 0, 10, 12.06
1701574832, 0, 606, 622, 523, 3, 2.91%, 0, 0, 10, 9.23
1701574842, 0, 606, 623, 524, 3, 2.91%, 0, 0, 10, 11.27
1701574863, 0, 606, 624, 525, 3, 2.91%, 0, 0, 10, 8.54
1701575136, 0, 606, 625, 526, 3, 2.91%, 0, 0, 10, 10.06
1701575218, 0, 606, 626, 527, 3, 2.91%, 0, 0, 10, 8.28
1701575316, 0, 606, 627, 528, 3, 2.91%, 0, 0, 10, 8.50
1701576137, 0, 606, 629, 530, 3, 2.91%, 0, 0, 10, 9.49
1701577272, 0, 606, 630, 531, 3, 2.91%, 0, 0, 10, 9.57
1701577600, 0, 606, 631, 532, 3, 2.91%, 0, 0, 10, 9.82
1701577605, 0, 606, 633, 534, 3, 2.91%, 0, 0, 10, 8.84
1701577625, 0, 606, 634, 535, 3, 2.91%, 0, 0, 10, 8.93
1701577646, 0, 606, 635, 536, 3, 2.91%, 0, 0, 10, 11.85
1701577651, 0, 606, 636, 537, 3, 2.91%, 0, 0, 10, 10.49
1701577682, 0, 606, 637, 538, 3, 2.91%, 0, 0, 10, 12.02
1701577702, 0, 606, 638, 539, 3, 2.91%, 0, 0, 10, 13.32
1701577707, 0, 606, 639, 540, 3, 2.91%, 0, 0, 10, 12.79
1701577718, 0, 606, 640, 541, 3, 2.91%, 0, 0, 10, 11.55
1701577723, 0, 606, 641, 542, 3, 2.91%, 0, 0, 10, 10.87
1701577728, 0, 606, 642, 543, 3, 2.91%, 0, 0, 10, 13.17
1701577764, 0, 607, 642, 542, 3, 2.91%, 0, 0, 10, 12.83
1701578951, 0, 607, 643, 543, 3, 2.91%, 0, 0, 10, 17.88
1701578966, 0, 607, 644, 544, 3, 2.91%, 0, 0, 10, 17.93
1701579007, 0, 611, 644, 543, 3, 2.91%, 0, 0, 10, 9.37
1701579059, 0, 611, 645, 544, 3, 2.91%, 0, 0, 10, 11.98
1701579480, 0, 611, 646, 545, 3, 2.91%, 0, 0, 10, 12.13
1701579505, 0, 611, 647, 546, 3, 2.91%, 0, 0, 10, 10.47
1701580069, 0, 611, 648, 547, 3, 2.91%, 0, 0, 10, 16.04
1701580100, 0, 643, 648, 546, 5, 2.91%, 0, 0, 10, 1.76
1701580253, 0, 643, 649, 547, 5, 2.91%, 0, 0, 11, 14.19
1701581734, 0, 644, 649, 546, 4, 2.91%, 0, 0, 11, 10.91
1701581764, 0, 644, 650, 547, 4, 2.91%, 0, 0, 11, 11.44
1701582820, 0, 644, 651, 548, 4, 2.91%, 0, 0, 11, 16.10
1701582825, 0, 644, 652, 549, 4, 2.91%, 0, 0, 11, 14.96
1701582871, 0, 645, 652, 548, 4, 2.91%, 0, 0, 11, 17.00
1701583045, 0, 645, 653, 549, 4, 2.91%, 0, 0, 11, 9.54
1701584052, 0, 646, 653, 548, 3, 2.91%, 0, 0, 11, 14.29
1701585112, 0, 650, 653, 547, 2, 2.91%, 0, 0, 11, 14.81
1701586165, 0, 650, 654, 548, 2, 2.91%, 0, 0, 12, 15.51
1701586203, 1, 97, 654, 547, 1, 2.91%, 0, 0, 12, 0.66
1701586694, 1, 101, 654, 546, 0, 2.91%, 0, 0, 12, 14.19
1701586699, 1, 106, 654, 546, 0, 2.91%, 0, 0, 12, 14.15
1701587922, 1, 106, 655, 547, 0, 2.91%, 0, 0, 12, 12.28
1701587937, 1, 106, 656, 548, 0, 2.91%, 0, 0, 12, 12.49
1701587953, 1, 111, 656, 547, 0, 2.91%, 0, 0, 12, 17.54
1701588581, 1, 116, 656, 546, 0, 2.91%, 0, 0, 12, 12.05
1701589277, 1, 117, 656, 545, 0, 2.91%, 0, 0, 12, 20.27
1701590310, 1, 120, 656, 544, 0, 2.91%, 0, 0, 12, 13.55
1701591466, 1, 120, 657, 545, 0, 2.91%, 0, 0, 12, 17.25
1701591477, 1, 120, 658, 546, 0, 2.91%, 0, 0, 12, 16.78
1701591492, 1, 129, 658, 545, 0, 2.91%, 0, 0, 12, 15.91
1701592020, 1, 131, 658, 544, 0, 2.91%, 0, 0, 12, 17.83
1701592907, 1, 131, 659, 545, 0, 2.91%, 0, 0, 12, 20.84
1701592912, 1, 136, 659, 544, 0, 2.91%, 0, 0, 12, 16.53
1701594154, 1, 137, 659, 543, 0, 2.91%, 0, 0, 12, 19.73
1701595058, 1, 139, 659, 542, 0, 2.91%, 0, 0, 12, 19.69
1701596138, 1, 143, 659, 541, 0, 2.91%, 0, 0, 12, 21.06
1701597124, 1, 144, 659, 540, 0, 2.91%, 0, 0, 12, 18.85
1701598264, 1, 145, 659, 539, 0, 2.91%, 0, 0, 12, 14.53
1701599052, 1, 151, 659, 538, 0, 2.91%, 0, 0, 12, 13.11
1701600030, 1, 153, 659, 537, 0, 2.91%, 0, 0, 12, 20.35
1701600198, 1, 153, 660, 538, 0, 2.91%, 0, 0, 12, 21.80
1701600772, 1, 154, 660, 537, 0, 2.91%, 0, 0, 12, 19.33
1701601862, 1, 156, 660, 536, 0, 2.91%, 0, 0, 12, 13.29
1701601867, 1, 160, 660, 536, 0, 2.91%, 0, 0, 12, 12.62
1701602579, 1, 161, 660, 535, 0, 2.91%, 0, 0, 12, 20.03
1701603005, 1, 172, 660, 534, 0, 2.91%, 0, 0, 12, 15.57
1701603809, 1, 175, 660, 533, 0, 2.91%, 0, 0, 12, 16.18
1701603814, 1, 180, 660, 533, 0, 2.91%, 0, 0, 12, 17.97
1701604754, 1, 182, 660, 532, 0, 2.91%, 0, 0, 12, 18.51
1701605347, 1, 185, 660, 531, 0, 2.91%, 0, 0, 12, 11.03
1701606456, 1, 185, 661, 532, 0, 2.91%, 0, 0, 12, 16.25
1701606482, 1, 189, 661, 531, 0, 2.91%, 0, 0, 12, 16.29
1701607361, 1, 190, 661, 530, 0, 2.91%, 0, 0, 12, 21.05
1701608226, 1, 200, 661, 529, 0, 2.91%, 0, 0, 12, 14.92
1701609270, 1, 200, 662, 530, 0, 2.91%, 0, 0, 12, 12.60
1701609291, 1, 200, 663, 531, 0, 2.91%, 0, 0, 12, 15.48
1701609321, 1, 200, 664, 532, 0, 2.91%, 0, 0, 12, 13.99
1701609337, 1, 200, 665, 533, 0, 2.91%, 0, 0, 12, 20.03
1701609440, 1, 200, 666, 534, 0, 2.91%, 0, 0, 12, 16.01
1701609465, 1, 203, 666, 533, 0, 2.91%, 0, 0, 12, 14.35
1701609470, 1, 203, 667, 534, 0, 2.91%, 0, 0, 12, 18.24
1701609475, 1, 216, 667, 534, 0, 2.91%, 0, 0, 12, 17.47
1701610590, 1, 224, 667, 533, 0, 2.91%, 0, 0, 12, 9.40
1701611730, 1, 231, 667, 532, 0, 2.91%, 0, 0, 12, 18.53
1701612861, 1, 240, 667, 531, 0, 2.91%, 0, 0, 12, 17.26
1701614033, 1, 240, 668, 532, 0, 2.91%, 0, 0, 12, 12.35
1701614059, 1, 249, 668, 531, 0, 2.91%, 0, 0, 12, 11.77
1701615234, 1, 259, 668, 530, 0, 2.91%, 0, 0, 12, 18.02
1701616068, 1, 261, 668, 529, 0, 2.91%, 0, 0, 12, 12.37
1701618164, 1, 261, 669, 530, 0, 2.91%, 0, 0, 12, 13.28
1701618184, 1, 264, 669, 529, 0, 2.91%, 0, 0, 12, 12.87
1701618287, 1, 265, 669, 528, 0, 2.91%, 0, 0, 12, 12.18
1701619947, 1, 268, 669, 527, 0, 2.91%, 0, 0, 12, 18.79
1701620044, 1, 270, 669, 526, 0, 2.91%, 0, 0, 12, 14.17
1701620810, 1, 272, 669, 525, 0, 2.91%, 0, 0, 12, 14.12
1701621312, 1, 273, 669, 524, 0, 2.91%, 0, 0, 12, 15.17
1701621317, 1, 277, 669, 524, 0, 2.91%, 0, 0, 12, 10.41
1701623284, 1, 279, 669, 523, 0, 2.91%, 0, 0, 12, 14.02
1701623376, 1, 279, 671, 525, 0, 2.91%, 0, 0, 12, 16.85
1701623381, 1, 279, 672, 526, 0, 2.91%, 0, 0, 12, 17.38
1701624142, 1, 279, 673, 527, 0, 2.91%, 0, 0, 12, 15.92
1701624165, 1, 355, 673, 526, 1, 2.91%, 0, 0, 12, 0.27
1701624170, 1, 355, 674, 527, 1, 2.91%, 0, 0, 12, 18.84
1701624175, 1, 383, 676, 529, 1, 2.91%, 0, 0, 12, 15.57
1701624185, 1, 383, 677, 530, 1, 2.91%, 0, 0, 12, 14.50
1701624216, 1, 671, 677, 530, 1, 2.91%, 0, 0, 12, 0.07
1701625044, 1, 671, 678, 531, 1, 2.91%, 0, 0, 12, 15.73
1701625091, 1, 672, 678, 530, 0, 2.91%, 0, 0, 12, 17.44
1701627306, 1, 674, 678, 529, 0, 2.91%, 0, 0, 12, 12.10
1701627901, 1, 674, 679, 530, 0, 2.91%, 0, 0, 12, 16.89
1701630469, 1, 674, 681, 532, 0, 2.91%, 0, 0, 12, 13.81
1701630495, 1, 674, 682, 533, 0, 2.91%, 0, 0, 12, 13.14
1701630546, 1, 674, 683, 534, 0, 2.91%, 0, 0, 12, 15.39
1701630551, 1, 674, 684, 535, 0, 2.91%, 0, 0, 12, 17.35
1701630556, 1, 674, 685, 536, 0, 2.91%, 0, 0, 12, 18.13
1701630582, 1, 674, 686, 537, 0, 2.91%, 0, 0, 12, 19.74
1701630592, 1, 674, 687, 538, 0, 2.91%, 0, 0, 12, 18.33
1701630607, 1, 674, 688, 539, 0, 2.91%, 0, 0, 12, 15.30
1701630612, 1, 674, 689, 540, 0, 2.91%, 0, 0, 12, 18.62
1701630643, 1, 674, 690, 541, 0, 2.91%, 0, 0, 12, 20.17
1701630658, 1, 674, 691, 542, 0, 2.92%, 0, 0, 12, 20.43
1701630663, 1, 674, 692, 543, 0, 2.92%, 0, 0, 12, 18.30
1701630668, 1, 674, 693, 544, 0, 2.92%, 0, 0, 12, 19.08
1701630674, 1, 674, 694, 545, 0, 2.92%, 0, 0, 12, 19.42
1701630709, 1, 674, 695, 546, 0, 2.92%, 0, 0, 12, 17.41
1701630714, 1, 674, 696, 547, 0, 2.92%, 0, 0, 12, 18.77
1701630724, 1, 674, 697, 548, 0, 2.92%, 0, 0, 12, 20.16
1701630729, 1, 684, 697, 547, 2, 2.92%, 0, 0, 12, 18.38
1701631363, 1, 684, 698, 548, 2, 2.93%, 0, 0, 12, 16.39
1701631808, 1, 684, 699, 549, 2, 2.93%, 0, 0, 12, 13.59
1701632060, 1, 684, 700, 550, 2, 2.95%, 0, 0, 12, 11.73
1701634376, 1, 684, 701, 551, 2, 2.95%, 0, 0, 12, 15.37
1701634468, 1, 684, 702, 552, 2, 2.95%, 0, 0, 12, 10.20
1701634473, 1, 684, 704, 554, 2, 2.95%, 0, 0, 12, 10.84
1701634504, 1, 684, 705, 555, 2, 2.95%, 0, 0, 12, 11.29
1701634519, 1, 684, 706, 556, 2, 2.95%, 0, 0, 12, 11.77
1701634565, 1, 684, 707, 557, 2, 2.96%, 0, 0, 12, 16.10
1701634570, 1, 684, 708, 558, 2, 2.96%, 0, 0, 12, 18.84
1701634595, 1, 684, 709, 559, 2, 2.96%, 0, 0, 12, 16.90
1701634600, 1, 684, 710, 560, 2, 2.96%, 0, 0, 12, 12.24
1701634610, 1, 684, 711, 561, 2, 2.96%, 0, 0, 12, 12.24
1701634651, 1, 690, 711, 560, 5, 2.96%, 0, 0, 12, 10.69
1701637132, 1, 690, 712, 561, 5, 2.96%, 0, 0, 12, 16.37
1701637137, 1, 690, 713, 562, 5, 2.96%, 0, 0, 12, 16.69
1701637152, 1, 690, 714, 563, 5, 2.96%, 0, 0, 12, 16.22
1701637173, 1, 690, 715, 564, 5, 2.96%, 0, 0, 12, 13.25
1701637183, 1, 690, 716, 565, 5, 2.96%, 0, 0, 12, 15.31
1701637188, 1, 690, 717, 566, 5, 2.96%, 0, 0, 12, 15.38
1701637250, 1, 690, 718, 567, 5, 2.96%, 0, 0, 12, 17.54
1701637296, 1, 690, 719, 568, 5, 2.96%, 0, 0, 12, 14.76
1701637301, 1, 697, 719, 567, 4, 2.96%, 0, 0, 12, 12.84
1701642446, 1, 697, 721, 569, 4, 2.96%, 0, 0, 12, 15.74
1701642451, 1, 697, 722, 570, 4, 2.96%, 0, 0, 12, 15.78
1701642461, 1, 697, 723, 571, 4, 2.96%, 0, 0, 12, 17.63
1701642466, 1, 697, 725, 573, 4, 2.96%, 0, 0, 12, 17.84
1701642477, 1, 697, 727, 575, 4, 2.96%, 0, 0, 12, 19.52
1701642492, 1, 697, 728, 576, 4, 2.96%, 0, 0, 12, 16.98
1701642497, 1, 697, 729, 577, 4, 2.96%, 0, 0, 12, 12.71
1701642554, 1, 697, 730, 578, 4, 2.96%, 0, 0, 12, 17.45
1701642595, 1, 697, 731, 579, 4, 2.96%, 0, 0, 12, 13.78
1701642605, 1, 699, 731, 578, 4, 2.96%, 0, 0, 12, 15.45
1701642656, 1, 699, 732, 579, 4, 2.96%, 0, 0, 12, 16.36
1701642748, 1, 699, 733, 580, 4, 2.96%, 0, 0, 12, 14.21
