# unix_time, cycles_done, cur_path, paths_total, pending_total, pending_favs, map_size, unique_crashes, unique_hangs, max_depth, execs_per_sec
1700597283, 0, 0, 1, 1, 1, 0.98%, 0, 0, 1, 25.97
1700597288, 0, 0, 10, 10, 1, 1.37%, 0, 0, 2, 3.40
1700597294, 0, 0, 14, 14, 1, 1.39%, 0, 0, 2, 3.32
1700597299, 0, 0, 18, 18, 1, 1.44%, 0, 0, 2, 5.90
1700597304, 0, 0, 21, 21, 1, 1.45%, 0, 0, 2, 7.85
1700597309, 0, 0, 22, 22, 1, 1.45%, 0, 0, 2, 6.21
1700597314, 0, 0, 24, 24, 1, 1.75%, 0, 0, 2, 6.33
1700597319, 0, 0, 26, 26, 1, 1.75%, 0, 0, 2, 6.56
1700597325, 0, 0, 27, 27, 1, 1.75%, 0, 0, 2, 4.98
1700597330, 0, 0, 29, 29, 1, 1.75%, 0, 0, 2, 5.81
1700597335, 0, 0, 32, 32, 1, 1.76%, 0, 0, 2, 7.21
1700597340, 0, 0, 34, 34, 1, 1.76%, 0, 0, 2, 6.75
1700597351, 0, 0, 35, 35, 1, 1.76%, 0, 0, 2, 12.82
1700597356, 0, 0, 37, 37, 1, 1.76%, 0, 0, 2, 2.43
1700597361, 0, 0, 38, 38, 1, 1.76%, 0, 0, 2, 4.12
1700597377, 0, 0, 40, 40, 1, 1.77%, 0, 0, 2, 5.55
1700597382, 0, 0, 42, 42, 1, 1.77%, 0, 0, 2, 6.64
1700597418, 0, 0, 44, 44, 1, 1.93%, 0, 0, 2, 4.96
1700597423, 0, 0, 45, 45, 1, 1.93%, 0, 0, 2, 4.52
1700597439, 0, 0, 47, 47, 1, 1.93%, 0, 0, 2, 5.36
1700597444, 0, 0, 48, 48, 1, 1.95%, 0, 0, 2, 4.62
1700597495, 0, 0, 49, 49, 1, 1.95%, 0, 0, 2, 4.50
1700597526, 0, 0, 50, 50, 1, 1.95%, 0, 0, 2, 4.61
1700597624, 0, 1, 50, 49, 11, 1.95%, 0, 0, 2, 2.92
1700597701, 0, 6, 50, 48, 10, 1.95%, 0, 0, 2, 17.31
1700597757, 0, 12, 50, 47, 9, 1.95%, 0, 0, 2, 16.45
1700597814, 0, 13, 50, 46, 8, 1.95%, 0, 0, 2, 17.21
1700597878, 0, 28, 50, 45, 6, 1.95%, 0, 0, 2, 0.91
1700597944, 0, 31, 50, 44, 5, 1.95%, 0, 0, 2, 15.65
1700597955, 0, 31, 51, 45, 5, 1.95%, 0, 0, 3, 13.08
1700597965, 0, 31, 53, 47, 5, 1.98%, 0, 0, 3, 13.33
1700597970, 0, 31, 54, 48, 5, 1.99%, 0, 0, 3, 12.73
1700598036, 0, 31, 55, 49, 5, 1.99%, 0, 0, 3, 12.92
1700598098, 0, 31, 56, 50, 5, 1.99%, 0, 0, 3, 12.93
1700598240, 0, 31, 57, 51, 5, 1.99%, 0, 0, 3, 13.30
1700598276, 0, 31, 59, 53, 5, 1.99%, 0, 0, 3, 13.10
1700598348, 0, 31, 60, 54, 5, 1.99%, 0, 0, 3, 12.38
1700598358, 0, 31, 61, 55, 5, 1.99%, 0, 0, 3, 11.39
1700598363, 0, 31, 62, 56, 5, 2.01%, 0, 0, 3, 11.24
1700598425, 0, 31, 63, 57, 5, 2.01%, 0, 0, 3, 11.43
1700598440, 0, 31, 64, 58, 5, 2.01%, 0, 0, 3, 11.25
1700598527, 0, 31, 66, 60, 5, 2.01%, 0, 0, 3, 11.44
1700598532, 0, 31, 67, 61, 5, 2.02%, 0, 0, 3, 11.52
1700598655, 0, 31, 68, 62, 5, 2.03%, 0, 0, 3, 11.20
1700598742, 0, 31, 69, 63, 5, 2.05%, 0, 0, 3, 11.25
1700599127, 0, 31, 70, 64, 5, 2.70%, 0, 0, 3, 10.73
1700599429, 0, 31, 71, 65, 5, 2.70%, 0, 0, 3, 11.19
1700599505, 0, 31, 72, 66, 5, 2.70%, 0, 0, 3, 11.58
1700599556, 0, 31, 74, 68, 5, 2.70%, 0, 0, 3, 11.41
1700599582, 0, 31, 75, 69, 5, 2.70%, 0, 0, 3, 11.15
1700599634, 0, 31, 76, 70, 5, 2.70%, 0, 0, 3, 11.47
1700599799, 0, 31, 77, 71, 5, 2.70%, 0, 0, 3, 11.41
1700599850, 0, 32, 77, 70, 17, 2.70%, 0, 0, 3, 12.51
1700599912, 0, 42, 77, 69, 16, 2.70%, 0, 0, 3, 1.29
1700600106, 0, 42, 79, 71, 16, 2.71%, 0, 0, 3, 13.89
1700600756, 0, 45, 79, 70, 15, 2.71%, 0, 0, 3, 12.40
1700601181, 0, 50, 79, 69, 14, 2.71%, 0, 0, 3, 11.73
1700601595, 0, 50, 80, 70, 14, 2.72%, 0, 0, 4, 11.73
1700601656, 0, 53, 80, 69, 14, 2.72%, 0, 0, 4, 10.67
1700602080, 0, 54, 80, 68, 13, 2.72%, 0, 0, 4, 10.99
1700602511, 0, 60, 80, 67, 12, 2.72%, 0, 0, 4, 1.81
1700602926, 0, 65, 80, 66, 11, 2.72%, 0, 0, 4, 10.94
1700602946, 0, 67, 80, 65, 10, 2.72%, 0, 0, 4, 10.83
1700603125, 0, 67, 81, 66, 10, 2.72%, 0, 0, 4, 13.65
1700603130, 0, 67, 82, 67, 10, 2.72%, 0, 0, 4, 14.15
1700603714, 0, 67, 84, 69, 10, 2.72%, 0, 0, 4, 10.99
1700603719, 0, 67, 85, 70, 10, 2.72%, 0, 0, 4, 11.18
1700603729, 0, 67, 86, 71, 10, 2.72%, 0, 0, 4, 11.47
1700603745, 0, 67, 87, 72, 10, 2.72%, 0, 0, 4, 11.44
1700603770, 0, 67, 88, 73, 10, 2.72%, 0, 0, 4, 11.11
1700603837, 0, 67, 89, 74, 10, 2.72%, 0, 0, 4, 11.06
1700603878, 0, 67, 90, 75, 10, 2.72%, 0, 0, 4, 10.31
1700603888, 0, 67, 91, 76, 10, 2.72%, 0, 0, 4, 10.97
1700603899, 0, 67, 92, 77, 10, 2.72%, 0, 0, 4, 10.95
1700604017, 0, 67, 93, 78, 10, 2.74%, 0, 0, 4, 11.58
1700604084, 0, 67, 94, 79, 10, 2.74%, 0, 0, 4, 11.64
1700604233, 0, 67, 95, 80, 10, 2.74%, 0, 0, 4, 11.91
1700604552, 0, 67, 96, 81, 10, 2.75%, 0, 0, 4, 11.74
1700604593, 0, 67, 97, 82, 10, 2.75%, 0, 0, 4, 11.86
1700604628, 0, 67, 98, 83, 10, 2.75%, 0, 0, 4, 11.38
1700604953, 0, 67, 99, 84, 10, 2.75%, 0, 0, 4, 11.30
1700605148, 0, 68, 99, 83, 14, 2.75%, 0, 0, 4, 11.76
1700605521, 0, 68, 100, 84, 14, 2.76%, 0, 0, 4, 11.43
1700605587, 0, 69, 100, 83, 14, 2.76%, 0, 0, 4, 10.99
1700605628, 0, 69, 101, 84, 14, 2.77%, 0, 0, 4, 11.12
1700605669, 0, 69, 102, 85, 14, 2.78%, 0, 0, 4, 11.61
1700605685, 0, 69, 104, 87, 14, 2.79%, 0, 0, 4, 11.37
1700605772, 0, 69, 105, 88, 14, 2.79%, 0, 0, 4, 11.31
1700605859, 0, 69, 106, 89, 14, 2.79%, 0, 0, 4, 11.72
1700605900, 0, 69, 107, 90, 14, 2.79%, 0, 0, 4, 11.49
1700605978, 0, 70, 107, 89, 17, 2.79%, 0, 0, 4, 10.09
1700606096, 0, 70, 108, 90, 17, 2.80%, 0, 0, 4, 12.83
1700606628, 0, 71, 108, 89, 17, 2.80%, 0, 0, 4, 11.39
1700607340, 0, 77, 108, 88, 16, 2.80%, 0, 0, 4, 13.45
1700607411, 0, 77, 109, 89, 16, 2.82%, 0, 0, 4, 13.99
1700607728, 0, 77, 110, 90, 16, 2.82%, 0, 0, 4, 14.20
1700607994, 0, 77, 113, 93, 16, 3.55%, 0, 0, 4, 11.35
1700608168, 0, 80, 113, 92, 20, 3.55%, 0, 0, 4, 11.07
1700608512, 0, 80, 114, 93, 20, 3.55%, 0, 0, 5, 13.75
1700608926, 0, 80, 115, 94, 20, 3.55%, 0, 0, 5, 11.57
1700608931, 0, 80, 116, 95, 20, 3.55%, 0, 0, 5, 12.01
1700608987, 0, 80, 117, 96, 20, 3.57%, 0, 0, 5, 11.60
1700609531, 0, 80, 118, 97, 20, 3.58%, 0, 0, 5, 11.80
1700610077, 0, 80, 119, 98, 20, 3.59%, 0, 0, 5, 11.73
1700610302, 0, 81, 119, 97, 21, 3.59%, 0, 0, 5, 11.44
1700611028, 0, 81, 120, 98, 21, 3.59%, 0, 0, 5, 11.91
1700611043, 0, 81, 121, 99, 21, 3.59%, 0, 0, 5, 11.91
1700611301, 0, 81, 122, 100, 21, 3.59%, 0, 0, 5, 11.81
1700611558, 0, 81, 123, 101, 21, 3.59%, 0, 0, 5, 11.72
1700611993, 0, 81, 124, 102, 21, 3.59%, 0, 0, 5, 11.53
1700612336, 0, 81, 125, 103, 21, 3.59%, 0, 0, 5, 11.76
1700612439, 0, 84, 125, 102, 23, 3.59%, 0, 0, 5, 11.46
1700612623, 0, 84, 126, 103, 23, 3.60%, 0, 0, 5, 14.23
1700613212, 0, 84, 127, 104, 23, 3.60%, 0, 0, 5, 11.64
1700613336, 0, 86, 127, 103, 23, 3.60%, 0, 0, 5, 14.63
1700614109, 0, 87, 127, 102, 22, 3.60%, 0, 0, 5, 11.34
1700614774, 0, 87, 128, 103, 22, 3.60%, 0, 0, 5, 11.89
1700614806, 0, 87, 129, 104, 22, 3.62%, 0, 0, 5, 12.06
1700615088, 0, 87, 130, 105, 22, 3.62%, 0, 0, 5, 11.42
1700615485, 0, 98, 130, 104, 21, 3.62%, 0, 0, 5, 0.45
1700615511, 0, 99, 130, 103, 20, 3.62%, 0, 0, 5, 10.58
1700615855, 0, 99, 131, 104, 20, 3.63%, 0, 0, 5, 14.72
1700616024, 0, 101, 131, 103, 20, 3.63%, 0, 0, 5, 11.22
1700616121, 0, 101, 132, 104, 20, 3.63%, 0, 0, 5, 11.79
1700616331, 0, 101, 133, 105, 20, 3.63%, 0, 0, 5, 11.78
1700616722, 0, 101, 134, 106, 20, 3.64%, 0, 0, 5, 11.17
1700616844, 0, 101, 135, 107, 20, 3.64%, 0, 0, 5, 11.28
1700616998, 0, 101, 136, 108, 20, 3.64%, 0, 0, 5, 11.15
1700617259, 0, 101, 137, 109, 20, 3.64%, 0, 0, 5, 11.23
1700617778, 0, 103, 137, 108, 20, 3.64%, 0, 0, 5, 11.10
1700617865, 0, 103, 138, 109, 20, 3.65%, 0, 0, 5, 11.36
1700618152, 0, 103, 139, 110, 20, 3.65%, 0, 0, 5, 11.33
1700618512, 0, 104, 139, 109, 21, 3.65%, 0, 0, 5, 11.66
1700618701, 0, 104, 140, 110, 21, 3.65%, 0, 0, 5, 12.08
1700619230, 0, 107, 140, 109, 21, 3.65%, 0, 0, 5, 1.46
1700619306, 0, 107, 141, 110, 21, 3.66%, 0, 0, 5, 13.31
1700619849, 0, 107, 142, 111, 21, 3.66%, 0, 0, 5, 12.44
1700619854, 0, 107, 143, 112, 21, 3.66%, 0, 0, 5, 11.92
1700619864, 0, 107, 144, 113, 21, 3.66%, 0, 0, 5, 11.83
1700619869, 0, 107, 145, 114, 21, 3.66%, 0, 0, 5, 11.69
1700620353, 0, 107, 146, 115, 21, 3.66%, 0, 0, 5, 11.76
1700621260, 0, 108, 146, 114, 21, 3.66%, 0, 0, 5, 11.51
1700622126, 0, 110, 146, 113, 20, 3.66%, 0, 0, 5, 10.71
1700622249, 0, 110, 147, 114, 20, 3.68%, 0, 0, 5, 11.35
1700622552, 0, 111, 147, 113, 19, 3.68%, 0, 0, 5, 10.72
1700622947, 0, 113, 147, 112, 18, 3.68%, 0, 0, 5, 11.26
1700623690, 0, 113, 148, 113, 18, 3.68%, 0, 0, 6, 11.71
1700623736, 0, 113, 149, 114, 18, 3.68%, 0, 0, 6, 12.28
1700624028, 0, 116, 149, 113, 17, 3.68%, 0, 0, 6, 11.71
1700624673, 0, 116, 150, 114, 17, 3.71%, 0, 0, 6, 11.92
1700625447, 0, 116, 151, 115, 17, 3.71%, 0, 0, 6, 11.69
1700625457, 0, 116, 153, 117, 17, 3.72%, 0, 0, 6, 12.40
1700625862, 0, 116, 154, 118, 17, 3.72%, 0, 0, 6, 11.33
1700625939, 0, 116, 155, 119, 17, 3.72%, 0, 0, 6, 11.47
1700625944, 0, 116, 156, 120, 17, 3.72%, 0, 0, 6, 11.19
1700625970, 0, 116, 157, 121, 17, 3.72%, 0, 0, 6, 11.52
1700626318, 0, 116, 158, 122, 17, 3.72%, 0, 0, 6, 10.67
1700626882, 0, 116, 159, 123, 17, 3.73%, 0, 0, 6, 11.22
1700626893, 0, 116, 160, 124, 17, 3.73%, 0, 0, 6, 11.80
1700626924, 0, 118, 160, 123, 24, 3.73%, 0, 0, 6, 10.18
1700627944, 0, 122, 160, 122, 23, 3.73%, 0, 0, 6, 11.53
1700629086, 0, 122, 161, 123, 23, 3.74%, 0, 0, 6, 11.43
1700629255, 0, 125, 161, 122, 23, 3.74%, 0, 0, 6, 10.84
1700630136, 0, 127, 161, 121, 22, 3.74%, 0, 0, 6, 11.50
1700630182, 0, 127, 162, 122, 22, 3.75%, 0, 0, 6, 12.31
1700630223, 0, 127, 163, 123, 22, 3.76%, 0, 0, 6, 12.26
1700630904, 0, 128, 163, 122, 23, 3.76%, 0, 0, 6, 11.05
1700631007, 0, 129, 163, 121, 22, 3.76%, 0, 0, 6, 11.28
1700632282, 0, 129, 164, 122, 22, 3.79%, 0, 0, 6, 13.99
1700632553, 0, 129, 165, 123, 22, 3.79%, 0, 0, 6, 11.82
1700632574, 0, 129, 166, 124, 22, 3.81%, 0, 0, 6, 12.04
1700632630, 0, 129, 167, 125, 22, 3.81%, 0, 0, 6, 11.64
1700632686, 0, 129, 168, 126, 22, 3.81%, 0, 0, 6, 11.93
1700632738, 0, 129, 169, 127, 22, 3.81%, 0, 0, 6, 12.27
1700633272, 0, 129, 170, 128, 22, 4.70%, 0, 0, 6, 13.01
1700633278, 0, 129, 175, 133, 22, 4.80%, 0, 0, 6, 15.56
