# unix_time, cycles_done, cur_path, paths_total, pending_total, pending_favs, map_size, unique_crashes, unique_hangs, max_depth, execs_per_sec
1700952433, 0, 0, 1, 1, 1, 1.60%, 0, 0, 1, 111.11
1700952438, 0, 0, 19, 19, 1, 3.34%, 0, 0, 2, 98.52
1700952453, 0, 0, 20, 20, 1, 3.35%, 0, 0, 2, 34.93
1700952458, 0, 0, 23, 23, 1, 3.35%, 0, 0, 2, 34.26
1700952464, 0, 0, 25, 25, 1, 3.37%, 0, 0, 2, 36.05
1700952484, 0, 0, 27, 27, 1, 3.37%, 0, 0, 2, 33.49
1700952489, 0, 0, 29, 29, 1, 3.37%, 0, 0, 2, 36.26
1700952510, 0, 0, 30, 30, 1, 3.38%, 0, 0, 2, 31.46
1700952515, 0, 0, 31, 31, 1, 3.39%, 0, 0, 2, 32.89
1700952535, 0, 0, 32, 32, 1, 3.39%, 0, 0, 2, 32.78
1700952555, 0, 0, 34, 34, 1, 3.40%, 0, 0, 2, 34.36
1700952561, 0, 0, 38, 38, 1, 3.42%, 0, 0, 2, 40.01
1700952576, 0, 0, 41, 41, 1, 3.43%, 0, 0, 2, 35.97
1700952955, 0, 0, 46, 46, 1, 3.44%, 0, 0, 2, 31.06
1700952965, 0, 0, 48, 48, 1, 3.58%, 0, 0, 2, 28.51
1700952970, 0, 0, 49, 49, 1, 3.59%, 0, 0, 2, 20.88
1700952975, 0, 0, 50, 50, 1, 3.60%, 0, 0, 2, 27.28
1700952986, 0, 0, 51, 51, 1, 3.60%, 0, 0, 2, 35.70
1700953027, 0, 0, 56, 56, 1, 3.69%, 0, 0, 2, 29.47
1700953032, 0, 0, 60, 60, 1, 3.72%, 0, 0, 2, 23.59
1700953037, 0, 0, 62, 62, 1, 3.72%, 0, 0, 2, 18.99
1700953139, 0, 0, 65, 65, 1, 3.81%, 0, 0, 2, 26.63
1700953145, 0, 0, 68, 68, 1, 3.81%, 0, 0, 2, 21.36
1700953150, 0, 0, 72, 72, 1, 3.81%, 0, 0, 2, 21.97
1700953155, 0, 0, 76, 76, 1, 3.90%, 0, 0, 2, 23.66
1700953160, 0, 0, 77, 77, 1, 3.90%, 0, 0, 2, 20.27
1700953165, 0, 0, 79, 79, 1, 3.92%, 0, 0, 2, 20.35
1700953170, 0, 0, 80, 80, 1, 3.92%, 0, 0, 2, 20.21
1700953175, 0, 0, 82, 82, 1, 3.94%, 0, 0, 2, 19.84
1700953180, 0, 0, 83, 83, 1, 3.94%, 0, 0, 2, 23.54
1700953196, 0, 0, 85, 85, 1, 3.94%, 0, 0, 2, 22.32
1700953201, 0, 0, 87, 87, 1, 3.95%, 0, 0, 2, 23.13
1700953222, 0, 0, 90, 90, 1, 4.14%, 0, 0, 2, 18.77
1700953227, 0, 0, 93, 93, 1, 4.19%, 0, 0, 2, 22.15
1700953232, 0, 0, 97, 97, 1, 4.19%, 0, 0, 2, 23.53
1700953237, 0, 0, 100, 100, 1, 4.21%, 0, 0, 2, 22.47
1700953247, 0, 0, 102, 102, 1, 4.21%, 0, 0, 2, 23.41
1700953252, 0, 0, 104, 104, 1, 4.22%, 0, 0, 2, 22.41
1700953257, 0, 0, 105, 105, 1, 4.22%, 0, 0, 2, 23.96
1700953263, 0, 0, 106, 106, 1, 4.22%, 0, 0, 2, 25.69
1700953278, 0, 0, 107, 107, 1, 4.22%, 0, 0, 2, 22.13
1700953288, 0, 0, 111, 111, 1, 4.22%, 0, 0, 2, 23.70
1700953294, 0, 0, 112, 112, 1, 4.22%, 0, 0, 2, 21.22
1700953299, 0, 0, 114, 114, 1, 4.22%, 0, 0, 2, 22.38
1700953304, 0, 0, 116, 116, 1, 4.23%, 0, 0, 2, 24.42
1700953309, 0, 0, 118, 118, 1, 4.31%, 0, 0, 2, 23.92
1700953314, 0, 0, 120, 120, 1, 4.31%, 0, 0, 2, 22.19
1700953319, 0, 0, 122, 122, 1, 4.31%, 0, 0, 2, 23.80
1700953334, 0, 0, 123, 123, 1, 4.35%, 0, 0, 2, 20.75
1700953339, 0, 0, 124, 124, 1, 4.35%, 0, 0, 2, 23.18
1700953349, 0, 0, 125, 125, 1, 4.35%, 0, 0, 2, 21.74
1700953355, 0, 0, 126, 126, 1, 4.35%, 0, 0, 2, 23.32
1700953370, 0, 0, 127, 127, 1, 4.35%, 0, 0, 2, 22.36
1700953375, 0, 0, 128, 128, 1, 4.36%, 0, 0, 2, 23.86
1700953380, 0, 0, 129, 129, 1, 4.36%, 0, 0, 2, 23.39
1700953385, 0, 0, 130, 130, 1, 4.36%, 0, 0, 2, 22.93
1700953390, 0, 0, 131, 131, 1, 4.36%, 0, 0, 2, 23.89
1700953406, 0, 0, 132, 132, 1, 4.37%, 0, 0, 2, 23.42
1700953411, 0, 0, 134, 134, 1, 4.37%, 0, 0, 2, 23.16
1700953416, 0, 0, 135, 135, 1, 4.37%, 0, 0, 2, 23.63
1700953421, 0, 0, 137, 137, 1, 4.37%, 0, 0, 2, 24.69
1700953431, 0, 0, 138, 138, 1, 4.38%, 0, 0, 2, 23.63
1700953436, 0, 0, 139, 139, 1, 4.38%, 0, 0, 2, 22.80
1700953442, 0, 0, 140, 140, 1, 4.38%, 0, 0, 2, 22.98
1700953447, 0, 0, 142, 142, 1, 4.39%, 0, 0, 2, 23.37
1700953452, 0, 0, 143, 143, 1, 4.39%, 0, 0, 2, 20.38
1700953457, 0, 0, 145, 145, 1, 4.47%, 0, 0, 2, 21.29
1700953462, 0, 0, 147, 147, 1, 4.48%, 0, 0, 2, 23.06
1700953467, 0, 0, 149, 149, 1, 4.69%, 0, 0, 2, 21.88
1700953472, 0, 0, 150, 150, 1, 4.69%, 0, 0, 2, 24.11
1700953477, 0, 0, 153, 153, 1, 4.69%, 0, 0, 2, 23.36
1700953483, 0, 0, 154, 154, 1, 4.69%, 0, 0, 2, 23.83
1700953488, 0, 0, 157, 157, 1, 4.70%, 0, 0, 2, 22.49
1700953503, 0, 0, 158, 158, 1, 4.70%, 0, 0, 2, 22.31
1700953514, 0, 0, 161, 161, 1, 4.70%, 0, 0, 2, 22.43
1700953519, 0, 0, 164, 164, 1, 4.70%, 0, 0, 2, 22.41
1700953524, 0, 0, 165, 165, 1, 4.70%, 0, 0, 2, 22.38
1700953529, 0, 0, 167, 167, 1, 4.71%, 0, 0, 2, 19.21
1700953534, 0, 0, 168, 168, 1, 4.71%, 0, 0, 2, 19.11
1700953544, 0, 0, 169, 169, 1, 4.71%, 0, 0, 2, 23.15
1700953555, 0, 0, 170, 170, 1, 4.71%, 0, 0, 2, 25.35
1700953560, 0, 0, 171, 171, 1, 4.72%, 0, 0, 2, 22.89
1700953565, 0, 0, 173, 173, 1, 4.72%, 0, 0, 2, 20.92
1700953585, 0, 0, 174, 174, 1, 4.72%, 0, 0, 2, 21.78
1700953596, 0, 0, 175, 175, 1, 4.73%, 0, 0, 2, 23.43
1700953606, 0, 0, 176, 176, 1, 4.74%, 0, 0, 2, 23.17
1700953616, 0, 0, 177, 177, 1, 4.74%, 0, 0, 2, 22.22
1700953642, 0, 0, 180, 180, 1, 4.75%, 0, 0, 2, 20.51
1700953652, 0, 0, 181, 181, 1, 4.75%, 0, 0, 2, 21.06
1700953662, 0, 0, 183, 183, 1, 4.75%, 0, 0, 2, 25.57
1700953667, 0, 0, 184, 184, 1, 4.75%, 0, 0, 2, 25.06
1700953672, 0, 0, 186, 186, 1, 4.76%, 0, 0, 2, 24.48
1700953677, 0, 0, 188, 188, 1, 4.77%, 0, 0, 2, 22.57
1700953683, 0, 0, 189, 189, 1, 4.77%, 0, 0, 2, 23.14
1700953693, 0, 0, 190, 190, 1, 4.77%, 0, 0, 2, 23.75
1700953698, 0, 0, 191, 191, 1, 4.80%, 0, 0, 2, 24.71
1700953708, 0, 0, 192, 192, 1, 4.80%, 0, 0, 2, 25.21
1700953713, 0, 0, 194, 194, 1, 4.83%, 0, 0, 2, 25.23
1700953728, 0, 0, 195, 195, 1, 4.85%, 0, 0, 2, 24.75
1700953733, 0, 0, 196, 196, 1, 4.85%, 0, 0, 2, 25.05
1700953754, 0, 0, 197, 197, 1, 4.86%, 0, 0, 2, 25.89
1700953764, 0, 0, 198, 198, 1, 4.87%, 0, 0, 2, 23.65
1700953780, 0, 0, 200, 200, 1, 4.88%, 0, 0, 2, 24.18
1700953785, 0, 0, 201, 201, 1, 4.88%, 0, 0, 2, 24.44
1700953811, 0, 0, 202, 202, 1, 4.88%, 0, 0, 2, 24.35
1700953816, 0, 0, 203, 203, 1, 4.88%, 0, 0, 2, 22.10
1700953826, 0, 0, 204, 204, 1, 4.88%, 0, 0, 2, 23.35
1700953831, 0, 0, 205, 205, 1, 4.88%, 0, 0, 2, 25.25
1700953841, 0, 0, 207, 207, 1, 4.88%, 0, 0, 2, 22.72
1700953852, 0, 0, 208, 208, 1, 4.88%, 0, 0, 2, 23.21
1700953872, 0, 0, 210, 210, 1, 4.88%, 0, 0, 2, 21.88
1700953882, 0, 0, 213, 213, 1, 4.89%, 0, 0, 2, 24.11
1700953887, 0, 0, 214, 214, 1, 4.89%, 0, 0, 2, 22.94
1700953954, 0, 0, 215, 215, 1, 4.89%, 0, 0, 2, 23.42
1700953964, 0, 0, 216, 216, 1, 4.92%, 0, 0, 2, 23.60
1700953974, 0, 0, 217, 217, 1, 4.92%, 0, 0, 2, 24.56
1700953990, 0, 0, 218, 218, 1, 4.92%, 0, 0, 2, 22.66
1700954005, 0, 0, 219, 219, 1, 4.92%, 0, 0, 2, 25.12
1700954015, 0, 0, 220, 220, 1, 4.92%, 0, 0, 2, 24.24
1700954036, 0, 0, 221, 221, 1, 4.92%, 0, 0, 2, 25.20
1700954046, 0, 0, 223, 223, 1, 4.92%, 0, 0, 2, 24.68
1700954051, 0, 0, 224, 224, 1, 4.92%, 0, 0, 2, 24.04
1700954056, 0, 0, 226, 226, 1, 4.92%, 0, 0, 2, 22.24
1700954066, 0, 0, 228, 228, 1, 4.92%, 0, 0, 2, 24.22
1700954071, 0, 0, 230, 230, 1, 4.92%, 0, 0, 2, 25.03
1700954077, 0, 0, 232, 232, 1, 4.93%, 0, 0, 2, 27.15
1700954082, 0, 0, 233, 233, 1, 4.94%, 0, 0, 2, 26.58
1700954112, 0, 0, 234, 234, 1, 4.94%, 0, 0, 2, 22.75
1700954117, 0, 0, 235, 235, 1, 4.94%, 0, 0, 2, 24.65
1700954123, 0, 0, 236, 236, 1, 4.94%, 0, 0, 2, 21.45
1700954128, 0, 0, 238, 238, 1, 4.94%, 0, 0, 2, 24.96
1700954138, 0, 0, 240, 240, 1, 4.94%, 0, 0, 2, 23.49
1700954143, 0, 0, 241, 241, 1, 4.94%, 0, 0, 2, 23.33
1700954153, 0, 0, 243, 243, 1, 4.95%, 0, 0, 2, 24.01
1700954179, 0, 0, 244, 244, 1, 4.97%, 0, 0, 2, 23.92
1700954194, 0, 0, 245, 245, 1, 4.97%, 0, 0, 2, 25.97
1700954204, 0, 0, 246, 246, 1, 4.97%, 0, 0, 2, 24.37
1700954220, 0, 0, 247, 247, 1, 4.98%, 0, 0, 2, 26.73
1700954235, 0, 0, 248, 248, 1, 4.98%, 0, 0, 2, 25.91
1700954240, 0, 0, 250, 250, 1, 4.98%, 0, 0, 2, 25.23
1700954250, 0, 0, 252, 252, 1, 4.99%, 0, 0, 2, 26.02
1700954261, 0, 0, 255, 255, 1, 5.00%, 0, 0, 2, 26.54
1700954266, 0, 0, 257, 257, 1, 5.00%, 0, 0, 2, 25.45
1700954271, 0, 0, 259, 259, 1, 5.06%, 0, 0, 2, 24.95
1700954276, 0, 0, 260, 260, 1, 5.06%, 0, 0, 2, 23.67
1700954296, 0, 0, 261, 261, 1, 5.07%, 0, 0, 2, 22.39
1700954302, 0, 0, 262, 262, 1, 5.07%, 0, 0, 2, 23.96
1700954312, 0, 0, 263, 263, 1, 5.07%, 0, 0, 2, 22.13
1700954317, 0, 0, 264, 264, 1, 5.07%, 0, 0, 2, 25.05
1700954358, 0, 0, 265, 265, 1, 5.07%, 0, 0, 2, 22.36
1700954373, 0, 0, 266, 266, 1, 5.07%, 0, 0, 2, 21.12
1700954399, 0, 0, 267, 267, 1, 5.07%, 0, 0, 2, 24.34
1700954430, 0, 0, 268, 268, 1, 5.07%, 0, 0, 2, 26.66
1700954435, 0, 0, 269, 269, 1, 5.07%, 0, 0, 2, 24.15
1700954496, 0, 0, 270, 270, 1, 5.07%, 0, 0, 2, 21.77
1700954522, 0, 0, 271, 271, 1, 5.07%, 0, 0, 2, 23.73
1700954553, 0, 0, 273, 273, 1, 5.07%, 0, 0, 2, 24.06
1700954558, 0, 0, 275, 275, 1, 5.08%, 0, 0, 2, 24.76
1700954573, 0, 0, 276, 276, 1, 5.08%, 0, 0, 2, 25.33
1700954599, 0, 0, 278, 278, 1, 5.09%, 0, 0, 2, 25.44
1700954609, 0, 8, 278, 276, 81, 5.09%, 0, 0, 2, 27.05
1700954614, 0, 33, 278, 271, 78, 5.09%, 0, 0, 2, 28.87
1700954619, 0, 53, 278, 267, 74, 5.09%, 0, 0, 2, 30.82
1700954624, 0, 53, 279, 268, 74, 5.09%, 0, 0, 3, 22.64
1700954665, 0, 53, 280, 269, 74, 5.09%, 0, 0, 3, 18.70
1700954757, 0, 53, 282, 271, 74, 5.09%, 0, 0, 3, 21.43
1700955008, 0, 53, 283, 272, 74, 5.10%, 0, 0, 3, 21.97
1700955442, 0, 53, 284, 273, 74, 5.10%, 0, 0, 3, 23.29
1700955513, 0, 53, 285, 274, 74, 5.10%, 0, 0, 3, 22.92
1700955666, 0, 53, 286, 275, 74, 5.11%, 0, 0, 3, 21.20
1700955671, 0, 53, 288, 277, 74, 5.11%, 0, 0, 3, 22.30
1700955681, 0, 53, 290, 279, 74, 5.11%, 0, 0, 3, 22.53
1700955687, 0, 53, 291, 280, 74, 5.11%, 0, 0, 3, 22.04
1700955692, 0, 53, 294, 283, 74, 5.12%, 0, 0, 3, 20.64
1700955697, 0, 53, 295, 284, 74, 5.12%, 0, 0, 3, 20.77
1700955702, 0, 53, 296, 285, 74, 5.12%, 0, 0, 3, 20.03
1700955707, 0, 53, 297, 286, 74, 5.12%, 0, 0, 3, 20.71
1700955712, 0, 53, 299, 288, 74, 5.16%, 0, 0, 3, 22.12
1700955717, 0, 53, 300, 289, 74, 5.16%, 0, 0, 3, 21.67
1700955733, 0, 53, 301, 290, 74, 5.16%, 0, 0, 3, 21.72
1700955738, 0, 53, 303, 292, 74, 5.21%, 0, 0, 3, 19.55
1700955748, 0, 53, 304, 293, 74, 5.21%, 0, 0, 3, 21.54
1700955779, 0, 53, 305, 294, 74, 5.21%, 0, 0, 3, 22.29
1700955795, 0, 53, 306, 295, 74, 5.21%, 0, 0, 3, 19.51
1700955805, 0, 53, 307, 296, 74, 5.21%, 0, 0, 3, 20.42
1700955882, 0, 53, 308, 297, 74, 5.21%, 0, 0, 3, 21.02
1700955897, 0, 53, 309, 298, 74, 5.21%, 0, 0, 3, 19.88
1700955913, 0, 53, 310, 299, 74, 5.21%, 0, 0, 3, 19.26
1700955923, 0, 53, 311, 300, 74, 5.21%, 0, 0, 3, 20.01
1700955928, 0, 53, 312, 301, 74, 5.21%, 0, 0, 3, 21.16
1700955933, 0, 53, 314, 303, 74, 5.21%, 0, 0, 3, 20.42
1700955938, 0, 53, 316, 305, 74, 5.22%, 0, 0, 3, 21.69
1700955948, 0, 53, 317, 306, 74, 5.22%, 0, 0, 3, 20.25
1700955979, 0, 53, 318, 307, 74, 5.22%, 0, 0, 3, 20.51
1700955989, 0, 53, 319, 308, 74, 5.23%, 0, 0, 3, 21.01
1700955995, 0, 53, 320, 309, 74, 5.23%, 0, 0, 3, 20.41
1700956005, 0, 53, 322, 311, 74, 5.24%, 0, 0, 3, 19.44
1700956051, 0, 53, 323, 312, 74, 5.24%, 0, 0, 3, 19.61
1700956097, 0, 53, 324, 313, 74, 5.24%, 0, 0, 3, 20.71
1700956127, 0, 53, 325, 314, 74, 5.24%, 0, 0, 3, 19.83
1700956179, 0, 53, 326, 315, 74, 5.24%, 0, 0, 3, 20.67
1700956209, 0, 53, 327, 316, 74, 5.24%, 0, 0, 3, 20.52
1700956256, 0, 53, 328, 317, 74, 5.25%, 0, 0, 3, 18.47
1700956271, 0, 53, 329, 318, 74, 5.25%, 0, 0, 3, 19.85
1700956276, 0, 53, 330, 319, 74, 5.25%, 0, 0, 3, 20.49
1700956307, 0, 53, 331, 320, 74, 5.26%, 0, 0, 3, 19.84
1700956338, 0, 53, 332, 321, 74, 5.26%, 0, 0, 3, 18.47
1700956373, 0, 53, 333, 322, 74, 5.26%, 0, 0, 3, 20.21
1700956419, 0, 53, 334, 323, 74, 5.26%, 0, 0, 3, 19.19
1700956501, 0, 53, 335, 324, 74, 5.27%, 0, 0, 3, 19.44
1700956623, 0, 53, 336, 325, 74, 5.27%, 0, 0, 3, 19.58
1700956648, 0, 53, 337, 326, 74, 5.27%, 0, 0, 3, 20.29
1700956740, 0, 53, 338, 327, 74, 5.27%, 0, 0, 3, 18.29
1700956745, 0, 53, 339, 328, 74, 5.27%, 0, 0, 3, 17.68
1700956802, 0, 53, 340, 329, 74, 5.27%, 0, 0, 3, 18.45
1700956899, 0, 53, 341, 330, 74, 5.28%, 0, 0, 3, 19.13
1700956925, 0, 53, 342, 331, 74, 5.28%, 0, 0, 3, 17.98
1700957196, 0, 53, 343, 332, 74, 5.30%, 0, 0, 3, 18.53
1700957303, 0, 53, 344, 333, 74, 5.30%, 0, 0, 3, 19.27
1700957318, 0, 53, 345, 334, 74, 5.30%, 0, 0, 3, 19.70
1700957360, 0, 53, 346, 335, 74, 5.30%, 0, 0, 3, 19.79
1700957385, 0, 54, 346, 334, 97, 5.30%, 0, 0, 3, 18.78
1700957841, 0, 55, 348, 335, 96, 5.31%, 0, 0, 3, 22.91
1700957902, 0, 55, 349, 336, 96, 5.31%, 0, 0, 3, 27.03
1700958755, 0, 55, 350, 337, 96, 5.32%, 0, 0, 3, 19.52
1700958791, 0, 55, 351, 338, 96, 5.32%, 0, 0, 3, 19.49
1700958858, 0, 55, 352, 339, 96, 5.32%, 0, 0, 3, 17.35
1700958863, 0, 55, 354, 341, 96, 5.33%, 0, 0, 3, 18.33
1700958888, 0, 55, 355, 342, 96, 5.39%, 0, 0, 3, 19.75
1700959083, 0, 55, 356, 343, 96, 5.39%, 0, 0, 3, 19.63
1700959119, 0, 55, 357, 344, 96, 5.39%, 0, 0, 3, 20.03
1700959124, 0, 55, 358, 345, 96, 5.39%, 0, 0, 3, 18.91
1700959170, 0, 55, 359, 346, 96, 5.39%, 0, 0, 3, 19.35
1700959201, 0, 55, 360, 347, 96, 5.39%, 0, 0, 3, 19.31
1700959222, 0, 55, 361, 348, 96, 5.39%, 0, 0, 3, 18.98
1700959237, 0, 55, 362, 349, 96, 5.39%, 0, 0, 3, 18.33
1700959278, 0, 55, 363, 350, 96, 5.39%, 0, 0, 3, 18.75
1700959293, 0, 55, 364, 351, 96, 5.39%, 0, 0, 3, 18.66
1700959334, 0, 55, 365, 352, 96, 5.39%, 0, 0, 3, 19.20
1700959360, 0, 55, 366, 353, 96, 5.40%, 0, 0, 3, 18.40
1700959380, 0, 55, 368, 355, 96, 5.40%, 0, 0, 3, 19.93
1700959391, 0, 55, 369, 356, 96, 5.40%, 0, 0, 3, 19.67
1700959411, 0, 55, 370, 357, 96, 5.41%, 0, 0, 3, 19.88
1700959422, 0, 55, 371, 358, 96, 5.41%, 0, 0, 3, 19.14
1700959437, 0, 55, 372, 359, 96, 5.42%, 0, 0, 3, 19.31
1700959442, 0, 55, 373, 360, 96, 5.42%, 0, 0, 3, 20.12
1700959468, 0, 55, 374, 361, 96, 5.42%, 0, 0, 3, 18.69
1700959499, 0, 55, 375, 362, 96, 5.42%, 0, 0, 3, 19.50
1700959529, 0, 55, 376, 363, 96, 5.42%, 0, 0, 3, 19.21
1700959539, 0, 55, 377, 364, 96, 5.42%, 0, 0, 3, 21.17
1700959544, 0, 55, 379, 366, 96, 5.43%, 0, 0, 3, 20.17
1700959621, 0, 55, 380, 367, 96, 5.43%, 0, 0, 3, 19.27
1700959627, 0, 55, 381, 368, 96, 5.43%, 0, 0, 3, 18.17
1700959637, 0, 55, 382, 369, 96, 5.43%, 0, 0, 3, 19.44
1700959652, 0, 55, 383, 370, 96, 5.43%, 0, 0, 3, 19.21
1700959688, 0, 55, 384, 371, 96, 5.44%, 0, 0, 3, 19.84
1700959882, 0, 55, 385, 372, 96, 5.44%, 0, 0, 3, 19.37
1700960170, 0, 55, 386, 373, 96, 5.44%, 0, 0, 3, 19.34
1700960277, 0, 55, 387, 374, 96, 5.44%, 0, 0, 3, 18.11
1700960287, 0, 55, 388, 375, 96, 5.44%, 0, 0, 3, 19.40
1700960293, 0, 55, 389, 376, 96, 5.44%, 0, 0, 3, 19.42
1700960323, 0, 55, 390, 377, 96, 5.45%, 0, 0, 3, 19.15
1700960446, 0, 58, 390, 376, 112, 5.45%, 0, 0, 3, 18.28
1700961823, 0, 58, 391, 377, 112, 5.51%, 0, 0, 3, 16.65
1700961828, 0, 58, 393, 379, 112, 5.51%, 0, 0, 3, 18.54
1700961880, 0, 58, 394, 380, 112, 5.51%, 0, 0, 3, 18.19
1700961900, 0, 58, 395, 381, 112, 5.51%, 0, 0, 3, 18.33
1700961910, 0, 58, 396, 382, 112, 5.51%, 0, 0, 3, 17.90
1700961987, 0, 58, 397, 383, 112, 5.51%, 0, 0, 3, 18.91
1700961992, 0, 58, 398, 384, 112, 5.51%, 0, 0, 3, 18.45
1700961997, 0, 58, 399, 385, 112, 5.51%, 0, 0, 3, 17.66
1700962079, 0, 58, 400, 386, 112, 5.54%, 0, 0, 3, 17.92
1700962140, 0, 58, 401, 387, 112, 5.54%, 0, 0, 3, 18.09
1700962150, 0, 58, 402, 388, 112, 5.55%, 0, 0, 3, 18.32
1700962155, 0, 58, 403, 389, 112, 5.55%, 0, 0, 3, 17.49
1700962160, 0, 58, 404, 390, 112, 5.55%, 0, 0, 3, 16.93
1700962304, 0, 58, 405, 391, 112, 5.55%, 0, 0, 3, 18.21
1700962447, 0, 58, 406, 392, 112, 5.59%, 0, 0, 3, 18.41
1700962519, 0, 58, 408, 394, 112, 5.59%, 0, 0, 3, 17.85
1700962544, 0, 58, 409, 395, 112, 5.59%, 0, 0, 3, 16.98
1700962570, 0, 58, 410, 396, 112, 5.59%, 0, 0, 3, 17.87
1700962677, 0, 58, 412, 398, 112, 5.60%, 0, 0, 3, 18.28
1700962733, 0, 58, 413, 399, 112, 5.60%, 0, 0, 3, 18.09
1700962928, 0, 58, 414, 400, 112, 5.60%, 0, 0, 3, 18.48
1700963573, 0, 58, 415, 401, 112, 5.60%, 0, 0, 3, 17.95
1700963583, 0, 58, 416, 402, 112, 5.60%, 0, 0, 3, 17.61
1700963650, 0, 76, 416, 400, 115, 5.60%, 0, 0, 3, 17.54
1700964009, 0, 76, 417, 401, 115, 5.60%, 0, 0, 3, 19.97
1700964096, 0, 83, 417, 400, 114, 5.60%, 0, 0, 3, 28.66
1700964132, 0, 83, 418, 401, 114, 5.63%, 0, 0, 3, 23.99
1700964204, 0, 83, 419, 402, 114, 5.65%, 0, 0, 3, 27.23
1700964373, 0, 83, 420, 403, 114, 5.67%, 0, 0, 3, 21.70
1700964475, 0, 93, 420, 402, 115, 5.67%, 0, 0, 3, 21.50
1700964480, 0, 114, 421, 402, 114, 5.67%, 0, 0, 3, 26.39
1700964511, 0, 114, 422, 403, 114, 5.67%, 0, 0, 3, 28.48
1700964552, 0, 114, 424, 405, 114, 5.67%, 0, 0, 3, 33.56
1700964742, 0, 114, 425, 406, 114, 5.67%, 0, 0, 3, 19.18
1700964818, 0, 115, 425, 405, 115, 5.67%, 0, 0, 3, 20.66
1700964828, 0, 115, 426, 406, 115, 5.67%, 0, 0, 3, 21.80
1700964864, 0, 115, 427, 407, 115, 5.67%, 0, 0, 3, 22.88
1700965084, 0, 115, 428, 408, 115, 5.67%, 0, 0, 3, 21.69
1700965089, 0, 115, 429, 409, 115, 5.67%, 0, 0, 3, 20.10
1700965094, 0, 115, 430, 410, 115, 5.67%, 0, 0, 3, 21.28
1700965109, 0, 115, 431, 411, 115, 5.67%, 0, 0, 3, 22.18
1700965135, 0, 115, 432, 412, 115, 5.67%, 0, 0, 3, 20.53
1700965140, 0, 115, 433, 413, 115, 5.67%, 0, 0, 3, 18.40
1700965145, 0, 115, 434, 414, 115, 5.67%, 0, 0, 3, 19.96
1700965150, 0, 115, 435, 415, 115, 5.67%, 0, 0, 3, 21.12
1700965176, 0, 115, 436, 416, 115, 5.67%, 0, 0, 3, 21.04
1700965273, 0, 115, 438, 418, 115, 5.68%, 0, 0, 3, 22.13
1700965278, 0, 115, 439, 419, 115, 5.68%, 0, 0, 3, 20.96
1700965298, 0, 115, 440, 420, 115, 5.68%, 0, 0, 3, 21.09
1700965339, 0, 115, 441, 421, 115, 5.68%, 0, 0, 3, 20.04
1700965411, 0, 115, 442, 422, 115, 5.69%, 0, 0, 3, 21.20
1700965626, 0, 115, 443, 423, 115, 5.70%, 0, 0, 3, 19.83
1700965656, 0, 115, 444, 424, 115, 5.70%, 0, 0, 3, 20.72
1700965687, 0, 115, 445, 425, 115, 5.70%, 0, 0, 3, 19.57
1700965723, 0, 115, 446, 426, 115, 5.70%, 0, 0, 3, 19.38
1700965897, 0, 115, 447, 427, 115, 5.70%, 0, 0, 3, 20.06
1700965902, 0, 115, 449, 429, 115, 5.70%, 0, 0, 3, 19.45
1700965968, 0, 115, 450, 430, 115, 5.70%, 0, 0, 3, 19.48
1700966106, 0, 115, 451, 431, 115, 5.70%, 0, 0, 3, 20.78
1700966173, 0, 115, 452, 432, 115, 5.70%, 0, 0, 3, 19.04
1700966423, 0, 115, 453, 433, 115, 5.70%, 0, 0, 3, 19.54
1700966495, 0, 115, 454, 434, 115, 5.71%, 0, 0, 3, 20.61
1700966571, 0, 115, 455, 435, 115, 5.71%, 0, 0, 3, 20.81
1700966648, 0, 115, 456, 436, 115, 5.71%, 0, 0, 3, 21.56
1700966679, 0, 115, 457, 437, 115, 5.71%, 0, 0, 3, 21.81
1700966725, 0, 115, 458, 438, 115, 5.72%, 0, 0, 3, 21.02
1700966730, 0, 117, 458, 437, 124, 5.72%, 0, 0, 3, 22.57
1700967328, 0, 124, 458, 435, 122, 5.72%, 0, 0, 3, 18.78
1700967445, 0, 124, 459, 436, 122, 5.72%, 0, 0, 3, 18.45
1700967502, 0, 124, 460, 437, 122, 5.72%, 0, 0, 3, 18.62
1700967512, 0, 124, 461, 438, 122, 5.72%, 0, 0, 3, 18.06
1700967634, 0, 124, 462, 439, 122, 5.72%, 0, 0, 3, 18.16
1700967706, 0, 124, 463, 440, 122, 5.76%, 0, 0, 3, 18.52
1700967747, 0, 124, 464, 441, 122, 5.76%, 0, 0, 3, 19.38
1700967783, 0, 124, 465, 442, 122, 5.78%, 0, 0, 3, 18.67
1700968182, 0, 124, 466, 443, 122, 5.78%, 0, 0, 3, 19.07
1700968208, 0, 124, 467, 444, 122, 5.78%, 0, 0, 3, 19.10
1700968259, 0, 124, 468, 445, 122, 5.78%, 0, 0, 3, 19.01
1700968325, 0, 124, 469, 446, 122, 5.78%, 0, 0, 3, 18.98
1700968443, 0, 124, 470, 447, 122, 5.78%, 0, 0, 3, 18.40
1700968694, 0, 124, 471, 448, 122, 5.78%, 0, 0, 3, 18.82
1700969190, 0, 128, 471, 447, 125, 5.78%, 0, 0, 3, 26.68
1700969411, 0, 128, 472, 448, 125, 5.78%, 0, 0, 3, 25.73
1700969754, 0, 148, 472, 447, 125, 5.78%, 0, 0, 3, 21.87
1700970164, 0, 151, 472, 446, 124, 5.78%, 0, 0, 3, 24.62
1700970318, 0, 151, 473, 447, 124, 5.78%, 0, 0, 3, 34.70
1700970707, 0, 151, 475, 449, 124, 5.78%, 0, 0, 3, 28.95
1700970783, 0, 151, 477, 451, 124, 5.78%, 0, 0, 3, 33.22
1700970880, 0, 151, 478, 452, 124, 5.78%, 0, 0, 3, 25.83
1700970921, 0, 151, 479, 453, 124, 5.78%, 0, 0, 3, 24.03
1700971054, 0, 159, 479, 452, 124, 5.78%, 0, 0, 3, 19.83
1700971535, 0, 170, 479, 451, 123, 5.78%, 0, 0, 3, 17.08
1700971565, 0, 170, 480, 452, 123, 5.78%, 0, 0, 3, 18.42
1700972559, 0, 177, 480, 451, 123, 5.78%, 0, 0, 3, 18.63
1700973269, 0, 183, 480, 450, 122, 5.78%, 0, 0, 3, 20.52
1700974181, 0, 183, 481, 451, 122, 5.78%, 0, 0, 3, 22.26
1700974472, 0, 187, 481, 450, 121, 5.78%, 0, 0, 3, 18.96
1700974850, 0, 187, 482, 451, 121, 5.78%, 0, 0, 3, 17.48
1700975771, 0, 192, 483, 450, 119, 5.78%, 0, 0, 3, 21.25
1700975786, 0, 192, 484, 451, 119, 5.79%, 0, 0, 3, 21.88
1700976097, 0, 192, 485, 452, 119, 5.79%, 0, 0, 3, 21.58
1700976117, 0, 192, 486, 453, 119, 5.79%, 0, 0, 3, 19.92
1700976173, 0, 192, 487, 454, 119, 5.81%, 0, 0, 3, 19.27
1700976199, 0, 192, 488, 455, 119, 5.81%, 0, 0, 3, 18.67
1700976225, 0, 192, 489, 456, 119, 5.81%, 0, 0, 3, 18.57
1700976276, 0, 192, 490, 457, 119, 5.81%, 0, 0, 3, 19.12
1700976358, 0, 192, 491, 458, 119, 5.82%, 0, 0, 3, 18.73
1700976552, 0, 192, 492, 459, 119, 5.82%, 0, 0, 3, 18.91
1700976926, 0, 192, 493, 460, 119, 5.83%, 0, 0, 3, 18.91
1700977622, 0, 192, 494, 461, 119, 5.83%, 0, 0, 3, 18.51
1700977853, 0, 192, 495, 462, 119, 5.84%, 0, 0, 3, 19.48
1700977899, 0, 192, 496, 463, 119, 5.85%, 0, 0, 3, 18.88
1700977919, 0, 197, 496, 462, 128, 5.85%, 0, 0, 3, 26.07
1700977929, 0, 197, 497, 463, 128, 5.85%, 0, 0, 3, 29.02
1700977935, 0, 197, 498, 464, 128, 5.85%, 0, 0, 3, 36.47
1700977940, 0, 197, 499, 465, 128, 5.86%, 0, 0, 3, 33.68
1700977945, 0, 197, 500, 466, 128, 5.86%, 0, 0, 3, 32.74
1700977950, 0, 197, 502, 468, 128, 5.87%, 0, 0, 3, 34.98
1700977996, 0, 197, 503, 469, 128, 5.88%, 0, 0, 3, 35.60
1700978027, 0, 197, 505, 471, 128, 5.88%, 0, 0, 3, 33.75
1700978165, 0, 197, 507, 473, 128, 5.90%, 0, 0, 3, 34.52
1700978247, 0, 197, 508, 474, 128, 5.90%, 0, 0, 3, 22.61
1700978298, 0, 198, 508, 473, 137, 5.90%, 0, 0, 3, 19.33
1700979230, 0, 198, 509, 474, 137, 5.91%, 0, 0, 3, 20.00
1700979521, 0, 199, 509, 473, 137, 5.91%, 0, 0, 3, 18.67
1700979654, 0, 199, 510, 474, 137, 5.91%, 0, 0, 3, 21.26
1700980330, 0, 209, 510, 473, 137, 5.91%, 0, 0, 3, 17.78
1700980361, 0, 210, 510, 472, 136, 5.91%, 0, 0, 3, 18.91
1700981010, 0, 210, 511, 473, 136, 5.92%, 0, 0, 3, 24.07
1700981087, 0, 210, 512, 474, 136, 5.92%, 0, 0, 3, 21.88
1700981093, 0, 210, 513, 475, 136, 5.92%, 0, 0, 3, 21.89
1700981098, 0, 210, 514, 476, 136, 5.93%, 0, 0, 3, 21.38
1700981179, 0, 210, 515, 477, 136, 5.93%, 0, 0, 3, 20.60
1700981364, 0, 210, 516, 478, 136, 5.93%, 0, 0, 3, 22.37
1700981615, 0, 210, 517, 479, 136, 5.93%, 0, 0, 3, 21.13
1700981645, 0, 210, 518, 480, 136, 5.93%, 0, 0, 3, 21.60
1700981921, 0, 210, 519, 481, 136, 5.93%, 0, 0, 3, 21.39
1700982002, 0, 210, 520, 482, 136, 5.94%, 0, 0, 3, 21.31
1700982141, 0, 210, 521, 483, 136, 5.94%, 0, 0, 3, 21.16
1700982474, 0, 210, 522, 484, 136, 5.94%, 0, 0, 3, 22.41
1700982500, 0, 210, 523, 485, 136, 5.94%, 0, 0, 3, 22.12
1700982587, 0, 212, 523, 484, 142, 5.94%, 0, 0, 3, 19.44
1700982668, 0, 216, 523, 483, 141, 5.94%, 0, 0, 3, 17.46
1700983205, 0, 216, 524, 484, 141, 5.94%, 0, 0, 3, 18.08
1700983318, 0, 217, 524, 483, 141, 5.94%, 0, 0, 3, 17.05
1700983467, 0, 221, 524, 482, 140, 5.94%, 0, 0, 3, 14.65
1700984014, 0, 221, 525, 483, 140, 5.94%, 0, 0, 3, 18.50
1700985355, 0, 221, 526, 484, 140, 5.94%, 0, 0, 3, 18.56
1700985396, 0, 221, 527, 485, 140, 5.94%, 0, 0, 3, 18.26
1700985432, 0, 221, 528, 486, 140, 5.94%, 0, 0, 3, 18.24
1700985504, 0, 221, 529, 487, 140, 5.94%, 0, 0, 3, 17.98
1700985632, 0, 221, 530, 488, 140, 5.94%, 0, 0, 3, 17.33
1700985678, 0, 221, 531, 489, 140, 5.94%, 0, 0, 3, 17.67
1700985816, 0, 221, 532, 490, 140, 5.94%, 0, 0, 3, 17.31
1700985888, 0, 221, 533, 491, 140, 5.94%, 0, 0, 3, 17.58
1700985893, 0, 221, 534, 492, 140, 5.94%, 0, 0, 3, 17.57
1700986109, 0, 221, 535, 493, 140, 5.95%, 0, 0, 3, 17.66
1700986298, 0, 221, 536, 494, 140, 5.95%, 0, 0, 3, 17.82
1700986385, 0, 221, 537, 495, 140, 5.95%, 0, 0, 3, 17.86
1700986411, 0, 221, 538, 496, 140, 5.95%, 0, 0, 3, 18.05
1700986539, 0, 221, 539, 497, 140, 5.95%, 0, 0, 3, 18.56
1700986590, 0, 221, 540, 498, 140, 5.95%, 0, 0, 3, 17.83
1700986744, 0, 221, 541, 499, 140, 5.95%, 0, 0, 3, 17.74
1700986892, 0, 221, 542, 500, 140, 5.95%, 0, 0, 3, 17.69
1700987167, 0, 221, 543, 501, 140, 5.95%, 0, 0, 3, 17.89
1700987224, 0, 232, 543, 500, 142, 5.95%, 0, 0, 3, 18.35
1700987254, 0, 232, 544, 501, 142, 5.96%, 0, 0, 3, 20.68
1700990268, 0, 232, 546, 503, 142, 5.96%, 0, 0, 3, 19.93
1700990273, 0, 232, 547, 504, 142, 5.96%, 0, 0, 3, 20.05
1700990308, 0, 232, 548, 505, 142, 5.96%, 0, 0, 3, 21.07
1700990313, 0, 232, 549, 506, 142, 5.96%, 0, 0, 3, 19.94
1700990318, 0, 232, 550, 507, 142, 5.96%, 0, 0, 3, 19.93
1700990339, 0, 232, 551, 508, 142, 5.96%, 0, 0, 3, 19.43
1700990446, 0, 232, 552, 509, 142, 5.96%, 0, 0, 3, 20.88
1700990538, 0, 232, 553, 510, 142, 5.96%, 0, 0, 3, 20.95
1700990712, 0, 232, 554, 511, 142, 5.96%, 0, 0, 3, 20.05
1700990825, 0, 232, 555, 512, 142, 5.97%, 0, 0, 3, 19.11
1700991141, 0, 232, 556, 513, 142, 5.97%, 0, 0, 3, 20.38
1700991187, 0, 232, 557, 514, 142, 5.97%, 0, 0, 3, 19.62
1700991443, 0, 232, 558, 515, 142, 5.97%, 0, 0, 3, 19.98
1700991602, 0, 232, 559, 516, 142, 5.97%, 0, 0, 3, 20.19
1700991632, 0, 232, 560, 517, 142, 5.97%, 0, 0, 3, 19.54
1700991704, 0, 232, 561, 518, 142, 5.97%, 0, 0, 3, 20.40
1700991771, 0, 232, 563, 520, 142, 5.97%, 0, 0, 3, 21.36
1700991807, 0, 232, 564, 521, 142, 5.97%, 0, 0, 3, 21.04
1700991909, 0, 233, 564, 520, 144, 5.97%, 0, 0, 3, 19.65
1700991950, 0, 240, 564, 519, 143, 5.97%, 0, 0, 3, 16.98
1700992411, 0, 240, 565, 520, 143, 5.97%, 0, 0, 3, 18.73
1700992421, 0, 240, 566, 521, 143, 5.97%, 0, 0, 3, 18.24
1700993132, 0, 240, 567, 522, 143, 5.97%, 0, 0, 3, 17.56
1700993337, 0, 243, 567, 521, 143, 5.97%, 0, 0, 3, 21.09
1700993362, 0, 243, 568, 522, 143, 5.97%, 0, 0, 3, 22.76
1700993592, 0, 243, 569, 523, 143, 5.97%, 0, 0, 3, 24.11
1700993664, 0, 243, 570, 524, 143, 5.97%, 0, 0, 3, 23.30
1700993704, 0, 243, 572, 526, 143, 5.97%, 0, 0, 3, 23.88
1700993970, 0, 243, 573, 527, 143, 5.97%, 0, 0, 3, 19.86
1700994006, 0, 243, 574, 528, 143, 5.97%, 0, 0, 3, 21.01
1700994088, 0, 243, 575, 529, 143, 5.98%, 0, 0, 3, 20.26
1700994119, 0, 243, 576, 530, 143, 5.98%, 0, 0, 3, 19.10
1700994150, 0, 243, 577, 531, 143, 5.98%, 0, 0, 3, 19.98
1700994191, 0, 243, 578, 532, 143, 5.98%, 0, 0, 3, 21.01
1700994258, 0, 243, 579, 533, 143, 5.98%, 0, 0, 3, 21.28
1700994330, 0, 243, 580, 534, 143, 5.98%, 0, 0, 3, 19.87
1700994463, 0, 243, 581, 535, 143, 5.98%, 0, 0, 3, 21.01
1700994468, 0, 243, 582, 536, 143, 5.98%, 0, 0, 3, 20.61
1700994494, 0, 243, 583, 537, 143, 5.98%, 0, 0, 3, 20.98
1700994632, 0, 243, 584, 538, 143, 5.98%, 0, 0, 3, 21.46
1700994704, 0, 243, 585, 539, 143, 5.98%, 0, 0, 3, 18.61
1700994857, 0, 243, 586, 540, 143, 5.98%, 0, 0, 3, 21.19
1700994914, 0, 243, 587, 541, 143, 6.00%, 0, 0, 3, 21.81
1700994965, 0, 243, 588, 542, 143, 6.00%, 0, 0, 3, 20.88
1700995083, 0, 243, 589, 543, 143, 6.00%, 0, 0, 3, 21.86
1700995211, 0, 243, 590, 544, 143, 6.00%, 0, 0, 3, 19.08
1700995226, 0, 243, 591, 545, 143, 6.00%, 0, 0, 3, 20.65
1700995298, 0, 243, 592, 546, 143, 6.00%, 0, 0, 3, 19.71
1700995534, 0, 243, 593, 547, 143, 6.01%, 0, 0, 3, 20.27
1700995585, 0, 245, 593, 546, 151, 6.01%, 0, 0, 3, 16.68
1700995672, 0, 246, 593, 545, 150, 6.01%, 0, 0, 3, 18.87
1700996029, 0, 251, 593, 544, 149, 6.01%, 0, 0, 3, 17.99
1700996535, 0, 251, 594, 545, 149, 6.01%, 0, 0, 3, 20.63
1700998788, 0, 251, 595, 546, 149, 6.01%, 0, 0, 3, 19.45
1700998895, 0, 252, 595, 545, 149, 6.01%, 0, 0, 3, 21.10
1700998916, 0, 252, 597, 547, 149, 6.03%, 0, 0, 3, 33.63
1700998926, 0, 252, 598, 548, 149, 6.04%, 0, 0, 3, 33.48
1700998977, 0, 252, 600, 550, 149, 6.06%, 0, 0, 3, 36.16
1700999141, 0, 252, 601, 551, 149, 6.06%, 0, 0, 3, 33.83
1700999280, 0, 253, 601, 550, 154, 6.06%, 0, 0, 3, 19.51
1700999351, 0, 255, 601, 549, 153, 6.06%, 0, 0, 3, 17.52
1701001286, 0, 256, 601, 548, 152, 6.06%, 0, 0, 3, 22.14
1701001317, 0, 256, 602, 549, 152, 6.06%, 0, 0, 3, 26.62
1701001969, 0, 259, 602, 548, 152, 6.06%, 0, 0, 3, 17.70
1701001995, 0, 264, 602, 546, 150, 6.06%, 0, 0, 3, 22.95
1701002615, 0, 264, 603, 547, 150, 6.07%, 0, 0, 3, 22.75
1701002707, 0, 275, 603, 546, 149, 6.07%, 0, 0, 3, 25.29
1701002712, 0, 275, 604, 547, 149, 6.08%, 0, 0, 3, 35.50
1701002830, 0, 275, 607, 550, 149, 6.10%, 0, 0, 3, 35.05
1701002835, 0, 275, 608, 551, 149, 6.10%, 0, 0, 3, 36.48
1701002999, 0, 275, 609, 552, 149, 6.10%, 0, 0, 3, 39.24
1701003065, 0, 276, 609, 551, 152, 6.10%, 0, 0, 3, 24.49
1701003805, 0, 276, 610, 552, 152, 6.10%, 0, 0, 3, 20.74
1701003897, 0, 281, 610, 550, 151, 6.10%, 0, 0, 3, 21.35
1701005236, 0, 281, 611, 551, 151, 6.10%, 0, 0, 4, 19.84
1701005313, 0, 283, 611, 550, 151, 6.10%, 0, 0, 4, 19.68
1701005318, 0, 287, 611, 549, 150, 6.10%, 0, 0, 4, 18.75
1701005866, 0, 287, 612, 550, 150, 6.10%, 0, 0, 4, 19.51
1701006402, 0, 288, 612, 549, 150, 6.10%, 0, 0, 4, 20.26
1701006771, 0, 290, 612, 548, 149, 6.10%, 0, 0, 4, 22.34
1701008290, 0, 291, 612, 547, 148, 6.10%, 0, 0, 4, 22.20
1701008668, 0, 296, 612, 546, 147, 6.10%, 0, 0, 4, 17.92
1701008688, 0, 296, 615, 549, 147, 6.15%, 0, 0, 4, 18.29
1701010786, 0, 296, 616, 550, 147, 6.15%, 0, 0, 4, 20.09
1701010878, 0, 296, 617, 551, 147, 6.15%, 0, 0, 4, 19.66
1701010914, 0, 296, 618, 552, 147, 6.15%, 0, 0, 4, 19.50
1701011006, 0, 296, 619, 553, 147, 6.15%, 0, 0, 4, 19.45
1701011184, 0, 296, 620, 554, 147, 6.15%, 0, 0, 4, 18.65
1701011251, 0, 296, 621, 555, 147, 6.16%, 0, 0, 4, 19.43
1701012023, 0, 296, 622, 556, 147, 6.16%, 0, 0, 4, 20.66
1701012575, 0, 297, 622, 555, 150, 6.16%, 0, 0, 4, 20.20
1701014076, 0, 298, 622, 554, 149, 6.16%, 0, 0, 4, 26.37
1701014138, 0, 298, 623, 555, 149, 6.16%, 0, 0, 4, 32.58
1701014383, 0, 298, 624, 556, 149, 6.16%, 0, 0, 4, 26.90
1701014685, 0, 298, 625, 557, 149, 6.16%, 0, 0, 4, 23.68
1701014695, 0, 298, 627, 559, 149, 6.16%, 0, 0, 4, 24.04
1701014700, 0, 298, 628, 560, 149, 6.16%, 0, 0, 4, 24.19
1701014710, 0, 298, 629, 561, 149, 6.16%, 0, 0, 4, 23.46
1701014726, 0, 298, 630, 562, 149, 6.16%, 0, 0, 4, 23.20
1701014935, 0, 298, 631, 563, 149, 6.16%, 0, 0, 4, 21.92
1701015022, 0, 298, 632, 564, 149, 6.16%, 0, 0, 4, 23.40
1701016159, 0, 299, 632, 563, 149, 6.16%, 0, 0, 4, 21.71
1701017089, 0, 310, 632, 562, 148, 6.16%, 0, 0, 4, 19.01
1701018556, 0, 314, 632, 561, 147, 6.16%, 0, 0, 4, 17.50
1701020385, 0, 316, 632, 559, 145, 6.16%, 0, 0, 4, 18.72
1701020523, 0, 316, 633, 560, 145, 6.16%, 0, 0, 4, 18.30
1701020605, 0, 317, 633, 559, 145, 6.16%, 0, 0, 4, 17.18
1701021438, 0, 317, 634, 560, 145, 6.16%, 0, 0, 4, 18.43
1701022076, 0, 317, 635, 561, 145, 6.16%, 0, 0, 4, 17.97
1701022107, 0, 317, 636, 562, 145, 6.16%, 0, 0, 4, 17.99
1701022127, 0, 317, 637, 563, 145, 6.16%, 0, 0, 4, 17.80
1701022148, 0, 317, 638, 564, 145, 6.16%, 0, 0, 4, 16.97
1701022480, 0, 317, 639, 565, 145, 6.16%, 0, 0, 4, 18.82
1701022495, 0, 317, 640, 566, 145, 6.16%, 0, 0, 4, 17.90
1701022680, 0, 317, 641, 567, 145, 6.16%, 0, 0, 4, 17.79
1701022725, 0, 317, 642, 568, 145, 6.16%, 0, 0, 4, 18.75
1701023180, 0, 317, 643, 569, 145, 6.16%, 0, 0, 4, 18.39
1701023572, 0, 317, 644, 570, 145, 6.19%, 0, 0, 4, 18.53
1701023588, 0, 317, 645, 571, 145, 6.19%, 0, 0, 4, 18.08
1701023669, 0, 317, 646, 572, 145, 6.19%, 0, 0, 4, 18.24
1701023710, 0, 317, 647, 573, 145, 6.19%, 0, 0, 4, 18.43
1701023787, 0, 317, 648, 574, 145, 6.19%, 0, 0, 4, 18.73
1701023879, 0, 318, 648, 573, 144, 6.19%, 0, 0, 4, 17.55
1701024595, 0, 320, 648, 572, 143, 6.19%, 0, 0, 4, 17.31
1701024605, 0, 327, 648, 571, 142, 6.19%, 0, 0, 4, 17.77
1701024621, 0, 330, 648, 570, 141, 6.19%, 0, 0, 4, 19.00
1701026007, 0, 334, 648, 569, 140, 6.19%, 0, 0, 4, 17.57
1701026027, 0, 334, 649, 570, 140, 6.19%, 0, 0, 4, 23.99
1701026058, 0, 334, 650, 571, 140, 6.19%, 0, 0, 4, 24.89
1701026135, 0, 334, 651, 572, 140, 6.19%, 0, 0, 4, 21.77
1701026201, 0, 334, 653, 574, 140, 6.19%, 0, 0, 4, 18.51
1701026417, 0, 338, 653, 573, 142, 6.19%, 0, 0, 4, 18.25
1701026612, 0, 338, 654, 574, 142, 6.19%, 0, 0, 4, 19.18
1701027307, 0, 338, 655, 575, 142, 6.19%, 0, 0, 4, 18.75
1701027312, 0, 338, 656, 576, 142, 6.19%, 0, 0, 4, 19.33
1701027323, 0, 338, 657, 577, 142, 6.19%, 0, 0, 4, 19.31
1701027328, 0, 338, 658, 578, 142, 6.19%, 0, 0, 4, 19.27
1701027368, 0, 338, 659, 579, 142, 6.19%, 0, 0, 4, 19.30
1701027409, 0, 338, 660, 580, 142, 6.19%, 0, 0, 4, 18.39
1701027424, 0, 338, 661, 581, 142, 6.19%, 0, 0, 4, 18.09
1701027445, 0, 338, 662, 582, 142, 6.19%, 0, 0, 4, 17.71
1701027628, 0, 338, 664, 584, 142, 6.19%, 0, 0, 4, 18.53
1701027848, 0, 338, 665, 585, 142, 6.19%, 0, 0, 4, 18.23
1701027981, 0, 338, 666, 586, 142, 6.19%, 0, 0, 4, 18.68
1701028073, 0, 338, 667, 587, 142, 6.19%, 0, 0, 4, 16.95
1701028358, 0, 338, 668, 588, 142, 6.19%, 0, 0, 4, 19.23
1701028404, 0, 338, 669, 589, 142, 6.19%, 0, 0, 4, 18.30
1701028569, 0, 338, 670, 590, 142, 6.19%, 0, 0, 4, 19.62
1701028584, 0, 338, 671, 591, 142, 6.19%, 0, 0, 4, 18.88
1701028599, 0, 338, 672, 592, 142, 6.19%, 0, 0, 4, 20.14
1701028614, 0, 338, 673, 593, 142, 6.19%, 0, 0, 4, 19.72
1701028635, 0, 338, 674, 594, 142, 6.19%, 0, 0, 4, 19.16
1701028742, 0, 338, 675, 595, 142, 6.19%, 0, 0, 4, 18.52
1701028879, 0, 338, 676, 596, 142, 6.20%, 0, 0, 4, 19.59
1701028992, 0, 338, 677, 597, 142, 6.20%, 0, 0, 4, 20.97
1701029064, 0, 340, 677, 595, 144, 6.20%, 0, 0, 4, 20.48
1701029774, 0, 340, 678, 596, 144, 6.23%, 0, 0, 4, 23.18
1701029821, 0, 342, 678, 595, 144, 6.23%, 0, 0, 4, 19.36
1701029831, 0, 345, 678, 594, 143, 6.23%, 0, 0, 4, 19.75
1701030066, 0, 348, 678, 592, 141, 6.23%, 0, 0, 4, 24.64
1701030087, 0, 348, 679, 593, 141, 6.23%, 0, 0, 4, 32.16
1701030731, 0, 349, 679, 592, 142, 6.23%, 0, 0, 4, 19.70
1701030777, 0, 349, 680, 593, 142, 6.23%, 0, 0, 4, 20.24
1701030880, 0, 349, 681, 594, 142, 6.23%, 0, 0, 4, 19.54
1701032214, 0, 350, 681, 593, 141, 6.23%, 0, 0, 4, 20.88
1701032219, 0, 350, 682, 594, 141, 6.23%, 0, 0, 4, 21.06
1701033657, 0, 352, 682, 593, 141, 6.23%, 0, 0, 4, 22.35
1701033662, 0, 352, 683, 594, 141, 6.23%, 0, 0, 4, 25.02
1701034076, 0, 352, 684, 595, 141, 6.23%, 0, 0, 4, 20.13
1701034168, 0, 354, 684, 593, 140, 6.23%, 0, 0, 4, 22.99
1701034189, 0, 354, 686, 595, 140, 6.25%, 0, 0, 4, 29.89
1701034608, 0, 354, 687, 596, 140, 6.25%, 0, 0, 4, 25.51
1701034669, 0, 354, 688, 597, 140, 6.25%, 0, 0, 4, 20.67
1701034772, 0, 354, 689, 598, 140, 6.25%, 0, 0, 4, 27.68
1701034905, 0, 354, 690, 599, 140, 6.25%, 0, 0, 4, 24.01
1701034920, 0, 354, 691, 600, 140, 6.25%, 0, 0, 4, 22.48
1701034966, 0, 354, 692, 601, 140, 6.25%, 0, 0, 4, 23.19
1701034977, 0, 354, 693, 602, 140, 6.25%, 0, 0, 4, 22.33
1701034982, 0, 354, 694, 603, 140, 6.25%, 0, 0, 4, 22.42
1701035013, 0, 354, 695, 604, 140, 6.25%, 0, 0, 4, 23.93
1701035043, 0, 354, 696, 605, 140, 6.25%, 0, 0, 4, 22.72
1701035074, 0, 354, 697, 606, 140, 6.25%, 0, 0, 4, 20.43
1701035089, 0, 354, 698, 607, 140, 6.25%, 0, 0, 4, 21.82
1701035105, 0, 354, 699, 608, 140, 6.25%, 0, 0, 4, 20.53
1701035156, 0, 354, 700, 609, 140, 6.27%, 0, 0, 4, 21.14
1701035161, 0, 354, 701, 610, 140, 6.27%, 0, 0, 4, 21.98
1701035233, 0, 354, 703, 612, 140, 6.27%, 0, 0, 4, 24.12
1701035263, 0, 354, 704, 613, 140, 6.27%, 0, 0, 4, 22.83
1701035355, 0, 354, 705, 614, 140, 6.27%, 0, 0, 4, 20.68
1701035391, 0, 354, 706, 615, 140, 6.27%, 0, 0, 4, 22.76
1701035396, 0, 354, 707, 616, 140, 6.27%, 0, 0, 4, 23.25
1701035432, 0, 354, 708, 617, 140, 6.27%, 0, 0, 4, 22.25
1701035713, 0, 354, 709, 618, 140, 6.27%, 0, 0, 4, 23.58
1701035785, 0, 354, 710, 619, 140, 6.27%, 0, 0, 4, 21.77
1701035831, 0, 354, 711, 620, 140, 6.27%, 0, 0, 4, 21.79
1701035924, 0, 354, 712, 621, 140, 6.27%, 0, 0, 4, 21.56
1701035929, 0, 354, 713, 622, 140, 6.27%, 0, 0, 4, 21.67
1701035954, 0, 354, 714, 623, 140, 6.27%, 0, 0, 4, 19.77
1701036041, 0, 354, 715, 624, 140, 6.30%, 0, 0, 4, 21.06
1701036211, 0, 354, 716, 625, 140, 6.33%, 0, 0, 4, 21.20
1701036272, 0, 354, 717, 626, 140, 6.33%, 0, 0, 4, 22.36
1701036282, 0, 354, 718, 627, 140, 6.33%, 0, 0, 4, 21.79
1701036323, 0, 354, 719, 628, 140, 6.33%, 0, 0, 4, 22.16
1701036431, 0, 358, 719, 627, 147, 6.33%, 0, 0, 4, 21.62
1701036614, 0, 365, 719, 626, 146, 6.33%, 0, 0, 4, 17.71
1701036624, 0, 368, 719, 625, 145, 6.33%, 0, 0, 4, 17.51
1701036860, 0, 371, 719, 624, 144, 6.33%, 0, 0, 4, 18.93
1701037049, 0, 371, 720, 625, 144, 6.33%, 0, 0, 4, 26.40
1701037341, 0, 373, 720, 624, 143, 6.33%, 0, 0, 4, 17.69
1701037356, 0, 377, 720, 623, 142, 6.33%, 0, 0, 4, 17.90
1701038618, 0, 383, 720, 622, 141, 6.33%, 0, 0, 4, 18.76
1701038623, 0, 386, 720, 621, 140, 6.33%, 0, 0, 4, 18.20
1701038633, 0, 387, 720, 620, 139, 6.33%, 0, 0, 4, 17.62
1701038644, 0, 388, 720, 619, 138, 6.33%, 0, 0, 4, 19.05
1701038659, 0, 388, 722, 621, 138, 6.33%, 0, 0, 4, 23.32
1701038674, 0, 388, 723, 622, 138, 6.35%, 0, 0, 4, 23.10
1701038746, 0, 388, 725, 624, 138, 6.39%, 0, 0, 4, 24.86
1701038766, 0, 388, 726, 625, 138, 6.39%, 0, 0, 4, 21.94
1701038991, 0, 388, 727, 626, 138, 6.40%, 0, 0, 4, 27.12
1701039027, 0, 388, 728, 627, 138, 6.40%, 0, 0, 4, 23.41
1701039047, 0, 388, 729, 628, 138, 6.41%, 0, 0, 4, 19.97
1701039399, 0, 388, 730, 629, 138, 6.41%, 0, 0, 4, 16.75
1701039476, 0, 391, 730, 628, 145, 6.41%, 0, 0, 4, 17.95
1701039486, 0, 393, 730, 627, 144, 6.41%, 0, 0, 4, 18.20
1701039502, 0, 393, 732, 629, 144, 6.41%, 0, 0, 4, 21.36
1701039726, 0, 396, 732, 628, 145, 6.41%, 0, 0, 4, 24.64
1701040212, 0, 398, 732, 627, 144, 6.41%, 0, 0, 4, 22.68
1701040227, 0, 399, 732, 626, 143, 6.41%, 0, 0, 4, 18.67
1701040616, 0, 400, 732, 625, 142, 6.41%, 0, 0, 4, 18.14
1701041329, 0, 401, 732, 624, 142, 6.41%, 0, 0, 4, 15.66
1701043116, 0, 402, 732, 623, 141, 6.41%, 0, 0, 4, 18.58
1701043131, 0, 402, 733, 624, 141, 6.41%, 0, 0, 4, 18.60
1701044483, 0, 402, 734, 625, 141, 6.41%, 0, 0, 4, 19.63
1701044994, 0, 402, 735, 626, 141, 6.41%, 0, 0, 4, 18.47
1701045051, 0, 405, 735, 625, 142, 6.41%, 0, 0, 4, 19.09
1701045112, 0, 405, 736, 626, 142, 6.42%, 0, 0, 4, 19.63
1701045644, 0, 405, 737, 627, 142, 6.43%, 0, 0, 4, 19.06
1701045910, 0, 405, 738, 628, 142, 6.43%, 0, 0, 4, 18.57
1701045915, 0, 405, 740, 630, 142, 6.44%, 0, 0, 4, 17.97
1701046001, 0, 405, 741, 631, 142, 6.45%, 0, 0, 4, 18.69
1701046144, 0, 405, 742, 632, 142, 6.45%, 0, 0, 4, 19.24
1701046206, 0, 405, 743, 633, 142, 6.46%, 0, 0, 4, 18.82
1701046711, 0, 405, 744, 634, 142, 6.46%, 0, 0, 4, 18.77
1701047710, 0, 413, 744, 633, 147, 6.46%, 0, 0, 4, 17.31
1701049746, 0, 413, 745, 634, 147, 6.46%, 0, 0, 4, 20.13
1701050262, 0, 417, 745, 633, 147, 6.46%, 0, 0, 4, 17.72
1701050584, 0, 417, 746, 634, 147, 6.46%, 0, 0, 4, 21.57
1701050767, 0, 419, 746, 632, 146, 6.46%, 0, 0, 4, 20.07
1701051279, 0, 419, 747, 633, 146, 6.47%, 0, 0, 4, 20.79
1701051500, 0, 419, 748, 634, 146, 6.47%, 0, 0, 4, 18.52
1701051587, 0, 434, 748, 631, 145, 6.47%, 0, 0, 4, 21.12
1701051827, 0, 438, 748, 630, 144, 6.47%, 0, 0, 4, 20.05
1701051853, 0, 438, 749, 631, 144, 6.47%, 0, 0, 4, 19.44
1701051919, 0, 441, 749, 630, 144, 6.47%, 0, 0, 4, 18.07
1701051930, 0, 442, 750, 630, 143, 6.48%, 0, 0, 4, 25.63
1701051971, 0, 442, 751, 631, 143, 6.48%, 0, 0, 4, 28.07
1701052206, 0, 443, 751, 630, 143, 6.48%, 0, 0, 4, 20.57
1701052723, 0, 446, 751, 629, 142, 6.48%, 0, 0, 4, 20.28
1701052896, 0, 453, 751, 628, 141, 6.48%, 0, 0, 4, 18.75
1701053223, 0, 454, 751, 627, 140, 6.48%, 0, 0, 4, 21.12
1701053448, 0, 455, 751, 626, 139, 6.48%, 0, 0, 4, 18.75
1701053632, 0, 457, 751, 625, 138, 6.48%, 0, 0, 4, 21.79
1701054087, 0, 457, 752, 626, 138, 6.48%, 0, 0, 4, 25.20
1701054342, 0, 458, 752, 625, 138, 6.48%, 0, 0, 4, 18.67
1701054353, 0, 463, 752, 623, 136, 6.48%, 0, 0, 4, 18.13
1701054546, 0, 464, 752, 622, 135, 6.48%, 0, 0, 4, 17.97
1701054556, 0, 465, 752, 621, 134, 6.48%, 0, 0, 4, 17.61
1701054567, 0, 469, 752, 620, 133, 6.48%, 0, 0, 4, 16.63
1701054577, 0, 470, 752, 619, 132, 6.48%, 0, 0, 4, 18.43
1701054699, 0, 470, 753, 620, 132, 6.48%, 0, 0, 4, 21.77
1701054725, 0, 470, 754, 621, 132, 6.48%, 0, 0, 4, 20.18
1701054823, 0, 476, 754, 619, 129, 6.48%, 0, 0, 4, 24.25
1701054925, 0, 476, 755, 620, 129, 6.48%, 0, 0, 4, 44.47
1701054940, 0, 476, 756, 621, 129, 6.48%, 0, 0, 4, 36.00
1701055430, 0, 476, 757, 622, 129, 6.48%, 0, 0, 4, 24.61
1701055491, 0, 483, 757, 620, 129, 6.48%, 0, 0, 4, 22.34
1701055746, 0, 484, 757, 619, 128, 6.48%, 0, 0, 4, 21.39
1701056227, 0, 485, 757, 618, 127, 6.48%, 0, 0, 4, 20.90
1701056232, 0, 485, 758, 619, 127, 6.48%, 0, 0, 4, 23.90
1701056630, 0, 485, 760, 621, 127, 6.49%, 0, 0, 4, 19.55
1701056778, 0, 485, 761, 622, 127, 6.49%, 0, 0, 4, 18.14
1701057055, 0, 486, 761, 621, 129, 6.49%, 0, 0, 4, 17.90
1701057060, 0, 486, 762, 622, 129, 6.50%, 0, 0, 4, 18.32
1701057070, 0, 486, 763, 623, 129, 6.50%, 0, 0, 4, 18.80
1701057096, 0, 491, 763, 620, 128, 6.50%, 0, 0, 4, 20.32
1701057347, 0, 493, 763, 618, 126, 6.50%, 0, 0, 4, 18.02
1701057357, 0, 495, 763, 617, 125, 6.50%, 0, 0, 4, 17.74
1701057546, 0, 495, 764, 618, 125, 6.51%, 0, 0, 4, 17.54
1701057623, 0, 497, 764, 617, 125, 6.51%, 0, 0, 4, 19.31
1701057633, 0, 499, 764, 615, 123, 6.51%, 0, 0, 4, 21.77
1701057644, 0, 502, 764, 612, 120, 6.51%, 0, 0, 4, 21.62
1701057654, 0, 502, 765, 613, 120, 6.51%, 0, 0, 4, 20.97
1701057664, 0, 509, 765, 609, 117, 6.51%, 0, 0, 4, 22.95
1701057730, 0, 509, 766, 610, 117, 6.51%, 0, 0, 4, 19.53
1701058558, 0, 509, 767, 611, 117, 6.51%, 0, 0, 4, 18.79
1701058645, 0, 509, 768, 612, 117, 6.51%, 0, 0, 4, 19.35
1701058691, 0, 509, 769, 613, 117, 6.51%, 0, 0, 4, 19.90
1701058983, 0, 510, 769, 612, 117, 6.51%, 0, 0, 4, 17.52
1701058988, 0, 510, 770, 613, 117, 6.52%, 0, 0, 4, 17.38
1701059064, 0, 510, 771, 614, 117, 6.52%, 0, 0, 4, 21.72
1701059172, 0, 510, 772, 615, 117, 6.52%, 0, 0, 4, 20.95
1701059759, 0, 510, 773, 616, 117, 6.52%, 0, 0, 4, 18.29
1701060061, 0, 510, 774, 617, 117, 6.52%, 0, 0, 4, 18.23
1701060153, 0, 511, 774, 616, 120, 6.52%, 0, 0, 4, 19.19
1701060847, 0, 511, 775, 617, 120, 6.52%, 0, 0, 4, 18.96
1701060888, 0, 511, 776, 618, 120, 6.52%, 0, 0, 4, 18.10
1701061000, 0, 511, 777, 619, 120, 6.52%, 0, 0, 4, 19.11
1701061005, 0, 511, 778, 620, 120, 6.52%, 0, 0, 4, 19.22
1701061174, 0, 511, 779, 621, 120, 6.52%, 0, 0, 4, 19.43
1701061685, 0, 511, 780, 622, 120, 6.53%, 0, 0, 4, 19.79
1701061726, 0, 511, 781, 623, 120, 6.53%, 0, 0, 4, 18.83
1701062084, 0, 511, 782, 624, 120, 6.53%, 0, 0, 4, 19.72
1701062166, 0, 511, 783, 625, 120, 6.53%, 0, 0, 4, 19.98
1701062242, 0, 511, 784, 626, 120, 6.53%, 0, 0, 4, 18.35
1701062523, 0, 512, 784, 625, 126, 6.53%, 0, 0, 4, 17.55
1701063412, 0, 512, 785, 626, 126, 6.53%, 0, 0, 4, 18.14
1701063503, 0, 513, 785, 625, 126, 6.53%, 0, 0, 4, 17.61
1701063519, 0, 518, 785, 623, 124, 6.53%, 0, 0, 4, 17.78
1701063545, 0, 522, 785, 622, 123, 6.53%, 0, 0, 4, 16.72
1701063555, 0, 522, 787, 624, 123, 6.53%, 0, 0, 4, 17.13
1701063626, 0, 522, 788, 625, 123, 6.53%, 0, 0, 4, 17.98
1701063708, 0, 523, 789, 625, 122, 6.53%, 0, 0, 4, 18.45
1701063728, 0, 523, 790, 626, 122, 6.53%, 0, 0, 4, 19.38
1701063759, 0, 523, 791, 627, 122, 6.54%, 0, 0, 4, 20.73
1701063830, 0, 534, 791, 626, 123, 6.54%, 0, 0, 4, 18.28
1701066639, 0, 534, 792, 627, 123, 6.54%, 0, 0, 4, 19.35
1701066649, 0, 534, 793, 628, 123, 6.54%, 0, 0, 4, 18.68
1701066675, 0, 534, 794, 629, 123, 6.54%, 0, 0, 4, 18.85
1701066966, 0, 534, 795, 630, 123, 6.54%, 0, 0, 4, 19.94
1701067297, 0, 534, 796, 631, 123, 6.54%, 0, 0, 4, 18.62
1701067762, 0, 534, 797, 632, 123, 6.54%, 0, 0, 4, 5.39
1701067782, 0, 534, 798, 633, 123, 6.54%, 0, 0, 4, 19.03
1701067797, 0, 534, 799, 634, 123, 6.54%, 0, 0, 4, 18.67
1701068008, 0, 534, 800, 635, 123, 6.54%, 0, 0, 4, 18.46
1701068415, 0, 535, 800, 634, 126, 6.54%, 0, 0, 4, 18.18
1701068487, 0, 535, 801, 635, 126, 6.54%, 0, 0, 4, 21.22
1701069684, 0, 537, 801, 634, 126, 6.54%, 0, 0, 4, 18.79
1701070021, 0, 537, 802, 635, 126, 6.54%, 0, 0, 4, 18.16
1701070449, 0, 537, 803, 636, 126, 6.54%, 0, 0, 4, 17.51
1701070561, 0, 538, 803, 635, 126, 6.54%, 0, 0, 4, 15.60
1701071313, 0, 538, 804, 636, 126, 6.54%, 0, 0, 4, 18.56
1701073030, 0, 554, 804, 635, 126, 6.54%, 0, 0, 4, 18.71
1701073045, 0, 557, 804, 634, 125, 6.54%, 0, 0, 4, 20.38
1701076104, 0, 557, 805, 635, 125, 6.54%, 0, 0, 4, 20.19
1701076176, 0, 559, 805, 634, 124, 6.54%, 0, 0, 4, 18.21
1701079039, 0, 559, 806, 635, 124, 6.55%, 0, 0, 4, 20.03
1701080430, 0, 559, 807, 636, 124, 6.55%, 0, 0, 4, 18.93
1701080497, 0, 563, 807, 635, 124, 6.55%, 0, 0, 4, 20.58
1701083539, 0, 563, 808, 636, 124, 6.61%, 0, 0, 4, 23.13
1701083615, 0, 572, 808, 634, 124, 6.61%, 0, 0, 4, 25.67
1701083820, 0, 583, 808, 633, 123, 6.61%, 0, 0, 4, 26.17
1701084654, 0, 586, 808, 632, 122, 6.61%, 0, 0, 4, 28.70
1701084849, 0, 590, 809, 632, 121, 6.62%, 0, 0, 4, 23.91
1701084926, 0, 590, 810, 633, 121, 6.62%, 0, 0, 4, 26.82
1701085155, 0, 590, 811, 634, 121, 6.62%, 0, 0, 4, 24.82
1701085492, 0, 590, 813, 636, 121, 6.62%, 0, 0, 4, 21.55
1701085671, 0, 591, 813, 635, 123, 6.62%, 0, 0, 4, 20.13
1701086794, 0, 592, 814, 635, 122, 6.62%, 0, 0, 4, 24.60
1701086957, 0, 595, 815, 635, 122, 6.63%, 0, 0, 4, 19.85
1701086973, 0, 596, 815, 634, 122, 6.63%, 0, 0, 4, 22.73
1701086978, 0, 597, 815, 633, 121, 6.63%, 0, 0, 4, 22.74
1701086983, 0, 597, 816, 634, 121, 6.63%, 0, 0, 4, 20.82
1701086993, 0, 598, 816, 633, 121, 6.63%, 0, 0, 4, 23.95
1701087004, 0, 599, 816, 632, 120, 6.63%, 0, 0, 4, 22.84
1701087014, 0, 602, 816, 629, 117, 6.63%, 0, 0, 4, 19.94
1701087162, 0, 602, 817, 630, 117, 6.64%, 0, 0, 4, 19.42
1701088286, 0, 602, 818, 631, 117, 6.64%, 0, 0, 4, 18.92
1701088378, 0, 603, 818, 630, 118, 6.64%, 0, 0, 4, 29.04
1701088388, 0, 603, 819, 631, 118, 6.64%, 0, 0, 4, 39.53
1701088414, 0, 603, 820, 632, 118, 6.64%, 0, 0, 4, 35.28
1701088419, 0, 603, 821, 633, 118, 6.64%, 0, 0, 4, 37.79
1701088444, 0, 603, 822, 634, 118, 6.65%, 0, 0, 4, 36.92
1701088505, 0, 603, 823, 635, 118, 6.65%, 0, 0, 4, 33.50
1701088587, 0, 603, 824, 636, 118, 6.65%, 0, 0, 4, 32.41
1701088602, 0, 603, 825, 637, 118, 6.65%, 0, 0, 4, 41.35
1701088607, 0, 603, 826, 638, 118, 6.65%, 0, 0, 4, 41.09
1701088715, 0, 603, 827, 639, 118, 6.65%, 0, 0, 4, 25.26
1701088786, 0, 605, 827, 637, 123, 6.65%, 0, 0, 4, 30.65
1701088791, 0, 608, 827, 634, 120, 6.65%, 0, 0, 4, 35.07
1701088797, 0, 609, 827, 633, 119, 6.65%, 0, 0, 4, 26.26
1701089564, 0, 610, 827, 632, 118, 6.65%, 0, 0, 4, 21.80
1701089620, 0, 610, 828, 633, 118, 6.65%, 0, 0, 5, 20.20
1701090996, 0, 615, 828, 632, 118, 6.65%, 0, 0, 5, 18.27
1701093282, 0, 621, 828, 630, 116, 6.65%, 0, 0, 5, 17.54
1701094749, 0, 621, 829, 631, 116, 6.65%, 0, 0, 5, 19.53
1701095682, 0, 621, 830, 632, 116, 6.65%, 0, 0, 5, 18.07
1701095928, 0, 632, 830, 630, 116, 6.65%, 0, 0, 5, 20.38
1701096219, 0, 633, 830, 629, 115, 6.65%, 0, 0, 5, 20.27
1701096224, 0, 643, 830, 628, 115, 6.65%, 0, 0, 5, 21.04
1701096598, 0, 643, 831, 629, 115, 6.65%, 0, 0, 5, 22.84
1701096776, 0, 643, 832, 630, 115, 6.66%, 0, 0, 5, 18.43
1701096987, 0, 651, 832, 628, 115, 6.66%, 0, 0, 5, 21.83
1701097201, 0, 651, 833, 629, 115, 6.66%, 0, 0, 5, 18.81
1701097232, 0, 651, 834, 630, 115, 6.66%, 0, 0, 5, 19.52
1701097467, 0, 651, 835, 631, 115, 6.66%, 0, 0, 5, 18.40
1701097518, 0, 651, 836, 632, 115, 6.66%, 0, 0, 5, 19.40
1701098408, 0, 651, 837, 633, 115, 6.66%, 0, 0, 5, 18.89
1701098879, 0, 656, 838, 633, 115, 6.66%, 0, 0, 5, 23.14
1701099646, 0, 656, 839, 634, 115, 6.66%, 0, 0, 5, 20.97
1701099652, 0, 656, 840, 635, 115, 6.66%, 0, 0, 5, 20.63
1701099723, 0, 656, 841, 636, 115, 6.66%, 0, 0, 5, 21.09
1701099847, 0, 656, 842, 637, 115, 6.67%, 0, 0, 5, 20.69
1701099872, 0, 656, 843, 638, 115, 6.67%, 0, 0, 5, 20.86
1701100041, 0, 656, 844, 639, 115, 6.67%, 0, 0, 5, 21.07
1701100144, 0, 656, 845, 640, 115, 6.67%, 0, 0, 5, 20.06
1701100435, 0, 656, 846, 641, 115, 6.67%, 0, 0, 5, 20.34
1701100548, 0, 656, 847, 642, 115, 6.67%, 0, 0, 5, 20.26
1701100696, 0, 656, 848, 643, 115, 6.68%, 0, 0, 5, 19.16
1701100983, 0, 656, 849, 644, 115, 6.68%, 0, 0, 5, 20.02
1701101299, 0, 657, 849, 643, 116, 6.68%, 0, 0, 5, 20.12
1701101805, 0, 657, 850, 644, 116, 6.68%, 0, 0, 5, 20.22
1701101821, 0, 657, 851, 645, 116, 6.68%, 0, 0, 5, 19.12
1701101937, 0, 657, 852, 646, 116, 6.68%, 0, 0, 5, 18.57
1701102572, 0, 657, 853, 647, 116, 6.68%, 0, 0, 5, 18.51
1701102741, 0, 657, 854, 648, 116, 6.68%, 0, 0, 5, 17.65
1701102873, 0, 657, 855, 649, 116, 6.69%, 0, 0, 5, 19.43
1701103472, 0, 659, 855, 648, 119, 6.69%, 0, 0, 5, 18.69
1701104105, 0, 659, 856, 649, 119, 6.69%, 0, 0, 5, 23.02
1701104417, 0, 667, 856, 648, 117, 6.69%, 0, 0, 5, 17.68
1701105393, 0, 667, 857, 649, 117, 6.69%, 0, 0, 5, 19.57
1701105547, 0, 670, 857, 647, 115, 6.69%, 0, 0, 5, 19.17
1701106319, 0, 670, 858, 648, 115, 6.69%, 0, 0, 5, 19.80
1701106493, 0, 675, 858, 647, 114, 6.69%, 0, 0, 5, 19.39
1701106509, 0, 675, 862, 651, 114, 6.69%, 0, 0, 5, 20.42
1701106529, 0, 675, 863, 652, 114, 6.69%, 0, 0, 5, 20.56
1701106560, 0, 675, 864, 653, 114, 6.69%, 0, 0, 5, 20.83
1701106820, 0, 675, 865, 654, 114, 6.69%, 0, 0, 5, 20.03
1701106856, 0, 675, 866, 655, 114, 6.69%, 0, 0, 5, 21.49
1701107198, 0, 675, 868, 657, 114, 6.69%, 0, 0, 5, 19.96
1701107208, 0, 675, 869, 658, 114, 6.69%, 0, 0, 5, 17.76
1701107213, 0, 675, 870, 659, 114, 6.69%, 0, 0, 5, 19.74
1701107239, 0, 675, 871, 660, 114, 6.69%, 0, 0, 5, 19.87
1701107260, 0, 675, 873, 662, 114, 6.69%, 0, 0, 5, 19.63
1701107270, 0, 675, 874, 663, 114, 6.69%, 0, 0, 5, 21.03
1701107285, 0, 675, 875, 664, 114, 6.69%, 0, 0, 5, 18.86
1701107311, 0, 675, 876, 665, 114, 6.69%, 0, 0, 5, 19.35
1701107387, 0, 675, 877, 666, 114, 6.69%, 0, 0, 5, 20.27
1701107474, 0, 675, 878, 667, 114, 6.69%, 0, 0, 5, 20.58
1701107592, 0, 675, 879, 668, 114, 6.69%, 0, 0, 5, 19.32
1701107725, 0, 675, 880, 669, 114, 6.69%, 0, 0, 5, 19.25
1701107965, 0, 675, 881, 670, 114, 6.69%, 0, 0, 5, 20.89
1701108268, 0, 675, 882, 671, 114, 6.69%, 0, 0, 5, 18.85
1701108503, 0, 675, 883, 672, 114, 6.69%, 0, 0, 5, 19.80
1701108907, 0, 676, 883, 671, 113, 6.69%, 0, 0, 5, 15.86
1701108912, 0, 676, 885, 673, 113, 6.69%, 0, 0, 5, 21.58
1701108917, 0, 676, 886, 674, 113, 6.69%, 0, 0, 5, 19.18
1701109285, 0, 676, 887, 675, 113, 6.69%, 0, 0, 5, 18.92
1701109361, 0, 676, 888, 676, 113, 6.69%, 0, 0, 5, 20.85
1701109505, 0, 676, 889, 677, 113, 6.69%, 0, 0, 5, 17.50
1701109510, 0, 676, 890, 678, 113, 6.69%, 0, 0, 5, 17.91
1701109765, 0, 676, 891, 679, 113, 6.69%, 0, 0, 5, 18.92
1701109893, 0, 676, 892, 680, 113, 6.69%, 0, 0, 5, 17.24
1701109980, 0, 676, 893, 681, 113, 6.69%, 0, 0, 5, 16.23
1701110128, 0, 676, 894, 682, 113, 6.69%, 0, 0, 5, 18.39
1701110790, 0, 676, 895, 683, 113, 6.69%, 0, 0, 5, 18.13
1701111041, 0, 677, 895, 682, 113, 6.69%, 0, 0, 5, 15.84
1701111874, 0, 680, 895, 680, 111, 6.69%, 0, 0, 5, 17.20
1701111889, 0, 680, 898, 683, 111, 6.69%, 0, 0, 5, 19.71
1701111894, 0, 680, 899, 684, 111, 6.69%, 0, 0, 5, 19.57
1701111905, 0, 680, 900, 685, 111, 6.69%, 0, 0, 5, 18.57
1701111910, 0, 680, 901, 686, 111, 6.69%, 0, 0, 5, 18.68
1701111915, 0, 680, 902, 687, 111, 6.69%, 0, 0, 5, 18.83
1701112146, 0, 680, 903, 688, 111, 6.69%, 0, 0, 5, 19.00
1701112161, 0, 680, 904, 689, 111, 6.69%, 0, 0, 5, 18.31
1701112171, 0, 680, 905, 690, 111, 6.69%, 0, 0, 5, 17.70
1701112948, 0, 680, 906, 691, 111, 6.69%, 0, 0, 5, 19.80
1701113086, 0, 680, 907, 692, 111, 6.69%, 0, 0, 5, 18.97
1701113122, 0, 680, 908, 693, 111, 6.69%, 0, 0, 5, 18.81
1701113132, 0, 680, 909, 694, 111, 6.69%, 0, 0, 5, 18.66
1701113306, 0, 680, 910, 695, 111, 6.69%, 0, 0, 5, 19.26
1701113316, 0, 680, 912, 697, 111, 6.69%, 0, 0, 5, 18.87
1701113321, 0, 680, 913, 698, 111, 6.69%, 0, 0, 5, 18.56
1701113327, 0, 680, 914, 699, 111, 6.69%, 0, 0, 5, 16.86
1701113337, 0, 680, 915, 700, 111, 6.69%, 0, 0, 5, 19.38
1701113357, 0, 680, 916, 701, 111, 6.69%, 0, 0, 5, 18.76
1701113434, 0, 680, 917, 702, 111, 6.69%, 0, 0, 5, 18.37
1701113480, 0, 680, 918, 703, 111, 6.69%, 0, 0, 5, 19.44
1701113788, 0, 680, 919, 704, 111, 6.69%, 0, 0, 5, 19.04
1701114417, 0, 680, 920, 705, 111, 6.69%, 0, 0, 5, 18.48
1701115103, 0, 683, 920, 703, 109, 6.69%, 0, 0, 5, 16.58
1701115615, 0, 683, 921, 704, 109, 6.69%, 0, 0, 5, 21.06
1701115850, 0, 683, 922, 705, 109, 6.69%, 0, 0, 5, 20.67
1701115973, 0, 683, 923, 706, 109, 6.69%, 0, 0, 5, 20.32
1701116086, 0, 683, 924, 707, 109, 6.69%, 0, 0, 5, 19.87
1701116162, 0, 683, 925, 708, 109, 6.69%, 0, 0, 5, 21.06
1701116168, 0, 683, 926, 709, 109, 6.69%, 0, 0, 5, 18.57
1701116880, 0, 683, 927, 710, 109, 6.69%, 0, 0, 5, 19.48
1701117535, 0, 691, 927, 709, 112, 6.69%, 0, 0, 5, 22.02
1701117551, 0, 691, 928, 710, 112, 6.69%, 0, 0, 5, 32.88
1701118196, 0, 691, 929, 711, 112, 6.69%, 0, 0, 5, 22.48
1701118247, 0, 691, 930, 712, 112, 6.69%, 0, 0, 5, 21.93
1701118339, 0, 691, 931, 713, 112, 6.69%, 0, 0, 5, 21.07
1701118539, 0, 691, 932, 714, 112, 6.70%, 0, 0, 5, 22.78
1701118646, 0, 691, 933, 715, 112, 6.70%, 0, 0, 5, 22.18
1701119091, 0, 691, 934, 716, 112, 6.70%, 0, 0, 5, 26.38
1701119147, 0, 691, 935, 717, 112, 6.70%, 0, 0, 5, 22.96
1701119608, 0, 691, 936, 718, 112, 6.70%, 0, 0, 5, 20.10
1701119690, 0, 699, 938, 719, 113, 6.70%, 0, 0, 5, 22.39
1701119716, 0, 699, 939, 720, 113, 6.70%, 0, 0, 5, 23.08
1701119741, 0, 699, 940, 721, 113, 6.71%, 0, 0, 5, 18.00
1701120124, 0, 699, 941, 722, 113, 6.71%, 0, 0, 5, 19.87
1701120145, 0, 699, 942, 723, 113, 6.71%, 0, 0, 5, 18.97
1701120308, 0, 699, 943, 724, 113, 6.71%, 0, 0, 5, 19.21
1701120375, 0, 699, 944, 725, 113, 6.71%, 0, 0, 5, 19.39
1701121874, 0, 710, 945, 725, 116, 6.71%, 0, 0, 5, 21.29
1701122139, 0, 710, 946, 726, 116, 6.72%, 0, 0, 5, 17.22
1701122440, 0, 710, 947, 727, 116, 6.72%, 0, 0, 5, 23.83
1701122455, 0, 710, 948, 728, 116, 6.72%, 0, 0, 5, 21.32
1701122460, 0, 710, 949, 729, 116, 6.72%, 0, 0, 5, 21.09
1701122522, 0, 710, 950, 730, 116, 6.72%, 0, 0, 5, 18.22
1701122651, 0, 710, 951, 731, 116, 6.72%, 0, 0, 5, 20.01
1701122824, 0, 710, 952, 732, 116, 6.72%, 0, 0, 5, 23.49
1701123397, 0, 710, 953, 733, 116, 6.72%, 0, 0, 5, 20.35
1701123746, 0, 710, 954, 734, 116, 6.72%, 0, 0, 5, 20.91
1701124084, 0, 710, 955, 735, 116, 6.72%, 0, 0, 5, 17.91
1701124110, 0, 711, 955, 734, 118, 6.72%, 0, 0, 5, 19.42
1701124607, 0, 713, 955, 733, 117, 6.72%, 0, 0, 5, 21.56
