# unix_time, cycles_done, cur_path, paths_total, pending_total, pending_favs, map_size, unique_crashes, unique_hangs, max_depth, execs_per_sec
1700952446, 0, 0, 1, 1, 1, 0.90%, 0, 0, 1, 12.72
1700952456, 0, 0, 4, 4, 1, 1.03%, 0, 0, 2, 35.86
1700952461, 0, 0, 19, 19, 1, 1.03%, 0, 0, 2, 35.27
1700952466, 0, 0, 38, 38, 1, 1.03%, 0, 0, 2, 36.37
1700952471, 0, 0, 53, 53, 1, 1.03%, 0, 0, 2, 36.15
1700952476, 0, 0, 64, 64, 1, 1.03%, 0, 0, 2, 33.63
1700952481, 0, 0, 69, 69, 1, 1.03%, 0, 0, 2, 33.58
1700952492, 0, 0, 79, 79, 1, 1.03%, 0, 0, 2, 35.78
1700952507, 0, 0, 81, 81, 1, 1.03%, 0, 0, 2, 36.05
1700952512, 0, 0, 83, 83, 1, 1.03%, 0, 0, 2, 36.59
1700952517, 0, 0, 86, 86, 1, 1.03%, 0, 0, 2, 38.16
1700952522, 0, 0, 95, 95, 1, 1.03%, 0, 0, 2, 36.23
1700952528, 0, 0, 106, 106, 1, 1.03%, 0, 0, 2, 34.08
1700952538, 0, 0, 109, 109, 1, 1.03%, 0, 0, 2, 38.63
1700952543, 0, 0, 118, 118, 1, 1.03%, 0, 0, 2, 37.47
1700952548, 0, 0, 125, 125, 1, 1.03%, 0, 0, 2, 36.63
1700952553, 0, 0, 131, 131, 1, 1.03%, 0, 0, 2, 36.83
1700952558, 0, 0, 136, 136, 1, 1.03%, 0, 0, 2, 37.53
1700952563, 0, 0, 140, 140, 1, 1.03%, 0, 0, 2, 38.48
1700952569, 0, 0, 141, 141, 1, 1.03%, 0, 0, 2, 38.23
1700952574, 0, 0, 142, 142, 1, 1.03%, 0, 0, 2, 40.30
1700952579, 0, 0, 143, 143, 1, 1.03%, 0, 0, 2, 35.47
1700952584, 0, 0, 146, 146, 1, 1.03%, 0, 0, 2, 34.08
1700952599, 0, 0, 147, 147, 1, 1.03%, 0, 0, 2, 39.00
1700952609, 0, 0, 148, 148, 1, 1.03%, 0, 0, 2, 32.07
1700952614, 0, 0, 151, 151, 1, 1.03%, 0, 0, 2, 31.06
1700952625, 0, 0, 153, 153, 1, 1.03%, 0, 0, 2, 38.83
1700952630, 0, 0, 157, 157, 1, 1.03%, 0, 0, 2, 35.92
1700952635, 0, 0, 158, 158, 1, 1.03%, 0, 0, 2, 38.57
1700952640, 0, 0, 160, 160, 1, 1.03%, 0, 0, 2, 40.48
1700952645, 0, 0, 161, 161, 1, 1.03%, 0, 0, 2, 39.90
1700952650, 0, 0, 168, 168, 1, 1.03%, 0, 0, 2, 39.40
1700952655, 0, 0, 172, 172, 1, 1.03%, 0, 0, 2, 32.33
1700952661, 0, 0, 174, 174, 1, 1.03%, 0, 0, 2, 38.99
1700952666, 0, 0, 176, 176, 1, 1.03%, 0, 0, 2, 37.44
1700952696, 0, 0, 177, 177, 1, 1.03%, 0, 0, 2, 34.35
1700952712, 0, 0, 179, 179, 1, 1.04%, 0, 0, 2, 38.07
1700952717, 0, 0, 180, 180, 1, 1.04%, 0, 0, 2, 38.66
1700952737, 0, 0, 181, 181, 1, 1.04%, 0, 0, 2, 32.86
1700952742, 0, 0, 183, 183, 1, 1.04%, 0, 0, 2, 34.34
1700952747, 0, 0, 185, 185, 1, 1.04%, 0, 0, 2, 36.27
1700952758, 0, 0, 186, 186, 1, 1.04%, 0, 0, 2, 34.56
1700952763, 0, 0, 188, 188, 1, 1.04%, 0, 0, 2, 37.65
1700952778, 0, 0, 189, 189, 1, 1.04%, 0, 0, 2, 36.98
1700952788, 0, 0, 190, 190, 1, 1.04%, 0, 0, 2, 37.77
1700952793, 0, 0, 191, 191, 1, 1.04%, 0, 0, 2, 37.21
1700952799, 0, 0, 193, 193, 1, 1.05%, 0, 0, 2, 33.19
1700952840, 0, 0, 194, 194, 1, 1.05%, 0, 0, 2, 31.59
1700952937, 0, 0, 195, 195, 1, 1.05%, 0, 0, 2, 35.54
1700952942, 0, 0, 196, 196, 1, 1.05%, 0, 0, 2, 27.50
1700952947, 0, 0, 210, 210, 1, 1.05%, 0, 0, 2, 30.04
1700952952, 0, 0, 219, 219, 1, 1.05%, 0, 0, 2, 34.47
1700952957, 0, 0, 223, 223, 1, 1.05%, 0, 0, 2, 36.13
1700953003, 0, 0, 224, 224, 1, 1.05%, 0, 0, 2, 38.86
1700953060, 0, 0, 226, 226, 1, 1.05%, 0, 0, 2, 39.16
1700953167, 0, 0, 228, 228, 1, 1.05%, 0, 0, 2, 29.50
1700953172, 0, 0, 229, 229, 1, 1.05%, 0, 0, 2, 31.80
1700953182, 0, 0, 230, 230, 1, 1.05%, 0, 0, 2, 34.48
1700953187, 0, 0, 233, 233, 1, 1.05%, 0, 0, 2, 28.28
1700953213, 0, 0, 234, 234, 1, 1.05%, 0, 0, 2, 25.26
1700953218, 0, 0, 235, 235, 1, 1.05%, 0, 0, 2, 26.69
1700953223, 0, 0, 236, 236, 1, 1.05%, 0, 0, 2, 27.73
1700953674, 0, 0, 237, 237, 1, 1.05%, 0, 0, 2, 38.56
1700953848, 0, 0, 240, 240, 1, 1.06%, 0, 0, 2, 33.05
1700953878, 0, 0, 241, 241, 1, 1.06%, 0, 0, 2, 35.55
1700953899, 0, 0, 243, 243, 1, 1.09%, 0, 0, 2, 35.48
1700953940, 0, 0, 244, 244, 1, 1.09%, 0, 0, 2, 31.68
1700954099, 0, 0, 246, 246, 1, 1.09%, 0, 0, 2, 33.21
1700954435, 0, 0, 248, 248, 1, 1.10%, 0, 0, 2, 37.62
1700954486, 0, 0, 250, 250, 1, 1.10%, 0, 0, 2, 32.10
1700954604, 0, 154, 250, 249, 12, 1.10%, 0, 0, 2, 1.59
1700954747, 0, 154, 251, 250, 12, 1.10%, 0, 0, 3, 39.24
1700954757, 0, 154, 252, 251, 12, 1.10%, 0, 0, 3, 38.05
1700955038, 0, 154, 253, 252, 12, 1.10%, 0, 0, 3, 39.44
1700955283, 0, 154, 254, 253, 12, 1.10%, 0, 0, 3, 36.30
1700956117, 0, 154, 255, 254, 12, 1.10%, 0, 0, 3, 40.62
1700956567, 0, 164, 256, 254, 13, 1.10%, 0, 0, 3, 37.20
1700957063, 0, 164, 259, 257, 13, 1.10%, 0, 0, 3, 36.36
1700957068, 0, 164, 260, 258, 13, 1.10%, 0, 0, 3, 36.56
1700958066, 0, 164, 261, 259, 13, 1.10%, 0, 0, 3, 37.63
1700958312, 0, 164, 262, 260, 13, 1.10%, 0, 0, 3, 37.39
1700958798, 0, 245, 262, 255, 10, 1.10%, 0, 0, 3, 31.81
1700958803, 0, 249, 262, 251, 6, 1.10%, 0, 0, 3, 32.98
1700958808, 0, 255, 264, 252, 5, 1.12%, 0, 0, 4, 34.46
1700958813, 0, 255, 270, 258, 5, 1.15%, 0, 0, 4, 36.55
1700958818, 0, 255, 273, 261, 5, 1.17%, 0, 0, 4, 36.57
1700958823, 0, 255, 273, 261, 5, 1.17%, 0, 1, 4, 41.46
1700958834, 0, 255, 274, 262, 5, 1.18%, 0, 1, 4, 37.58
1700958839, 0, 257, 274, 261, 14, 1.18%, 0, 1, 4, 35.56
1700958869, 0, 257, 275, 262, 14, 1.18%, 0, 1, 4, 37.52
1700958890, 0, 257, 276, 263, 14, 1.18%, 0, 1, 4, 35.39
1700958997, 0, 257, 277, 264, 14, 1.18%, 0, 1, 4, 39.08
1700959048, 0, 257, 278, 265, 14, 1.19%, 0, 1, 4, 37.11
1700959262, 0, 257, 288, 275, 14, 1.21%, 0, 1, 4, 37.85
1700960679, 0, 259, 288, 274, 15, 1.21%, 0, 1, 4, 30.09
1700961098, 0, 259, 289, 275, 15, 1.21%, 0, 1, 4, 40.14
1700962585, 0, 260, 289, 274, 14, 1.21%, 0, 1, 4, 36.18
1700964762, 0, 269, 290, 269, 9, 1.21%, 0, 1, 5, 32.80
1700964767, 0, 276, 290, 264, 4, 1.21%, 0, 1, 5, 30.01
1700966546, 0, 277, 290, 263, 3, 1.21%, 0, 1, 5, 40.84
1700966551, 0, 284, 290, 262, 2, 1.21%, 0, 1, 5, 38.31
1700966556, 1, 9, 290, 259, 0, 1.21%, 0, 1, 5, 38.25
1700968559, 1, 9, 291, 260, 0, 1.21%, 0, 1, 5, 46.74
1700968564, 1, 9, 292, 261, 0, 1.28%, 0, 1, 5, 50.80
1700968569, 1, 168, 292, 260, 1, 1.28%, 0, 1, 5, 43.14
1700970782, 1, 168, 293, 261, 1, 1.29%, 0, 1, 5, 36.03
1700970787, 1, 204, 293, 260, 2, 1.29%, 0, 1, 5, 34.31
1700972731, 1, 212, 293, 259, 2, 1.29%, 0, 1, 5, 39.11
1700972736, 1, 231, 293, 258, 2, 1.29%, 0, 1, 5, 37.82
1700972741, 1, 291, 295, 259, 2, 1.30%, 0, 1, 5, 36.61
1700972746, 1, 291, 297, 261, 2, 1.32%, 0, 1, 5, 36.42
1700972757, 1, 291, 299, 263, 2, 1.35%, 0, 1, 5, 36.01
1700972762, 1, 291, 302, 266, 2, 1.39%, 0, 1, 5, 37.76
1700972782, 1, 291, 306, 270, 2, 1.41%, 0, 1, 5, 38.69
1700972792, 1, 291, 308, 272, 2, 1.41%, 0, 1, 5, 39.06
1700972802, 1, 291, 310, 274, 2, 1.42%, 0, 1, 5, 40.27
1700972808, 1, 292, 315, 278, 11, 1.43%, 0, 1, 5, 37.86
1700972813, 1, 292, 316, 279, 11, 1.62%, 0, 1, 5, 38.53
1700972823, 1, 292, 318, 281, 11, 1.62%, 0, 1, 5, 39.25
1700972874, 1, 292, 320, 283, 11, 1.62%, 0, 1, 5, 35.93
1700972884, 1, 292, 322, 285, 11, 1.62%, 0, 1, 5, 34.65
1700972894, 1, 292, 323, 286, 11, 1.62%, 0, 1, 5, 36.61
1700972905, 1, 292, 324, 287, 11, 1.63%, 0, 1, 5, 35.05
1700972915, 1, 292, 326, 289, 11, 1.68%, 0, 1, 5, 36.77
1700972925, 1, 292, 327, 290, 11, 1.68%, 0, 1, 5, 38.85
1700972930, 1, 292, 328, 291, 11, 1.68%, 0, 1, 5, 38.59
1700972940, 1, 292, 329, 292, 11, 1.68%, 0, 1, 5, 36.99
1700972961, 1, 292, 331, 294, 11, 1.69%, 0, 1, 5, 40.32
1700972966, 1, 297, 331, 291, 20, 1.69%, 0, 1, 5, 39.38
1700972976, 1, 297, 333, 293, 20, 1.72%, 0, 1, 5, 40.24
1700972991, 1, 297, 334, 294, 20, 1.73%, 0, 1, 5, 39.21
1700972996, 1, 297, 336, 296, 20, 1.73%, 0, 1, 5, 38.24
1700973006, 1, 299, 336, 294, 21, 1.73%, 0, 1, 5, 39.34
1700973073, 1, 299, 337, 295, 21, 1.74%, 0, 1, 5, 28.00
1700973083, 1, 299, 338, 296, 21, 1.74%, 0, 1, 5, 33.42
1700973099, 1, 315, 348, 301, 17, 1.79%, 0, 1, 5, 36.79
1700973104, 1, 315, 355, 308, 17, 1.84%, 0, 1, 5, 35.32
1700973109, 1, 315, 358, 311, 17, 1.85%, 0, 1, 5, 36.76
1700973114, 1, 315, 360, 313, 17, 1.86%, 0, 1, 5, 35.40
1700973119, 1, 315, 361, 314, 17, 1.86%, 0, 1, 5, 34.92
1700973124, 1, 315, 367, 320, 17, 1.86%, 0, 1, 5, 38.97
1700973165, 1, 315, 372, 325, 17, 1.87%, 0, 1, 5, 32.40
1700973170, 1, 315, 377, 330, 17, 1.89%, 0, 1, 5, 32.22
1700973175, 1, 315, 379, 332, 17, 1.89%, 0, 1, 5, 27.66
1700973181, 1, 315, 383, 336, 17, 1.89%, 0, 1, 5, 32.98
1700973186, 1, 315, 384, 337, 17, 1.89%, 0, 1, 5, 37.54
1700973191, 1, 315, 387, 340, 17, 1.89%, 0, 1, 5, 38.86
1700973196, 1, 315, 389, 342, 17, 1.89%, 0, 1, 5, 37.85
1700973201, 1, 315, 390, 343, 17, 1.89%, 0, 1, 5, 38.78
1700973206, 1, 315, 391, 344, 17, 1.89%, 0, 1, 5, 38.20
1700973211, 1, 315, 393, 346, 17, 1.89%, 0, 1, 5, 38.44
1700973216, 1, 315, 394, 347, 17, 1.89%, 0, 1, 5, 38.23
1700973221, 1, 315, 396, 349, 17, 1.89%, 0, 1, 5, 38.14
1700973226, 1, 315, 398, 351, 17, 1.89%, 0, 1, 5, 40.60
1700973231, 1, 315, 399, 352, 17, 1.89%, 0, 1, 5, 40.42
1700973242, 1, 315, 400, 353, 17, 1.89%, 0, 1, 5, 37.07
1700973257, 1, 315, 403, 356, 17, 1.90%, 0, 1, 5, 40.61
1700973262, 1, 321, 403, 353, 28, 1.90%, 0, 1, 5, 36.89
1700973267, 1, 326, 403, 350, 25, 1.90%, 0, 1, 5, 39.01
1700973293, 1, 326, 404, 351, 25, 1.90%, 0, 1, 5, 40.86
1700973338, 1, 326, 406, 353, 25, 1.90%, 0, 1, 5, 38.59
1700973344, 1, 326, 407, 354, 25, 1.90%, 0, 1, 5, 36.85
1700973349, 1, 326, 409, 356, 25, 1.90%, 0, 1, 5, 37.33
1700973364, 1, 326, 412, 359, 25, 1.90%, 0, 1, 5, 35.10
1700973374, 1, 326, 416, 363, 25, 1.90%, 0, 1, 5, 34.19
1700973379, 1, 326, 419, 366, 25, 1.90%, 0, 1, 5, 34.86
1700973384, 1, 326, 421, 368, 25, 1.90%, 0, 1, 5, 32.01
1700973395, 1, 326, 424, 371, 25, 1.90%, 0, 1, 5, 37.66
1700973405, 1, 326, 425, 372, 25, 1.90%, 0, 1, 5, 39.54
1700973420, 1, 326, 426, 373, 25, 1.90%, 0, 1, 5, 38.87
1700973425, 1, 326, 427, 374, 25, 1.91%, 0, 1, 5, 38.28
1700973431, 1, 330, 427, 371, 25, 1.91%, 0, 1, 5, 38.49
1700973523, 1, 331, 427, 370, 24, 1.91%, 0, 1, 5, 37.77
1700973563, 1, 331, 428, 371, 24, 1.91%, 0, 1, 6, 39.08
1700973573, 1, 331, 429, 372, 24, 1.91%, 0, 1, 6, 39.99
1700973584, 1, 333, 429, 371, 25, 1.91%, 0, 1, 6, 37.09
1700973599, 1, 333, 430, 372, 25, 1.92%, 0, 1, 6, 35.21
1700973630, 1, 333, 431, 373, 25, 1.92%, 0, 1, 6, 35.87
1700973640, 1, 340, 434, 371, 22, 1.92%, 0, 1, 6, 38.62
1700973645, 1, 340, 435, 372, 22, 1.92%, 0, 1, 6, 39.04
1700973661, 1, 340, 437, 374, 22, 1.93%, 0, 1, 6, 37.80
1700973701, 1, 340, 438, 375, 22, 1.93%, 0, 1, 6, 36.73
1700973706, 1, 340, 441, 378, 22, 1.93%, 0, 1, 6, 38.31
1700973711, 1, 340, 442, 379, 22, 1.93%, 0, 1, 6, 36.37
1700973752, 1, 340, 443, 380, 22, 1.93%, 0, 1, 6, 39.24
1700973762, 1, 340, 444, 381, 22, 1.94%, 0, 1, 6, 38.03
1700973773, 1, 340, 445, 382, 22, 1.94%, 0, 1, 6, 38.05
1700973778, 1, 340, 446, 383, 22, 1.94%, 0, 1, 6, 36.93
1700973783, 1, 340, 447, 384, 22, 1.94%, 0, 1, 6, 37.84
1700973788, 1, 356, 449, 384, 24, 1.94%, 0, 1, 6, 34.42
1700973793, 1, 356, 451, 386, 24, 1.94%, 0, 1, 6, 32.67
1700973798, 1, 356, 453, 388, 24, 1.94%, 0, 1, 6, 36.61
1700973813, 1, 356, 454, 389, 24, 1.94%, 0, 1, 6, 38.48
1700973819, 1, 356, 455, 390, 24, 1.94%, 0, 1, 6, 38.85
1700973860, 1, 356, 456, 391, 24, 1.94%, 0, 1, 6, 38.07
1700973865, 1, 356, 458, 393, 24, 1.94%, 0, 1, 6, 38.57
1700973875, 1, 356, 460, 395, 24, 1.94%, 0, 1, 6, 39.20
1700973885, 1, 356, 462, 397, 24, 1.94%, 0, 1, 6, 38.03
1700973900, 1, 356, 464, 399, 24, 1.94%, 0, 1, 6, 39.40
1700973916, 1, 356, 465, 400, 24, 1.94%, 0, 1, 6, 39.47
1700973926, 1, 356, 466, 401, 24, 1.94%, 0, 1, 6, 30.13
1700973931, 1, 356, 467, 402, 24, 1.94%, 0, 1, 6, 34.36
1700973941, 1, 363, 467, 400, 25, 1.94%, 0, 1, 6, 32.62
1700974013, 1, 396, 467, 397, 22, 1.94%, 0, 1, 6, 36.81
1700974094, 1, 396, 469, 399, 22, 1.95%, 0, 1, 6, 37.70
1700974100, 1, 396, 470, 400, 22, 2.07%, 0, 1, 6, 39.42
1700974110, 1, 396, 471, 401, 22, 2.07%, 0, 1, 6, 36.72
1700974120, 1, 396, 472, 402, 22, 2.07%, 0, 1, 6, 40.54
1700974135, 1, 396, 473, 403, 22, 2.07%, 0, 1, 6, 41.12
1700974171, 1, 397, 473, 402, 23, 2.07%, 0, 1, 6, 40.16
1700974176, 1, 397, 474, 403, 23, 2.07%, 0, 1, 6, 41.69
1700974181, 1, 397, 475, 404, 23, 2.07%, 0, 1, 6, 40.44
1700974186, 1, 397, 476, 405, 23, 2.07%, 0, 1, 6, 39.86
1700974191, 1, 397, 477, 406, 23, 2.07%, 0, 1, 6, 39.99
1700974247, 1, 397, 479, 408, 23, 2.07%, 0, 1, 6, 39.45
1700974502, 1, 397, 482, 411, 23, 2.07%, 0, 1, 6, 33.07
1700974507, 1, 397, 485, 414, 23, 2.07%, 0, 1, 6, 39.68
1700974518, 1, 397, 486, 415, 23, 2.07%, 0, 1, 6, 35.42
1700974528, 1, 397, 487, 416, 23, 2.08%, 0, 1, 6, 38.03
1700974533, 1, 397, 489, 418, 23, 2.08%, 0, 1, 6, 38.99
1700974538, 1, 397, 492, 421, 23, 2.08%, 0, 1, 6, 38.99
1700974543, 1, 397, 493, 422, 23, 2.08%, 0, 1, 6, 40.82
1700974548, 1, 397, 495, 424, 23, 2.08%, 0, 1, 6, 40.66
1700974558, 1, 397, 497, 426, 23, 2.08%, 0, 1, 6, 41.04
1700974574, 1, 397, 498, 427, 23, 2.08%, 0, 1, 6, 38.36
1700974579, 1, 397, 499, 428, 23, 2.08%, 0, 1, 6, 39.62
1700974584, 1, 397, 500, 429, 23, 2.08%, 0, 1, 6, 40.36
1700974589, 1, 422, 501, 427, 26, 2.08%, 0, 1, 6, 37.09
1700974609, 1, 422, 502, 428, 26, 2.08%, 0, 1, 6, 33.24
1700974619, 1, 422, 503, 429, 26, 2.08%, 0, 1, 6, 37.82
1700974696, 1, 422, 504, 430, 26, 2.08%, 0, 1, 6, 38.43
1700974707, 1, 422, 505, 431, 26, 2.08%, 0, 1, 6, 37.21
1700974727, 1, 422, 507, 433, 26, 2.08%, 0, 1, 6, 31.06
1700974732, 1, 422, 509, 435, 26, 2.09%, 0, 1, 6, 32.59
1700974742, 1, 422, 510, 436, 26, 2.09%, 0, 1, 6, 33.70
1700974748, 1, 422, 511, 437, 26, 2.09%, 0, 1, 6, 38.57
1700974753, 1, 422, 512, 438, 26, 2.09%, 0, 1, 6, 38.96
1700974758, 1, 422, 513, 439, 26, 2.09%, 0, 1, 6, 39.29
1700974773, 1, 422, 514, 440, 26, 2.14%, 0, 1, 6, 36.69
1700974784, 1, 426, 514, 439, 29, 2.14%, 0, 1, 6, 38.15
1700974804, 1, 426, 515, 440, 29, 2.14%, 0, 1, 6, 36.92
1700974809, 1, 428, 515, 438, 28, 2.14%, 0, 1, 6, 34.76
1700974825, 1, 428, 516, 439, 28, 2.14%, 0, 1, 7, 30.89
1700974835, 1, 432, 516, 436, 26, 2.14%, 0, 1, 7, 29.74
1700974840, 1, 432, 517, 437, 26, 2.14%, 0, 1, 7, 29.43
1700974917, 1, 443, 521, 438, 24, 2.15%, 0, 1, 7, 31.59
1700974932, 1, 443, 522, 439, 24, 2.15%, 0, 1, 7, 36.52
1700974942, 1, 443, 523, 440, 24, 2.15%, 0, 1, 7, 38.44
1700974983, 1, 443, 524, 441, 24, 2.15%, 0, 1, 7, 34.68
1700974994, 1, 443, 525, 442, 24, 2.15%, 0, 1, 7, 26.75
1700975198, 1, 443, 526, 443, 24, 2.15%, 0, 1, 7, 32.80
1700975203, 1, 443, 528, 445, 24, 2.15%, 0, 1, 7, 34.18
1700975209, 1, 443, 529, 446, 24, 2.15%, 0, 1, 7, 35.50
1700975214, 1, 443, 530, 447, 24, 2.15%, 0, 1, 7, 35.08
1700975224, 1, 443, 532, 449, 24, 2.15%, 0, 1, 7, 35.80
1700975229, 1, 443, 533, 450, 24, 2.15%, 0, 1, 7, 36.42
1700975234, 1, 443, 534, 451, 24, 2.15%, 0, 1, 7, 36.25
1700975250, 1, 443, 535, 452, 24, 2.15%, 0, 1, 7, 33.40
1700975285, 1, 443, 537, 454, 24, 2.16%, 0, 1, 7, 37.56
1700975295, 1, 449, 537, 453, 26, 2.16%, 0, 1, 7, 39.16
1700975316, 1, 449, 539, 455, 26, 2.16%, 0, 1, 7, 37.90
1700975362, 1, 450, 539, 454, 27, 2.16%, 0, 1, 7, 41.57
1700975428, 1, 450, 540, 455, 27, 2.16%, 0, 1, 7, 39.84
1700975438, 1, 453, 540, 454, 26, 2.16%, 0, 1, 7, 38.54
1700975500, 1, 453, 541, 455, 26, 2.16%, 0, 1, 7, 38.61
1700975520, 1, 462, 541, 453, 25, 2.16%, 0, 1, 7, 37.92
1700975581, 1, 462, 543, 455, 25, 2.23%, 0, 1, 7, 41.30
1700975617, 1, 464, 543, 454, 25, 2.23%, 0, 1, 7, 39.09
1700975688, 1, 465, 543, 453, 24, 2.23%, 0, 1, 7, 40.44
1700975698, 1, 465, 544, 454, 24, 2.23%, 0, 1, 7, 37.59
1700975754, 1, 465, 545, 455, 24, 2.23%, 0, 1, 7, 37.36
1700975769, 1, 468, 545, 454, 24, 2.23%, 0, 1, 7, 38.85
1700975775, 1, 468, 546, 455, 24, 2.24%, 0, 1, 7, 34.86
1700975887, 1, 468, 547, 456, 24, 2.24%, 0, 1, 7, 40.49
1700975897, 1, 468, 548, 457, 24, 2.24%, 0, 1, 7, 36.82
1700975907, 1, 468, 550, 459, 24, 2.24%, 0, 1, 7, 38.07
1700975912, 1, 468, 552, 461, 24, 2.24%, 0, 1, 7, 36.73
1700975938, 1, 468, 553, 462, 24, 2.24%, 0, 1, 7, 38.92
1700975973, 1, 469, 558, 466, 25, 2.26%, 0, 1, 7, 31.05
1700975978, 1, 469, 559, 467, 25, 2.28%, 0, 1, 7, 25.21
1700975984, 1, 469, 560, 468, 25, 2.28%, 0, 1, 7, 29.46
1700975989, 1, 469, 562, 470, 25, 2.30%, 0, 1, 7, 34.76
1700975999, 1, 469, 563, 471, 25, 2.32%, 0, 1, 7, 37.60
1700976019, 1, 469, 564, 472, 25, 2.32%, 0, 1, 7, 38.26
1700976065, 1, 469, 565, 473, 25, 2.32%, 0, 1, 7, 37.27
1700976106, 1, 469, 566, 474, 25, 2.32%, 0, 1, 7, 37.68
1700976116, 1, 469, 568, 476, 25, 2.32%, 0, 1, 7, 36.33
1700976122, 1, 469, 569, 477, 25, 2.32%, 0, 1, 7, 37.81
1700976127, 1, 469, 570, 478, 25, 2.32%, 0, 1, 7, 36.12
1700976157, 1, 469, 571, 479, 25, 2.32%, 0, 1, 7, 30.45
1700976173, 1, 469, 571, 479, 25, 2.32%, 0, 2, 7, 36.74
1700976188, 1, 478, 571, 478, 33, 2.32%, 0, 2, 7, 36.82
1700976198, 1, 478, 572, 479, 33, 2.33%, 0, 2, 7, 37.16
1700976484, 1, 478, 574, 481, 33, 2.33%, 0, 2, 7, 39.06
1700976520, 1, 480, 574, 480, 34, 2.33%, 0, 2, 7, 36.46
1700976897, 1, 486, 574, 479, 33, 2.33%, 0, 2, 7, 39.25
1700976933, 1, 486, 575, 480, 33, 2.33%, 0, 2, 7, 35.52
1700976948, 1, 488, 575, 479, 33, 2.33%, 0, 2, 7, 34.60
1700977353, 1, 488, 576, 480, 33, 2.33%, 0, 2, 7, 34.46
1700977358, 1, 488, 577, 481, 33, 2.33%, 0, 2, 7, 37.53
1700977363, 1, 488, 579, 483, 33, 2.33%, 0, 2, 7, 37.84
1700977368, 1, 488, 580, 484, 33, 2.33%, 0, 2, 7, 38.39
1700977373, 1, 488, 581, 485, 33, 2.33%, 0, 2, 7, 37.50
1700977378, 1, 488, 582, 486, 33, 2.33%, 0, 2, 7, 38.66
1700977384, 1, 488, 583, 487, 33, 2.33%, 0, 2, 7, 39.76
1700977404, 1, 488, 584, 488, 33, 2.33%, 0, 2, 7, 39.07
1700977414, 1, 488, 585, 489, 33, 2.33%, 0, 2, 7, 38.98
1700977440, 1, 502, 586, 488, 31, 2.33%, 0, 2, 7, 39.11
1700977547, 1, 509, 586, 487, 30, 2.33%, 0, 2, 7, 37.70
1700977582, 1, 509, 587, 488, 30, 2.33%, 0, 2, 7, 37.91
1700977618, 1, 509, 589, 490, 30, 2.35%, 0, 2, 7, 28.58
1700977624, 1, 509, 592, 493, 30, 2.35%, 0, 2, 7, 17.16
1700977629, 1, 509, 594, 495, 30, 2.35%, 0, 2, 7, 29.00
1700977639, 1, 509, 595, 496, 30, 2.35%, 0, 2, 7, 32.67
1700977644, 1, 509, 596, 497, 30, 2.35%, 0, 2, 7, 30.40
1700977654, 1, 509, 597, 498, 30, 2.35%, 0, 2, 7, 23.90
1700977660, 1, 509, 602, 503, 30, 2.35%, 0, 2, 7, 31.62
1700977665, 1, 509, 604, 505, 30, 2.36%, 0, 2, 7, 35.44
1700977670, 1, 509, 604, 505, 30, 2.36%, 0, 3, 7, 4.00
1700977695, 1, 513, 606, 506, 35, 2.36%, 0, 3, 7, 37.39
1700977700, 1, 513, 611, 511, 35, 2.38%, 0, 3, 7, 37.54
1700977705, 1, 513, 614, 514, 35, 2.40%, 0, 3, 7, 38.53
1700977710, 1, 513, 616, 516, 35, 2.40%, 0, 3, 7, 34.74
1700977716, 1, 513, 618, 518, 35, 2.40%, 0, 3, 7, 37.47
1700977721, 1, 514, 618, 517, 42, 2.40%, 0, 3, 7, 39.72
1700977731, 1, 515, 618, 516, 41, 2.40%, 0, 3, 7, 34.35
1700977736, 1, 516, 618, 515, 40, 2.40%, 0, 3, 7, 38.63
1700977802, 1, 523, 618, 512, 37, 2.40%, 0, 3, 7, 39.14
1700977807, 1, 525, 619, 512, 36, 2.40%, 0, 3, 8, 40.56
1700977838, 1, 525, 621, 514, 36, 2.40%, 0, 3, 8, 37.07
1700977935, 1, 536, 621, 513, 36, 2.40%, 0, 3, 8, 40.90
1700978027, 1, 538, 621, 512, 35, 2.40%, 0, 3, 8, 36.73
1700978047, 1, 538, 622, 513, 35, 2.41%, 0, 3, 8, 39.35
1700978094, 1, 542, 622, 512, 35, 2.41%, 0, 3, 8, 34.94
1700978100, 1, 542, 629, 519, 35, 2.41%, 0, 4, 8, 3.21
1700978105, 1, 542, 633, 523, 35, 2.41%, 0, 4, 8, 36.12
1700978110, 1, 542, 635, 525, 35, 2.41%, 0, 4, 8, 33.32
1700978115, 1, 542, 636, 526, 35, 2.41%, 0, 4, 8, 33.30
1700978135, 1, 542, 637, 527, 35, 2.41%, 0, 4, 8, 31.53
1700978151, 1, 542, 640, 530, 35, 2.41%, 0, 4, 8, 27.76
1700978166, 1, 542, 641, 531, 35, 2.41%, 0, 4, 8, 37.62
1700978187, 1, 542, 642, 532, 35, 2.41%, 0, 4, 8, 32.53
1700978198, 1, 542, 644, 534, 35, 2.41%, 0, 5, 8, 4.55
1700978203, 1, 542, 645, 535, 35, 2.41%, 0, 5, 8, 39.08
1700978219, 1, 543, 645, 534, 36, 2.41%, 0, 5, 8, 36.33
1700978290, 1, 548, 645, 532, 34, 2.41%, 0, 5, 8, 37.79
1700978331, 1, 548, 646, 533, 34, 2.41%, 0, 5, 8, 38.86
1700978408, 1, 548, 648, 535, 34, 2.41%, 0, 5, 8, 31.55
1700978418, 1, 548, 649, 536, 34, 2.41%, 0, 5, 8, 33.67
1700978495, 1, 558, 651, 537, 34, 2.41%, 0, 5, 8, 33.72
1700978506, 1, 558, 656, 542, 34, 2.41%, 0, 5, 8, 12.63
1700978516, 1, 558, 657, 543, 34, 2.41%, 0, 5, 8, 15.31
1700978572, 1, 558, 659, 545, 34, 2.41%, 0, 5, 8, 15.16
1700978583, 1, 558, 664, 550, 34, 2.41%, 0, 5, 8, 13.23
1700978588, 1, 558, 666, 552, 34, 2.41%, 0, 5, 8, 12.52
1700978675, 1, 558, 667, 553, 34, 2.41%, 0, 5, 8, 13.48
1700978736, 1, 558, 668, 554, 34, 2.41%, 0, 5, 8, 23.92
1700978751, 1, 562, 671, 555, 33, 2.41%, 0, 5, 8, 31.07
1700978756, 1, 562, 675, 559, 33, 2.41%, 0, 5, 8, 31.29
1700978762, 1, 562, 677, 561, 33, 2.41%, 0, 5, 8, 32.60
1700978772, 1, 562, 680, 564, 33, 2.41%, 0, 5, 8, 36.13
1700978905, 1, 562, 682, 566, 33, 2.41%, 0, 5, 8, 33.99
1700978910, 1, 562, 686, 570, 33, 2.41%, 0, 5, 8, 37.38
1700978915, 1, 562, 687, 571, 33, 2.41%, 0, 5, 8, 38.90
1700978920, 1, 562, 688, 572, 33, 2.41%, 0, 5, 8, 37.27
1700978941, 1, 562, 689, 573, 33, 2.41%, 0, 5, 8, 38.73
1700978971, 1, 565, 689, 571, 32, 2.41%, 0, 5, 8, 36.43
1700978976, 1, 573, 689, 569, 30, 2.41%, 0, 5, 8, 36.31
1700978987, 1, 573, 690, 570, 30, 2.41%, 0, 5, 8, 38.28
1700979074, 1, 573, 691, 571, 30, 2.41%, 0, 5, 8, 31.86
1700979620, 1, 573, 692, 572, 30, 2.41%, 0, 5, 8, 38.53
1700979625, 1, 573, 693, 573, 30, 2.41%, 0, 5, 8, 39.99
1700979631, 1, 573, 694, 574, 30, 2.41%, 0, 5, 8, 39.86
1700979636, 1, 573, 695, 575, 30, 2.41%, 0, 5, 8, 40.59
1700979646, 1, 573, 696, 576, 30, 2.41%, 0, 5, 8, 38.83
1700979656, 1, 573, 697, 577, 30, 2.41%, 0, 5, 8, 39.83
1700979661, 1, 573, 698, 578, 30, 2.41%, 0, 5, 8, 38.03
1700979692, 1, 573, 699, 579, 30, 2.41%, 0, 5, 8, 40.66
1700979702, 1, 573, 700, 580, 30, 2.41%, 0, 5, 8, 38.73
1700979707, 1, 578, 700, 578, 31, 2.41%, 0, 5, 8, 39.13
1700979717, 1, 578, 701, 579, 31, 2.41%, 0, 5, 8, 40.13
1700979722, 1, 578, 702, 580, 31, 2.41%, 0, 5, 8, 37.70
1700979727, 1, 578, 703, 581, 31, 2.41%, 0, 5, 8, 38.72
1700979732, 1, 578, 704, 582, 31, 2.41%, 0, 5, 8, 39.79
1700979737, 1, 578, 705, 583, 31, 2.41%, 0, 5, 8, 39.84
1700979778, 1, 578, 706, 584, 31, 2.41%, 0, 5, 8, 39.60
1700980856, 1, 578, 707, 585, 31, 2.41%, 0, 5, 8, 27.17
1700981495, 1, 578, 708, 586, 31, 2.41%, 0, 5, 8, 35.73
1700981500, 1, 578, 711, 589, 31, 2.41%, 0, 5, 8, 38.97
1700981511, 1, 578, 712, 590, 31, 2.41%, 0, 5, 8, 34.61
1700981516, 1, 578, 713, 591, 31, 2.41%, 0, 5, 8, 34.43
1700981521, 1, 578, 714, 592, 31, 2.41%, 0, 5, 8, 29.75
1700981542, 1, 578, 715, 593, 31, 2.41%, 0, 5, 8, 36.84
1700981557, 1, 578, 716, 594, 31, 2.41%, 0, 5, 8, 33.09
1700981593, 1, 586, 716, 593, 34, 2.41%, 0, 5, 8, 34.56
1700981669, 1, 586, 719, 596, 34, 2.42%, 0, 5, 8, 19.50
1700981674, 1, 586, 724, 601, 34, 2.42%, 0, 5, 8, 24.70
1700981700, 1, 586, 725, 602, 34, 2.42%, 0, 5, 8, 26.71
1700981705, 1, 586, 726, 603, 34, 2.42%, 0, 5, 8, 29.84
1700981715, 1, 594, 726, 601, 34, 2.42%, 0, 5, 8, 35.20
1700981720, 1, 594, 732, 607, 34, 2.42%, 0, 5, 8, 32.37
1700981725, 1, 594, 733, 608, 34, 2.42%, 0, 5, 8, 30.49
1700981823, 1, 594, 734, 609, 34, 2.42%, 0, 5, 8, 31.97
1700981879, 1, 601, 738, 611, 33, 2.42%, 0, 5, 8, 30.97
1700981884, 1, 601, 739, 612, 33, 2.42%, 0, 5, 8, 29.06
1700981925, 1, 601, 740, 613, 33, 2.42%, 0, 5, 8, 15.04
1700982017, 1, 601, 741, 614, 33, 2.42%, 0, 5, 8, 22.77
1700982022, 1, 601, 742, 615, 33, 2.42%, 0, 5, 8, 32.80
1700982032, 1, 601, 743, 616, 33, 2.42%, 0, 5, 8, 35.70
1700982058, 1, 606, 745, 615, 31, 2.42%, 0, 5, 8, 38.86
1700982063, 1, 606, 748, 618, 31, 2.42%, 0, 5, 8, 37.80
1700982078, 1, 610, 748, 615, 30, 2.42%, 0, 5, 8, 38.28
1700982083, 1, 610, 753, 620, 30, 2.43%, 0, 5, 8, 37.57
1700982088, 1, 610, 755, 622, 30, 2.48%, 0, 5, 8, 38.49
1700982093, 1, 610, 756, 623, 30, 2.48%, 0, 5, 8, 36.27
1700982098, 1, 610, 758, 625, 30, 2.49%, 0, 5, 8, 37.60
1700982103, 1, 611, 758, 624, 32, 2.49%, 0, 5, 8, 34.02
1700982109, 1, 611, 762, 628, 32, 2.49%, 0, 5, 8, 35.40
1700982119, 1, 611, 763, 629, 32, 2.49%, 0, 5, 8, 37.75
1700982129, 1, 620, 763, 628, 33, 2.49%, 0, 5, 8, 37.83
1700982252, 1, 620, 764, 629, 33, 2.49%, 0, 5, 9, 30.34
1700982272, 1, 621, 764, 628, 32, 2.49%, 0, 5, 9, 29.47
1700982277, 1, 621, 765, 629, 32, 2.49%, 0, 5, 9, 28.77
1700982308, 1, 621, 766, 630, 32, 2.49%, 0, 5, 9, 30.72
1700982369, 1, 642, 766, 627, 30, 2.49%, 0, 5, 9, 23.45
1700982471, 1, 642, 767, 628, 30, 2.49%, 0, 5, 9, 26.77
1700982487, 1, 642, 769, 630, 30, 2.49%, 0, 5, 9, 22.32
1700982543, 1, 644, 769, 629, 31, 2.49%, 0, 5, 9, 31.05
1700982548, 1, 644, 771, 631, 31, 2.49%, 0, 5, 9, 32.89
1700982554, 1, 644, 772, 632, 31, 2.49%, 0, 5, 9, 34.93
1700982584, 1, 644, 774, 634, 31, 2.49%, 0, 5, 9, 30.44
1700982666, 1, 648, 774, 633, 31, 2.49%, 0, 5, 9, 35.98
1700982846, 1, 648, 775, 634, 31, 2.49%, 0, 5, 9, 38.17
1700982866, 1, 667, 775, 633, 31, 2.49%, 0, 5, 9, 38.93
1700982902, 1, 667, 776, 634, 31, 2.49%, 0, 5, 9, 32.82
1700983035, 1, 676, 776, 633, 31, 2.49%, 0, 5, 9, 35.92
1700983051, 1, 676, 777, 634, 31, 2.49%, 0, 5, 9, 37.12
1700983087, 1, 676, 778, 635, 31, 2.49%, 0, 5, 9, 37.05
1700983199, 1, 689, 778, 634, 31, 2.49%, 0, 5, 9, 38.26
1700983906, 1, 693, 778, 633, 30, 2.49%, 0, 5, 9, 36.20
1700984315, 1, 693, 779, 634, 30, 2.49%, 0, 5, 9, 39.12
1700984346, 1, 699, 779, 633, 29, 2.49%, 0, 5, 9, 37.03
1700984832, 1, 699, 780, 634, 29, 2.49%, 0, 5, 9, 34.50
1700984837, 1, 699, 781, 635, 29, 2.49%, 0, 5, 9, 37.49
1700984858, 1, 699, 782, 636, 29, 2.49%, 0, 5, 9, 38.69
1700984893, 1, 706, 782, 635, 29, 2.49%, 0, 5, 9, 37.17
1700985087, 1, 706, 783, 636, 29, 2.49%, 0, 5, 9, 34.27
1700985240, 1, 708, 783, 635, 28, 2.49%, 0, 5, 9, 30.13
1700985251, 1, 708, 784, 636, 28, 2.49%, 0, 5, 9, 32.49
1700986984, 1, 708, 786, 638, 28, 2.49%, 0, 5, 9, 29.53
1700986995, 1, 708, 787, 639, 28, 2.49%, 0, 5, 9, 35.54
1700987051, 1, 710, 787, 638, 28, 2.49%, 0, 5, 9, 32.36
1700989668, 1, 710, 788, 639, 28, 2.49%, 0, 5, 9, 36.27
1700989673, 1, 710, 789, 640, 28, 2.49%, 0, 5, 9, 37.47
1700989699, 1, 710, 790, 641, 28, 2.49%, 0, 5, 9, 36.51
1700989714, 1, 710, 791, 642, 28, 2.49%, 0, 5, 9, 36.31
1700989719, 1, 710, 792, 643, 28, 2.49%, 0, 5, 9, 33.99
1700989725, 1, 710, 793, 644, 28, 2.49%, 0, 5, 9, 35.84
1700989730, 1, 722, 793, 642, 27, 2.49%, 0, 5, 9, 34.85
1700989735, 1, 722, 795, 644, 27, 2.49%, 0, 5, 9, 26.38
1700989740, 1, 722, 796, 645, 27, 2.49%, 0, 5, 9, 26.75
1700989806, 1, 722, 797, 646, 27, 2.49%, 0, 5, 9, 31.94
1700989811, 1, 722, 799, 648, 27, 2.49%, 0, 5, 9, 17.85
1700989873, 1, 722, 800, 649, 27, 2.49%, 0, 5, 9, 28.71
1700989878, 1, 722, 803, 652, 27, 2.49%, 0, 5, 9, 23.84
1700989909, 1, 733, 803, 650, 27, 2.49%, 0, 5, 9, 35.17
1700989914, 1, 733, 805, 652, 27, 2.49%, 0, 5, 9, 36.50
1700989950, 1, 733, 806, 653, 27, 2.49%, 0, 5, 9, 33.29
1700990037, 1, 733, 807, 654, 27, 2.49%, 0, 5, 9, 33.07
1700990088, 1, 735, 807, 653, 27, 2.49%, 0, 5, 9, 35.97
1700990262, 1, 742, 807, 652, 26, 2.49%, 0, 5, 9, 35.61
1700990426, 1, 751, 808, 651, 24, 2.49%, 0, 5, 9, 37.68
1700990432, 1, 751, 810, 653, 24, 2.50%, 0, 5, 9, 37.11
1700990437, 1, 753, 810, 652, 24, 2.50%, 0, 5, 9, 35.91
1700990442, 1, 753, 818, 660, 24, 2.50%, 0, 5, 9, 37.15
1700990447, 1, 753, 821, 663, 24, 2.50%, 0, 5, 9, 38.29
1700990452, 1, 753, 826, 668, 24, 2.51%, 0, 5, 9, 37.73
1700990457, 1, 753, 827, 669, 24, 2.51%, 0, 5, 9, 34.26
1700990472, 1, 753, 830, 672, 24, 2.51%, 0, 5, 9, 37.24
1700990477, 1, 753, 831, 673, 24, 2.51%, 0, 5, 9, 38.59
1700990482, 1, 753, 832, 674, 24, 2.52%, 0, 5, 9, 38.42
1700990508, 1, 753, 833, 675, 24, 2.52%, 0, 5, 9, 41.01
1700990513, 1, 753, 834, 676, 24, 2.52%, 0, 5, 9, 38.71
1700990559, 1, 753, 835, 677, 24, 2.52%, 0, 5, 9, 39.25
1700990605, 1, 753, 837, 679, 24, 2.52%, 0, 5, 9, 36.99
1700990630, 1, 753, 838, 680, 24, 2.52%, 0, 5, 9, 31.39
1700990661, 1, 753, 841, 683, 24, 2.52%, 0, 5, 9, 31.70
1700990692, 1, 753, 842, 684, 24, 2.52%, 0, 5, 9, 36.19
1700990718, 1, 753, 843, 685, 24, 2.52%, 0, 5, 9, 33.98
1700990733, 1, 753, 846, 688, 24, 2.52%, 0, 5, 9, 35.69
1700990743, 1, 753, 848, 690, 24, 2.52%, 0, 5, 9, 33.39
1700990748, 1, 753, 849, 691, 24, 2.52%, 0, 5, 9, 28.84
1700990759, 1, 753, 850, 692, 24, 2.52%, 0, 5, 9, 29.42
1700990774, 1, 753, 852, 694, 24, 2.52%, 0, 5, 9, 34.47
1700990784, 1, 753, 853, 695, 24, 2.53%, 0, 5, 9, 37.27
1700990800, 1, 753, 854, 696, 24, 2.53%, 0, 5, 9, 37.43
1700990815, 1, 756, 855, 696, 28, 2.53%, 0, 5, 9, 32.03
1700990887, 1, 757, 855, 695, 27, 2.53%, 0, 5, 9, 39.92
1700990933, 1, 757, 856, 696, 27, 2.53%, 0, 5, 9, 30.33
1700990954, 1, 757, 857, 697, 27, 2.53%, 0, 5, 9, 35.26
1700991174, 1, 757, 858, 698, 27, 2.53%, 0, 5, 9, 37.43
1700991184, 1, 757, 859, 699, 27, 2.53%, 0, 5, 9, 38.44
1700991189, 1, 757, 860, 700, 27, 2.53%, 0, 5, 9, 37.40
1700991204, 1, 757, 861, 701, 27, 2.53%, 0, 5, 9, 39.42
1700991240, 1, 759, 862, 701, 29, 2.53%, 0, 5, 9, 38.08
1700991291, 1, 759, 863, 702, 29, 2.53%, 0, 5, 9, 34.60
1700991307, 1, 764, 863, 700, 28, 2.53%, 0, 5, 9, 35.32
1700991333, 1, 764, 864, 701, 28, 2.53%, 0, 5, 10, 31.93
1700991368, 1, 764, 865, 702, 28, 2.53%, 0, 5, 10, 39.61
1700991383, 1, 764, 866, 703, 28, 2.53%, 0, 5, 10, 41.83
1700991393, 1, 764, 867, 704, 28, 2.54%, 0, 5, 10, 42.00
1700991429, 1, 765, 867, 703, 28, 2.54%, 0, 5, 10, 39.27
1700991495, 1, 765, 868, 704, 28, 2.54%, 0, 5, 10, 38.32
1700991516, 1, 765, 869, 705, 28, 2.54%, 0, 5, 10, 37.85
1700991531, 1, 765, 870, 706, 28, 2.54%, 0, 5, 10, 37.23
1700991562, 1, 766, 870, 705, 30, 2.54%, 0, 5, 10, 30.08
1700991669, 1, 771, 870, 704, 29, 2.54%, 0, 5, 10, 32.33
1700991674, 1, 771, 873, 707, 29, 2.55%, 0, 5, 10, 35.28
1700991679, 1, 771, 874, 708, 29, 2.55%, 0, 5, 10, 35.57
1700991685, 1, 771, 875, 709, 29, 2.55%, 0, 5, 10, 38.05
1700991705, 1, 771, 877, 711, 29, 2.55%, 0, 5, 10, 34.16
1700991782, 1, 771, 878, 712, 29, 2.55%, 0, 5, 10, 36.73
1700991792, 1, 771, 878, 712, 29, 2.55%, 0, 6, 10, 19.95
1700991823, 1, 771, 880, 714, 29, 2.55%, 0, 6, 10, 37.76
1700991828, 1, 774, 880, 712, 30, 2.55%, 0, 6, 10, 37.13
1700992661, 1, 775, 880, 711, 29, 2.55%, 0, 6, 10, 35.22
1700992834, 1, 776, 880, 710, 28, 2.55%, 0, 6, 10, 36.89
1700992998, 1, 781, 880, 709, 27, 2.55%, 0, 6, 10, 34.70
1700993806, 1, 784, 880, 708, 26, 2.55%, 0, 6, 10, 34.45
1700995245, 1, 786, 880, 707, 25, 2.55%, 0, 6, 10, 35.43
1700997337, 1, 786, 881, 708, 25, 2.55%, 0, 6, 10, 34.95
1700997362, 1, 790, 881, 707, 26, 2.55%, 0, 6, 10, 34.95
1700999633, 1, 790, 882, 708, 26, 2.55%, 0, 6, 10, 37.12
1700999659, 1, 799, 882, 707, 25, 2.55%, 0, 6, 10, 38.22
1700999726, 1, 799, 883, 708, 25, 2.55%, 0, 6, 10, 36.14
1700999756, 1, 799, 884, 709, 25, 2.55%, 0, 6, 10, 36.65
1700999823, 1, 806, 885, 709, 26, 2.57%, 0, 6, 10, 36.04
1700999833, 1, 806, 886, 710, 26, 2.57%, 0, 6, 10, 37.36
1700999981, 1, 806, 887, 711, 26, 2.57%, 0, 6, 10, 34.02
1701000002, 1, 806, 888, 712, 26, 2.57%, 0, 6, 10, 30.53
1701000027, 1, 815, 888, 709, 27, 2.57%, 0, 6, 10, 37.27
1701000037, 1, 815, 889, 710, 27, 2.57%, 0, 6, 10, 38.90
1701000058, 1, 815, 890, 711, 27, 2.57%, 0, 6, 10, 38.49
1701000073, 1, 815, 891, 712, 27, 2.57%, 0, 6, 10, 41.60
1701000318, 1, 815, 893, 714, 27, 2.57%, 0, 6, 10, 36.35
1701000339, 1, 815, 894, 715, 27, 2.57%, 0, 6, 10, 39.70
1701000364, 1, 815, 894, 715, 27, 2.57%, 0, 7, 10, 39.80
1701000384, 1, 833, 894, 713, 26, 2.57%, 0, 7, 10, 36.69
1701000389, 1, 833, 895, 714, 26, 2.57%, 0, 7, 10, 37.34
1701000415, 1, 833, 896, 715, 26, 2.57%, 0, 7, 10, 38.02
1701000430, 1, 833, 897, 716, 26, 2.57%, 0, 7, 10, 35.28
1701000456, 1, 833, 898, 717, 26, 2.57%, 0, 7, 10, 38.71
1701000685, 1, 834, 898, 716, 26, 2.57%, 0, 7, 10, 33.16
1701000757, 1, 834, 899, 717, 26, 2.57%, 0, 7, 10, 40.38
1701000996, 1, 834, 900, 718, 26, 2.57%, 0, 7, 10, 37.23
1701001011, 1, 834, 901, 719, 26, 2.57%, 0, 7, 10, 37.76
1701001042, 1, 852, 901, 718, 26, 2.57%, 0, 7, 10, 40.18
1701001047, 1, 855, 901, 717, 25, 2.57%, 0, 7, 10, 41.13
1701001083, 1, 855, 902, 718, 25, 2.57%, 0, 7, 10, 30.70
1701001241, 1, 855, 903, 719, 25, 2.57%, 0, 7, 10, 38.56
1701001251, 1, 856, 903, 718, 26, 2.57%, 0, 7, 10, 39.13
1701001379, 1, 856, 904, 719, 26, 2.57%, 0, 7, 10, 35.68
1701001543, 1, 856, 905, 720, 26, 2.57%, 0, 7, 10, 36.93
1701001548, 1, 856, 906, 721, 26, 2.57%, 0, 7, 10, 37.01
1701001553, 1, 856, 907, 722, 26, 2.57%, 0, 7, 10, 37.61
1701001558, 1, 856, 908, 723, 26, 2.57%, 0, 7, 10, 37.88
1701001568, 1, 856, 909, 724, 26, 2.57%, 0, 7, 10, 39.26
1701001609, 1, 861, 909, 723, 26, 2.57%, 0, 7, 10, 37.87
1701001660, 1, 866, 909, 722, 25, 2.57%, 0, 7, 10, 38.95
1701001665, 1, 866, 910, 723, 25, 2.57%, 0, 7, 11, 33.72
1701001670, 1, 866, 916, 729, 25, 2.57%, 0, 7, 11, 35.11
1701001675, 1, 866, 917, 730, 25, 2.57%, 0, 7, 11, 37.92
1701001696, 1, 866, 918, 731, 25, 2.57%, 0, 7, 11, 37.60
1701001701, 1, 866, 919, 732, 25, 2.57%, 0, 7, 11, 37.00
1701001773, 1, 866, 921, 734, 25, 2.59%, 0, 7, 11, 33.14
1701001839, 1, 866, 922, 735, 25, 2.59%, 0, 7, 11, 35.98
1701001850, 1, 866, 923, 736, 25, 2.59%, 0, 7, 11, 35.70
1701001855, 1, 866, 924, 737, 25, 2.59%, 0, 7, 11, 33.62
1701001860, 1, 866, 925, 738, 25, 2.59%, 0, 7, 11, 33.78
1701002115, 1, 866, 926, 739, 25, 2.59%, 0, 7, 11, 40.46
1701002121, 1, 866, 927, 740, 25, 2.59%, 0, 7, 11, 40.16
1701002126, 1, 866, 929, 742, 25, 2.59%, 0, 7, 11, 40.28
1701002131, 1, 866, 930, 743, 25, 2.59%, 0, 7, 11, 39.70
1701002146, 1, 866, 931, 744, 25, 2.59%, 0, 7, 11, 32.12
1701002161, 1, 866, 932, 745, 25, 2.59%, 0, 7, 11, 37.25
1701002182, 1, 867, 932, 744, 28, 2.59%, 0, 7, 11, 38.70
1701002411, 1, 867, 934, 746, 28, 2.59%, 0, 7, 11, 37.02
1701002478, 1, 868, 934, 745, 28, 2.59%, 0, 7, 11, 31.60
1701002483, 1, 868, 935, 746, 28, 2.60%, 0, 7, 11, 34.37
1701002488, 1, 868, 936, 747, 28, 2.60%, 0, 7, 11, 34.21
1701002626, 1, 868, 937, 748, 28, 2.60%, 0, 7, 11, 40.95
1701002652, 1, 868, 938, 749, 28, 2.60%, 0, 7, 11, 37.45
1701002693, 1, 872, 938, 748, 28, 2.60%, 0, 7, 11, 35.54
1701002826, 1, 872, 940, 750, 28, 2.60%, 0, 7, 11, 33.23
1701002877, 1, 880, 940, 749, 26, 2.60%, 0, 7, 11, 25.74
1701006081, 1, 881, 940, 748, 25, 2.60%, 0, 7, 11, 33.35
1701008617, 1, 886, 941, 745, 21, 2.60%, 0, 7, 11, 39.99
1701008622, 1, 886, 942, 746, 21, 2.60%, 0, 7, 11, 41.22
1701008913, 1, 886, 943, 747, 21, 2.60%, 0, 7, 11, 30.29
1701008964, 1, 887, 943, 746, 22, 2.60%, 0, 7, 11, 33.73
1701009164, 1, 890, 943, 745, 21, 2.60%, 0, 7, 11, 37.96
1701009169, 1, 890, 947, 749, 21, 2.60%, 0, 7, 11, 40.99
1701009174, 1, 890, 949, 751, 21, 2.60%, 0, 7, 11, 43.27
1701009179, 1, 890, 952, 754, 21, 2.60%, 0, 7, 11, 40.71
1701009189, 1, 890, 953, 755, 21, 2.60%, 0, 7, 11, 40.62
1701009194, 1, 890, 954, 756, 21, 2.60%, 0, 7, 11, 42.13
1701009235, 1, 890, 955, 757, 21, 2.60%, 0, 7, 11, 36.52
1701009454, 1, 893, 957, 758, 23, 2.60%, 0, 7, 11, 40.56
1701009459, 1, 893, 959, 760, 23, 2.61%, 0, 7, 11, 41.66
1701009464, 1, 893, 961, 762, 23, 2.61%, 0, 7, 11, 34.93
1701009469, 1, 893, 962, 763, 23, 2.61%, 0, 7, 11, 36.75
1701009475, 1, 898, 963, 762, 22, 2.61%, 0, 7, 11, 35.58
1701009739, 1, 898, 964, 763, 22, 2.61%, 0, 7, 11, 39.84
1701009750, 1, 899, 964, 762, 22, 2.61%, 0, 7, 11, 45.25
1701009800, 1, 899, 965, 763, 22, 2.61%, 0, 7, 11, 40.46
1701009897, 1, 899, 966, 764, 22, 2.61%, 0, 7, 11, 42.83
1701010334, 1, 899, 967, 765, 22, 2.61%, 0, 7, 11, 33.71
1701010344, 1, 899, 969, 767, 22, 2.61%, 0, 7, 11, 39.19
1701010354, 1, 899, 970, 768, 22, 2.61%, 0, 7, 11, 42.42
1701010395, 1, 903, 970, 767, 22, 2.61%, 0, 7, 11, 42.35
1701010644, 1, 905, 970, 766, 21, 2.61%, 0, 7, 11, 46.31
1701011177, 1, 905, 971, 767, 21, 2.61%, 0, 7, 11, 39.50
1701011192, 1, 906, 971, 766, 21, 2.61%, 0, 7, 11, 39.46
1701011466, 1, 919, 971, 764, 20, 2.61%, 0, 7, 11, 39.59
1701011864, 1, 919, 972, 765, 20, 2.61%, 0, 7, 12, 41.74
1701011874, 1, 919, 973, 766, 20, 2.61%, 0, 7, 12, 45.44
1701011884, 1, 919, 974, 767, 20, 2.61%, 0, 7, 12, 42.69
1701011894, 1, 919, 975, 768, 20, 2.63%, 0, 7, 12, 36.35
1701011905, 1, 919, 976, 769, 20, 2.63%, 0, 7, 12, 42.38
1701011915, 1, 919, 977, 770, 20, 2.63%, 0, 7, 12, 44.08
1701011925, 1, 929, 977, 768, 19, 2.63%, 0, 7, 12, 42.40
1701012865, 1, 934, 977, 767, 18, 2.63%, 0, 7, 12, 41.89
1701013013, 1, 935, 978, 767, 17, 2.63%, 0, 7, 12, 43.05
1701013145, 1, 935, 979, 768, 17, 2.63%, 0, 7, 12, 41.56
1701013150, 1, 935, 980, 769, 17, 2.63%, 0, 7, 12, 41.96
1701013196, 1, 935, 981, 770, 17, 2.63%, 0, 7, 12, 44.98
1701013201, 1, 938, 981, 769, 18, 2.63%, 0, 7, 12, 42.01
1701013211, 1, 938, 982, 770, 18, 2.63%, 0, 7, 12, 29.78
1701013366, 1, 938, 983, 771, 18, 2.63%, 0, 7, 12, 40.29
1701013381, 1, 938, 984, 772, 18, 2.63%, 0, 7, 12, 39.62
1701013391, 1, 938, 985, 773, 18, 2.63%, 0, 7, 12, 35.95
1701013407, 1, 944, 985, 771, 17, 2.63%, 0, 7, 12, 42.47
1701013412, 1, 944, 988, 774, 17, 2.63%, 0, 7, 12, 40.44
1701013676, 1, 944, 989, 775, 17, 2.63%, 0, 7, 12, 45.00
1701013691, 1, 953, 989, 774, 17, 2.63%, 0, 7, 12, 41.59
1701013904, 1, 960, 989, 773, 16, 2.63%, 0, 7, 12, 45.64
1701013909, 1, 960, 993, 777, 16, 2.63%, 0, 7, 12, 46.83
1701013925, 1, 962, 993, 776, 17, 2.63%, 0, 7, 12, 41.02
1701013930, 1, 964, 993, 774, 15, 2.63%, 0, 7, 12, 42.72
1701014492, 1, 970, 993, 773, 14, 2.63%, 0, 7, 12, 44.29
1701014497, 1, 974, 994, 773, 13, 2.64%, 0, 7, 13, 43.13
1701014502, 1, 974, 995, 774, 13, 2.65%, 0, 7, 13, 43.90
1701014563, 1, 974, 996, 775, 13, 2.66%, 0, 7, 13, 43.07
1701014574, 1, 974, 997, 776, 13, 2.66%, 0, 7, 13, 43.16
1701014609, 1, 974, 998, 777, 13, 2.66%, 0, 7, 13, 43.06
1701014625, 1, 975, 998, 776, 16, 2.66%, 0, 7, 13, 41.52
1701015434, 1, 975, 999, 777, 16, 2.66%, 0, 7, 13, 37.66
1701015450, 1, 975, 1000, 778, 16, 2.66%, 0, 7, 13, 38.74
1701015491, 1, 976, 1000, 777, 16, 2.66%, 0, 7, 13, 41.82
1701015496, 1, 976, 1001, 778, 16, 2.66%, 0, 7, 13, 41.90
1701015511, 1, 976, 1002, 779, 16, 2.66%, 0, 7, 13, 40.84
1701016112, 1, 976, 1004, 781, 16, 2.66%, 0, 7, 13, 40.68
1701016138, 1, 976, 1005, 782, 16, 2.66%, 0, 7, 13, 41.30
1701016143, 1, 976, 1006, 783, 16, 2.66%, 0, 7, 13, 40.09
1701016163, 1, 976, 1007, 784, 16, 2.66%, 0, 7, 13, 38.02
1701016173, 1, 977, 1007, 783, 17, 2.66%, 0, 7, 13, 38.24
1701016178, 1, 977, 1008, 784, 17, 2.66%, 0, 7, 13, 39.49
1701016316, 1, 977, 1009, 785, 17, 2.66%, 0, 7, 13, 39.23
1701016321, 1, 977, 1010, 786, 17, 2.66%, 0, 7, 13, 40.28
1701016357, 1, 977, 1012, 788, 17, 2.66%, 0, 7, 13, 34.79
1701016378, 1, 980, 1012, 787, 18, 2.66%, 0, 7, 13, 40.84
1701016383, 1, 980, 1013, 788, 18, 2.66%, 0, 7, 13, 40.76
1701016598, 1, 982, 1013, 787, 17, 2.66%, 0, 7, 13, 36.15
1701016603, 1, 982, 1014, 788, 17, 2.66%, 0, 7, 13, 27.16
1701016608, 1, 982, 1015, 789, 17, 2.66%, 0, 7, 13, 32.24
1701016618, 1, 982, 1016, 790, 17, 2.67%, 0, 7, 13, 27.50
1701016978, 1, 982, 1017, 791, 17, 2.67%, 0, 7, 13, 39.07
1701017024, 1, 988, 1017, 790, 17, 2.67%, 0, 7, 13, 38.37
1701017029, 1, 988, 1018, 791, 17, 2.67%, 0, 7, 13, 38.84
1701017034, 1, 988, 1020, 793, 17, 2.67%, 0, 7, 13, 40.62
1701017335, 1, 989, 1020, 792, 15, 2.67%, 0, 7, 13, 37.17
1701017340, 1, 992, 1020, 791, 14, 2.67%, 0, 7, 13, 34.12
1701017345, 1, 996, 1021, 789, 11, 2.68%, 0, 7, 14, 40.42
1701017350, 1, 996, 1022, 790, 11, 2.68%, 0, 7, 14, 39.07
1701017463, 1, 996, 1024, 792, 11, 2.68%, 0, 7, 14, 40.42
1701017468, 1, 996, 1025, 793, 11, 2.68%, 0, 7, 14, 41.10
1701017478, 1, 996, 1026, 794, 11, 2.69%, 0, 7, 14, 41.96
1701017488, 1, 996, 1027, 795, 11, 2.69%, 0, 7, 14, 40.77
1701017494, 1, 996, 1028, 796, 11, 2.69%, 0, 7, 14, 39.57
1701017509, 1, 997, 1028, 795, 13, 2.69%, 0, 7, 14, 37.04
1701017514, 1, 997, 1029, 796, 13, 2.69%, 0, 7, 14, 43.45
1701017519, 1, 997, 1031, 798, 13, 2.69%, 0, 7, 14, 40.46
1701017524, 1, 997, 1032, 799, 13, 2.69%, 0, 7, 14, 34.87
1701017534, 1, 997, 1036, 803, 13, 2.69%, 0, 7, 14, 35.79
1701017621, 1, 998, 1036, 802, 13, 2.69%, 0, 7, 14, 45.44
1701018312, 1, 998, 1037, 803, 13, 2.69%, 0, 7, 14, 43.66
1701018317, 1, 998, 1039, 805, 13, 2.69%, 0, 7, 14, 46.88
1701018347, 1, 998, 1040, 806, 13, 2.69%, 0, 7, 14, 44.25
1701018362, 1, 1001, 1041, 806, 17, 2.69%, 0, 7, 14, 37.45
1701018929, 1, 1001, 1042, 807, 17, 2.69%, 0, 7, 14, 34.39
1701019016, 1, 1001, 1044, 809, 17, 2.69%, 0, 7, 14, 39.52
1701019072, 1, 1005, 1044, 808, 17, 2.69%, 0, 7, 14, 27.61
1701020334, 1, 1009, 1044, 807, 16, 2.69%, 0, 7, 14, 38.42
1701020630, 1, 1016, 1044, 805, 14, 2.69%, 0, 7, 14, 29.40
1701020635, 1, 1016, 1045, 806, 14, 2.69%, 0, 7, 14, 26.32
1701020697, 1, 1016, 1046, 807, 14, 2.69%, 0, 7, 14, 24.07
1701020870, 1, 1016, 1047, 808, 14, 2.70%, 0, 7, 14, 21.12
1701022242, 1, 1016, 1048, 809, 14, 2.70%, 0, 7, 14, 27.52
1701022247, 1, 1016, 1049, 810, 14, 2.70%, 0, 7, 14, 25.06
1701022262, 1, 1016, 1050, 811, 14, 2.70%, 0, 7, 14, 27.96
1701022293, 1, 1024, 1051, 810, 17, 2.70%, 0, 7, 14, 30.94
1701022303, 1, 1024, 1052, 811, 17, 2.71%, 0, 7, 15, 36.83
1701022457, 1, 1024, 1053, 812, 17, 2.71%, 0, 7, 15, 34.61
1701022472, 1, 1025, 1053, 811, 18, 2.71%, 0, 7, 15, 36.32
1701022611, 1, 1025, 1054, 812, 18, 2.71%, 0, 7, 15, 38.74
1701022616, 1, 1025, 1055, 813, 18, 2.71%, 0, 7, 15, 37.89
1701022626, 1, 1025, 1056, 814, 18, 2.71%, 0, 7, 15, 39.50
1701022631, 1, 1025, 1057, 815, 18, 2.71%, 0, 7, 15, 39.81
1701022647, 1, 1025, 1058, 816, 18, 2.71%, 0, 7, 15, 37.26
1701022662, 1, 1025, 1059, 817, 18, 2.71%, 0, 7, 15, 39.72
1701022672, 1, 1038, 1059, 815, 17, 2.71%, 0, 7, 15, 33.48
1701024283, 1, 1038, 1060, 816, 17, 2.71%, 0, 7, 15, 37.35
1701024314, 1, 1040, 1060, 815, 17, 2.71%, 0, 7, 15, 35.35
1701024319, 1, 1040, 1061, 816, 17, 2.71%, 0, 7, 15, 33.34
1701025521, 1, 1040, 1064, 819, 17, 2.71%, 0, 7, 15, 38.03
1701025526, 1, 1040, 1065, 820, 17, 2.71%, 0, 7, 15, 37.77
1701025531, 1, 1040, 1066, 821, 17, 2.71%, 0, 7, 15, 37.85
1701025546, 1, 1040, 1067, 822, 17, 2.71%, 0, 7, 15, 38.86
1701025577, 1, 1040, 1068, 823, 17, 2.71%, 0, 7, 15, 39.37
1701025607, 1, 1042, 1068, 821, 17, 2.71%, 0, 7, 15, 36.71
1701025674, 1, 1042, 1069, 822, 17, 2.71%, 0, 7, 15, 40.45
1701026840, 1, 1042, 1070, 823, 17, 2.71%, 0, 7, 15, 38.36
1701026850, 1, 1042, 1072, 825, 17, 2.71%, 0, 7, 15, 37.20
1701026856, 1, 1042, 1073, 826, 17, 2.71%, 0, 7, 15, 38.75
1701026871, 1, 1042, 1074, 827, 17, 2.71%, 0, 7, 15, 38.86
1701026897, 1, 1042, 1076, 829, 17, 2.71%, 0, 7, 15, 39.42
1701026922, 1, 1042, 1077, 830, 17, 2.71%, 0, 7, 15, 35.57
1701026927, 1, 1043, 1077, 829, 20, 2.71%, 0, 7, 15, 33.51
1701028864, 1, 1043, 1078, 830, 20, 2.71%, 0, 7, 15, 38.36
1701028869, 1, 1043, 1079, 831, 20, 2.71%, 0, 7, 15, 39.15
1701028940, 1, 1046, 1080, 831, 20, 2.71%, 0, 7, 15, 33.41
1701030410, 1, 1047, 1080, 830, 20, 2.71%, 0, 7, 15, 33.81
1701033560, 1, 1049, 1080, 829, 19, 2.71%, 0, 7, 15, 31.63
1701035181, 1, 1049, 1081, 830, 19, 2.72%, 0, 7, 15, 32.37
1701035345, 1, 1050, 1081, 829, 19, 2.72%, 0, 7, 15, 30.89
1701038325, 1, 1052, 1081, 828, 18, 2.72%, 0, 7, 15, 36.98
1701038330, 1, 1057, 1081, 827, 17, 2.72%, 0, 7, 15, 42.65
1701038529, 1, 1057, 1082, 828, 17, 2.72%, 0, 7, 16, 44.57
1701038534, 1, 1057, 1083, 829, 17, 2.72%, 0, 7, 16, 43.34
1701038590, 1, 1059, 1084, 829, 17, 2.72%, 0, 7, 16, 37.93
1701040049, 1, 1063, 1084, 828, 16, 2.72%, 0, 7, 16, 37.53
1701041842, 1, 1066, 1084, 827, 15, 2.72%, 0, 7, 16, 36.46
1701041872, 1, 1066, 1085, 828, 15, 2.72%, 0, 7, 16, 39.97
1701041888, 1, 1066, 1086, 829, 15, 2.72%, 0, 7, 16, 38.92
1701043669, 1, 1069, 1086, 828, 14, 2.72%, 0, 7, 16, 36.38
1701044897, 1, 1073, 1086, 827, 13, 2.72%, 0, 7, 16, 38.96
1701046325, 1, 1073, 1087, 828, 13, 2.72%, 0, 7, 16, 37.44
1701046330, 1, 1073, 1088, 829, 13, 2.72%, 0, 7, 16, 41.01
1701046355, 1, 1073, 1089, 830, 13, 2.73%, 0, 7, 16, 37.99
1701046366, 1, 1073, 1090, 831, 13, 2.73%, 0, 7, 16, 34.51
1701046401, 1, 1075, 1090, 830, 14, 2.73%, 0, 7, 16, 38.51
1701047382, 1, 1075, 1092, 832, 14, 2.73%, 0, 7, 16, 35.38
1701047453, 1, 1075, 1093, 833, 14, 2.73%, 0, 7, 16, 40.19
1701047469, 1, 1076, 1093, 832, 14, 2.73%, 0, 7, 16, 36.73
1701048529, 1, 1076, 1094, 833, 14, 2.73%, 0, 7, 16, 41.92
1701048550, 1, 1078, 1094, 832, 13, 2.73%, 0, 7, 16, 36.89
1701048845, 1, 1078, 1095, 833, 13, 2.73%, 0, 7, 16, 39.86
1701050809, 1, 1079, 1095, 832, 13, 2.73%, 0, 7, 16, 29.66
1701051987, 1, 1083, 1095, 829, 10, 2.73%, 0, 7, 16, 32.13
1701052227, 1, 1085, 1095, 828, 9, 2.73%, 0, 7, 16, 40.88
1701052237, 1, 1087, 1095, 827, 8, 2.73%, 0, 7, 16, 37.83
1701052247, 1, 1087, 1096, 828, 8, 2.73%, 0, 7, 17, 42.46
1701052609, 1, 1087, 1097, 829, 8, 2.73%, 0, 7, 17, 39.50
1701053776, 1, 1088, 1097, 828, 8, 2.73%, 0, 7, 17, 37.59
1701053781, 1, 1090, 1097, 827, 7, 2.73%, 0, 7, 17, 37.00
1701053807, 1, 1090, 1098, 828, 7, 2.73%, 0, 7, 17, 29.96
1701054368, 1, 1093, 1098, 827, 7, 2.73%, 0, 7, 17, 36.79
1701054883, 1, 1094, 1098, 826, 6, 2.73%, 0, 7, 17, 38.75
1701057178, 1, 1096, 1098, 825, 5, 2.73%, 0, 7, 17, 37.43
1701058713, 1, 1096, 1099, 826, 5, 2.73%, 0, 7, 18, 34.94
1701058739, 1, 1097, 1099, 825, 5, 2.73%, 0, 7, 18, 21.52
1701058744, 1, 1098, 1099, 824, 4, 2.73%, 0, 7, 18, 30.18
1701061155, 1, 1098, 1101, 826, 4, 2.73%, 0, 7, 19, 41.36
1701061181, 1, 1098, 1102, 827, 4, 2.73%, 0, 7, 19, 42.92
1701061191, 1, 1098, 1103, 828, 4, 2.73%, 0, 7, 19, 43.88
1701061232, 1, 1101, 1103, 827, 5, 2.73%, 0, 7, 19, 41.20
1701061282, 1, 1101, 1104, 828, 5, 2.73%, 0, 7, 20, 37.03
1701064459, 1, 1101, 1106, 830, 5, 2.73%, 0, 7, 20, 37.61
1701064505, 1, 1101, 1107, 831, 5, 2.73%, 0, 7, 20, 38.28
1701064515, 1, 1101, 1108, 832, 5, 2.73%, 0, 7, 20, 44.11
1701064535, 1, 1102, 1108, 831, 7, 2.73%, 0, 7, 20, 37.34
1701067933, 1, 1104, 1108, 830, 6, 2.73%, 0, 7, 20, 36.71
1701071425, 1, 1107, 1108, 829, 5, 2.73%, 0, 7, 20, 35.04
1701074748, 2, 39, 1108, 828, 4, 2.73%, 0, 7, 20, 35.20
1701076770, 2, 39, 1110, 830, 4, 2.73%, 0, 7, 20, 38.57
1701076775, 2, 39, 1111, 831, 4, 2.73%, 0, 7, 20, 40.19
1701076780, 2, 39, 1112, 832, 4, 2.75%, 0, 7, 20, 39.65
1701076806, 2, 39, 1113, 833, 4, 2.75%, 0, 7, 20, 40.38
1701076816, 2, 39, 1114, 834, 4, 2.75%, 0, 7, 20, 38.55
1701076826, 2, 39, 1115, 835, 4, 2.75%, 0, 7, 20, 39.82
1701076852, 2, 86, 1115, 834, 7, 2.75%, 0, 7, 20, 39.48
1701076994, 2, 86, 1116, 835, 7, 2.75%, 0, 7, 20, 38.07
1701079043, 2, 158, 1116, 834, 9, 2.75%, 0, 7, 20, 39.61
1701081142, 2, 182, 1116, 833, 9, 2.75%, 0, 7, 20, 38.54
1701083159, 2, 197, 1116, 832, 9, 2.75%, 0, 7, 20, 43.87
1701085111, 2, 199, 1116, 831, 9, 2.75%, 0, 7, 20, 41.60
1701085116, 2, 202, 1116, 830, 9, 2.75%, 0, 7, 20, 40.52
1701085121, 2, 528, 1116, 829, 9, 2.75%, 0, 7, 20, 39.59
1701085193, 2, 528, 1117, 830, 9, 2.75%, 0, 7, 20, 42.49
1701085627, 2, 528, 1119, 832, 9, 2.75%, 0, 7, 20, 38.04
1701085632, 2, 528, 1120, 833, 9, 2.75%, 0, 7, 20, 40.16
1701085662, 2, 528, 1121, 834, 9, 2.75%, 0, 7, 20, 37.79
1701085703, 2, 530, 1121, 833, 10, 2.75%, 0, 7, 20, 45.18
1701086467, 2, 923, 1121, 828, 6, 2.75%, 0, 7, 20, 38.57
1701086951, 2, 924, 1121, 827, 6, 2.75%, 0, 7, 20, 31.02
1701086956, 2, 1002, 1121, 826, 5, 2.75%, 0, 7, 20, 29.32
1701087582, 2, 1112, 1123, 826, 4, 2.75%, 0, 7, 20, 43.78
1701087587, 2, 1112, 1124, 827, 4, 2.76%, 0, 7, 20, 39.66
1701087592, 2, 1112, 1125, 828, 4, 2.76%, 0, 7, 20, 41.76
1701087602, 2, 1112, 1127, 830, 4, 2.76%, 0, 7, 20, 41.63
1701087607, 2, 1112, 1128, 831, 4, 2.76%, 0, 7, 20, 43.33
1701087627, 2, 1112, 1131, 834, 4, 2.77%, 0, 7, 20, 40.02
1701087673, 2, 1112, 1132, 835, 4, 2.78%, 0, 7, 20, 42.23
1701087693, 2, 1112, 1133, 836, 4, 2.78%, 0, 7, 20, 43.57
1701087698, 2, 1112, 1135, 838, 4, 2.78%, 0, 7, 20, 43.74
1701087714, 2, 1112, 1139, 842, 4, 2.78%, 0, 7, 20, 39.17
1701087719, 2, 1112, 1142, 845, 4, 2.78%, 0, 7, 20, 43.37
1701087734, 2, 1112, 1144, 847, 4, 2.78%, 0, 7, 20, 35.36
1701087754, 2, 1112, 1145, 848, 4, 2.78%, 0, 7, 20, 39.75
1701087759, 2, 1112, 1146, 849, 4, 2.78%, 0, 7, 20, 39.08
1701087765, 2, 1112, 1147, 850, 4, 2.78%, 0, 7, 20, 37.79
1701087780, 2, 1112, 1148, 851, 4, 2.78%, 0, 7, 20, 39.20
1701087785, 2, 1112, 1149, 852, 4, 2.78%, 0, 7, 20, 35.72
1701087795, 2, 1112, 1150, 853, 4, 2.78%, 0, 7, 20, 40.09
1701087800, 2, 1115, 1150, 852, 9, 2.78%, 0, 7, 20, 36.84
1701089944, 2, 1120, 1150, 851, 8, 2.78%, 0, 7, 20, 31.73
