# unix_time, cycles_done, cur_path, paths_total, pending_total, pending_favs, map_size, unique_crashes, unique_hangs, max_depth, execs_per_sec
1701125248, 0, 0, 1, 1, 1, 1.39%, 0, 0, 1, 8.67
1701125254, 0, 0, 23, 23, 1, 1.98%, 0, 0, 2, 31.46
1701125259, 0, 0, 32, 32, 1, 2.08%, 0, 0, 2, 21.90
1701125264, 0, 0, 38, 38, 1, 2.27%, 0, 0, 2, 16.11
1701125269, 0, 0, 41, 41, 1, 2.27%, 0, 0, 2, 13.18
1701125274, 0, 0, 43, 43, 1, 2.29%, 0, 0, 2, 10.13
1701125279, 0, 0, 47, 47, 1, 2.33%, 0, 0, 2, 12.90
1701125284, 0, 0, 51, 51, 1, 2.38%, 0, 0, 2, 12.35
1701125289, 0, 0, 53, 53, 1, 2.38%, 0, 0, 2, 11.86
1701125295, 0, 0, 57, 57, 1, 2.38%, 0, 0, 2, 14.17
1701125300, 0, 0, 59, 59, 1, 2.39%, 0, 0, 2, 12.34
1701125315, 0, 0, 61, 61, 1, 2.39%, 0, 0, 2, 10.08
1701125325, 0, 0, 62, 62, 1, 2.39%, 0, 0, 2, 10.28
1701125356, 0, 0, 65, 65, 1, 2.39%, 0, 0, 2, 12.29
1701125361, 0, 0, 70, 70, 1, 2.39%, 0, 0, 2, 9.43
1701125366, 0, 0, 74, 74, 1, 2.39%, 0, 0, 2, 8.40
1701125371, 0, 0, 79, 79, 1, 2.39%, 0, 0, 2, 8.09
1701125377, 0, 0, 84, 84, 1, 2.39%, 0, 0, 2, 8.44
1701125382, 0, 0, 88, 88, 1, 2.39%, 0, 0, 2, 8.39
1701125387, 0, 0, 92, 92, 1, 2.39%, 0, 0, 2, 8.35
1701125392, 0, 0, 97, 97, 1, 2.39%, 0, 0, 2, 8.27
1701125397, 0, 0, 101, 101, 1, 2.39%, 0, 0, 2, 8.11
1701125402, 0, 0, 106, 106, 1, 2.39%, 0, 0, 2, 8.28
1701125407, 0, 0, 111, 111, 1, 2.39%, 0, 0, 2, 8.57
1701125412, 0, 0, 116, 116, 1, 2.39%, 0, 0, 2, 8.76
1701125418, 0, 0, 120, 120, 1, 2.39%, 0, 0, 2, 8.63
1701125423, 0, 0, 125, 125, 1, 2.39%, 0, 0, 2, 8.57
1701125428, 0, 0, 130, 130, 1, 2.39%, 0, 0, 2, 8.77
1701125433, 0, 0, 134, 134, 1, 2.39%, 0, 0, 2, 8.49
1701125438, 0, 0, 139, 139, 1, 2.39%, 0, 0, 2, 8.66
1701125443, 0, 0, 142, 142, 1, 2.39%, 0, 0, 2, 8.54
1701125448, 0, 0, 147, 147, 1, 2.39%, 0, 0, 2, 8.35
1701125454, 0, 0, 151, 151, 1, 2.39%, 0, 0, 2, 8.77
1701125459, 0, 0, 156, 156, 1, 2.39%, 0, 0, 2, 8.76
1701125464, 0, 0, 161, 161, 1, 2.39%, 0, 0, 2, 8.89
1701125469, 0, 0, 164, 164, 1, 2.39%, 0, 0, 2, 8.09
1701125474, 0, 0, 168, 168, 1, 2.39%, 0, 0, 2, 8.15
1701125479, 0, 0, 171, 171, 1, 2.39%, 0, 0, 2, 7.76
1701125484, 0, 0, 173, 173, 1, 2.39%, 0, 0, 2, 8.50
1701125489, 0, 0, 177, 177, 1, 2.39%, 0, 0, 2, 8.65
1701125494, 0, 0, 181, 181, 1, 2.39%, 0, 0, 2, 8.13
1701125499, 0, 0, 184, 184, 1, 2.39%, 0, 0, 2, 8.26
1701125505, 0, 0, 185, 185, 1, 2.39%, 0, 0, 2, 8.35
1701125510, 0, 0, 186, 186, 1, 2.39%, 0, 0, 2, 8.02
1701125540, 0, 0, 189, 189, 1, 2.39%, 0, 0, 2, 10.10
1701125546, 0, 0, 193, 193, 1, 2.39%, 0, 0, 2, 8.87
1701125551, 0, 0, 197, 197, 1, 2.39%, 0, 0, 2, 8.21
1701125556, 0, 0, 200, 200, 1, 2.39%, 0, 0, 2, 8.16
1701125561, 0, 0, 201, 201, 1, 2.39%, 0, 0, 2, 8.49
1701125617, 0, 0, 202, 202, 1, 2.39%, 0, 0, 2, 23.30
1701125622, 0, 0, 203, 203, 1, 2.39%, 0, 0, 2, 29.41
1701125627, 0, 0, 206, 206, 1, 2.39%, 0, 0, 2, 20.31
1701125637, 0, 0, 209, 209, 1, 2.39%, 0, 0, 2, 15.81
1701125642, 0, 0, 213, 213, 1, 2.39%, 0, 0, 2, 11.31
1701125647, 0, 0, 216, 216, 1, 2.39%, 0, 0, 2, 9.85
1701125653, 0, 0, 221, 221, 1, 2.39%, 0, 0, 2, 9.42
1701125658, 0, 0, 224, 224, 1, 2.39%, 0, 0, 2, 9.20
1701125663, 0, 0, 229, 229, 1, 2.39%, 0, 0, 2, 8.90
1701125668, 0, 0, 232, 232, 1, 2.39%, 0, 0, 2, 8.57
1701125673, 0, 0, 233, 233, 1, 2.39%, 0, 0, 2, 16.49
1701125678, 0, 0, 234, 234, 1, 2.39%, 0, 0, 2, 23.17
1701125683, 0, 0, 239, 239, 1, 2.39%, 0, 0, 2, 12.74
1701125689, 0, 0, 240, 240, 1, 2.39%, 0, 0, 2, 25.04
1701125694, 0, 0, 242, 242, 1, 2.39%, 0, 0, 2, 15.72
1701125699, 0, 0, 244, 244, 1, 2.39%, 0, 0, 2, 18.72
1701125704, 0, 0, 246, 246, 1, 2.39%, 0, 0, 2, 16.21
1701125709, 0, 0, 250, 250, 1, 2.39%, 0, 0, 2, 10.69
1701125714, 0, 0, 251, 251, 1, 2.39%, 0, 0, 2, 9.95
1701125719, 0, 0, 254, 254, 1, 2.39%, 0, 0, 2, 9.10
1701125724, 0, 0, 257, 257, 1, 2.39%, 0, 0, 2, 8.78
1701125729, 0, 0, 259, 259, 1, 2.39%, 0, 0, 2, 8.86
1701125734, 0, 0, 262, 262, 1, 2.39%, 0, 0, 2, 8.37
1701125739, 0, 0, 264, 264, 1, 2.39%, 0, 0, 2, 8.88
1701125745, 0, 0, 266, 266, 1, 2.39%, 0, 0, 2, 9.53
1701125750, 0, 0, 268, 268, 1, 2.39%, 0, 0, 2, 8.35
1701125755, 0, 0, 270, 270, 1, 2.39%, 0, 0, 2, 9.34
1701125760, 0, 0, 272, 272, 1, 2.39%, 0, 0, 2, 8.47
1701125765, 0, 0, 274, 274, 1, 2.39%, 0, 0, 2, 8.74
1701125770, 0, 0, 275, 275, 1, 2.39%, 0, 0, 2, 9.64
1701125775, 0, 0, 278, 278, 1, 2.39%, 0, 0, 2, 8.76
1701125786, 0, 0, 279, 279, 1, 2.39%, 0, 0, 2, 11.78
1701125791, 0, 0, 280, 280, 1, 2.39%, 0, 0, 2, 9.45
1701125796, 0, 0, 282, 282, 1, 2.39%, 0, 0, 2, 9.16
1701125801, 0, 0, 283, 283, 1, 2.39%, 0, 0, 2, 9.16
1701125811, 0, 0, 284, 284, 1, 2.39%, 0, 0, 2, 11.44
1701125817, 0, 0, 285, 285, 1, 2.39%, 0, 0, 2, 10.47
1701125822, 0, 0, 287, 287, 1, 2.39%, 0, 0, 2, 9.28
1701125858, 0, 0, 288, 288, 1, 2.39%, 0, 0, 2, 8.89
1701125878, 0, 0, 289, 289, 1, 2.39%, 0, 0, 2, 8.04
1701125883, 0, 0, 290, 290, 1, 2.39%, 0, 0, 2, 8.35
1701125914, 0, 0, 291, 291, 1, 2.39%, 0, 0, 2, 13.44
1701125919, 0, 0, 292, 292, 1, 2.39%, 0, 0, 2, 9.61
1701125924, 0, 0, 293, 293, 1, 2.39%, 0, 0, 2, 8.96
1701125985, 0, 0, 294, 294, 1, 2.39%, 0, 0, 2, 24.34
1701126000, 0, 0, 295, 295, 1, 2.39%, 0, 0, 2, 19.59
1701126005, 0, 0, 297, 297, 1, 2.39%, 0, 0, 2, 13.01
1701126010, 0, 0, 298, 298, 1, 2.39%, 0, 0, 2, 10.56
1701126021, 0, 0, 299, 299, 1, 2.39%, 0, 0, 2, 20.77
1701126041, 0, 0, 300, 300, 1, 2.39%, 0, 0, 2, 11.54
1701126062, 0, 0, 303, 303, 1, 2.39%, 0, 0, 2, 10.21
1701126098, 0, 0, 304, 304, 1, 2.39%, 0, 0, 2, 9.92
1701126257, 0, 0, 305, 305, 1, 2.40%, 0, 0, 2, 16.75
1701126308, 0, 0, 306, 306, 1, 2.40%, 0, 0, 2, 16.07
1701126328, 0, 0, 308, 308, 1, 2.40%, 0, 0, 2, 10.04
1701126431, 0, 0, 309, 309, 1, 2.40%, 0, 0, 2, 16.67
1701126451, 0, 0, 310, 310, 1, 2.40%, 0, 0, 2, 19.30
1701126462, 0, 0, 311, 311, 1, 2.40%, 0, 0, 2, 26.29
1701126856, 0, 0, 312, 312, 1, 2.40%, 0, 0, 2, 10.63
1701126964, 0, 0, 313, 313, 1, 2.40%, 0, 0, 2, 25.74
1701126974, 0, 0, 318, 318, 1, 2.41%, 0, 0, 2, 15.81
1701126979, 0, 0, 321, 321, 1, 2.41%, 0, 0, 2, 13.48
1701126984, 0, 0, 323, 323, 1, 2.42%, 0, 0, 2, 15.49
1701126989, 0, 0, 325, 325, 1, 2.42%, 0, 0, 2, 17.84
1701127046, 0, 0, 326, 326, 1, 2.42%, 0, 0, 2, 27.72
1701127056, 0, 0, 327, 327, 1, 2.42%, 0, 0, 2, 21.30
1701127117, 0, 0, 328, 328, 1, 2.42%, 0, 0, 2, 25.06
1701127204, 0, 0, 330, 330, 1, 2.42%, 0, 0, 2, 22.08
1701127367, 0, 0, 331, 331, 1, 2.42%, 0, 0, 2, 8.46
1701127434, 0, 0, 333, 333, 1, 2.42%, 0, 0, 2, 9.90
1701127445, 0, 0, 334, 334, 1, 2.42%, 0, 0, 2, 12.58
1701128796, 0, 0, 335, 335, 1, 2.42%, 0, 0, 2, 25.28
1701128832, 0, 0, 336, 336, 1, 2.42%, 0, 0, 2, 10.31
1701128914, 0, 0, 337, 337, 1, 2.42%, 0, 0, 2, 12.62
1701129257, 0, 0, 338, 338, 1, 2.42%, 0, 0, 2, 15.33
1701129262, 0, 0, 339, 339, 1, 2.42%, 0, 0, 2, 12.73
1701130169, 0, 0, 340, 340, 1, 2.42%, 0, 0, 2, 15.82
1701130240, 0, 0, 341, 341, 1, 2.42%, 0, 0, 2, 21.39
1701130276, 0, 0, 342, 342, 1, 2.42%, 0, 0, 2, 8.26
1701130364, 0, 0, 343, 343, 1, 2.42%, 0, 0, 2, 18.65
1701130369, 0, 0, 344, 344, 1, 2.42%, 0, 0, 2, 10.74
1701130414, 0, 0, 345, 345, 1, 2.42%, 0, 0, 2, 25.29
1701130632, 0, 7, 345, 344, 36, 2.42%, 0, 0, 2, 0.93
1701130658, 0, 7, 348, 347, 36, 2.44%, 0, 0, 3, 26.43
1701130663, 0, 7, 353, 352, 36, 2.54%, 0, 0, 3, 26.07
1701130673, 0, 7, 354, 353, 36, 2.55%, 0, 0, 3, 24.76
1701130678, 0, 7, 356, 355, 36, 2.55%, 0, 0, 3, 25.01
1701130689, 0, 7, 358, 357, 36, 2.56%, 0, 0, 3, 29.10
1701130714, 0, 7, 359, 358, 36, 2.56%, 0, 0, 3, 23.47
1701130719, 0, 7, 360, 359, 36, 2.57%, 0, 0, 3, 24.33
1701130724, 0, 7, 362, 361, 36, 2.58%, 0, 0, 3, 25.82
1701130740, 0, 7, 363, 362, 36, 2.58%, 0, 0, 3, 19.23
1701130766, 0, 7, 364, 363, 36, 2.59%, 0, 0, 3, 28.25
1701130771, 0, 8, 364, 362, 45, 2.59%, 0, 0, 3, 30.59
1701130832, 0, 9, 364, 361, 44, 2.59%, 0, 0, 3, 20.39
1701130863, 0, 11, 364, 360, 43, 2.59%, 0, 0, 3, 20.64
1701130924, 0, 14, 364, 359, 42, 2.59%, 0, 0, 3, 28.49
1701131011, 0, 14, 365, 360, 42, 2.59%, 0, 0, 3, 20.55
1701131022, 0, 14, 366, 361, 42, 2.59%, 0, 0, 3, 18.22
1701131032, 0, 14, 367, 362, 42, 2.59%, 0, 0, 3, 23.09
1701131047, 0, 14, 368, 363, 42, 2.59%, 0, 0, 3, 21.82
1701131160, 0, 14, 370, 365, 42, 2.59%, 0, 0, 3, 25.41
1701131170, 0, 14, 371, 366, 42, 2.59%, 0, 0, 3, 29.56
1701131297, 0, 14, 373, 368, 42, 2.59%, 0, 0, 3, 26.11
1701131671, 0, 14, 380, 375, 42, 2.59%, 0, 0, 3, 25.74
1701131676, 0, 14, 388, 383, 42, 2.59%, 0, 0, 3, 28.55
1701131681, 0, 14, 397, 392, 42, 2.65%, 0, 0, 3, 22.10
1701131686, 0, 14, 403, 398, 42, 2.65%, 0, 0, 3, 15.37
1701131691, 0, 14, 404, 399, 42, 2.65%, 0, 0, 3, 20.83
1701131758, 0, 14, 405, 400, 42, 2.65%, 0, 0, 3, 26.78
1701131942, 0, 14, 406, 401, 42, 2.65%, 0, 0, 3, 27.11
1701134232, 0, 19, 406, 400, 43, 2.65%, 0, 0, 3, 22.60
1701134258, 0, 20, 406, 399, 42, 2.65%, 0, 0, 3, 32.67
1701134278, 0, 21, 407, 399, 41, 2.66%, 0, 0, 3, 26.83
1701134349, 0, 23, 407, 398, 41, 2.66%, 0, 0, 3, 25.58
1701134426, 0, 26, 407, 397, 40, 2.66%, 0, 0, 3, 5.59
1701134488, 0, 27, 407, 396, 39, 2.66%, 0, 0, 3, 29.13
1701134835, 0, 27, 409, 398, 39, 2.66%, 0, 0, 3, 26.19
1701135162, 0, 27, 414, 403, 39, 2.66%, 0, 0, 3, 25.65
1701135167, 0, 27, 419, 408, 39, 2.67%, 0, 0, 3, 23.92
1701135172, 0, 27, 422, 411, 39, 2.67%, 0, 0, 3, 15.98
1701137538, 0, 31, 422, 410, 39, 2.67%, 0, 0, 3, 27.63
1701137563, 0, 32, 422, 409, 38, 2.67%, 0, 0, 3, 20.94
1701137870, 0, 32, 423, 410, 38, 2.68%, 0, 0, 3, 31.41
1701138633, 0, 35, 423, 409, 38, 2.68%, 0, 0, 3, 28.11
1701141614, 0, 36, 423, 408, 37, 2.68%, 0, 0, 3, 26.62
1701141634, 0, 36, 431, 416, 37, 2.68%, 0, 0, 3, 17.90
1701141639, 0, 36, 440, 425, 37, 2.68%, 0, 0, 3, 16.33
1701141645, 0, 36, 448, 433, 37, 2.68%, 0, 0, 3, 15.81
1701141650, 0, 36, 456, 441, 37, 2.68%, 0, 0, 3, 16.09
1701141655, 0, 36, 463, 448, 37, 2.68%, 0, 0, 3, 16.29
1701141660, 0, 36, 469, 454, 37, 2.68%, 0, 0, 3, 2.46
1701141665, 0, 36, 475, 460, 37, 2.68%, 0, 0, 3, 16.11
1701141670, 0, 36, 480, 465, 37, 2.68%, 0, 0, 3, 17.46
1701141676, 0, 36, 482, 467, 37, 2.68%, 0, 0, 3, 17.76
1701141681, 0, 36, 484, 469, 37, 2.68%, 0, 0, 3, 17.16
1701141686, 0, 36, 485, 470, 37, 2.68%, 0, 0, 3, 15.87
1701141696, 0, 36, 486, 471, 37, 2.68%, 0, 0, 3, 19.05
1701141701, 0, 36, 489, 474, 37, 2.68%, 0, 0, 3, 17.60
1701141737, 0, 36, 490, 475, 37, 2.68%, 0, 0, 3, 25.48
1701141742, 0, 36, 492, 477, 37, 2.68%, 0, 0, 3, 28.59
1701141752, 0, 36, 493, 478, 37, 2.68%, 0, 0, 3, 19.64
1701141757, 0, 36, 498, 483, 37, 2.68%, 0, 0, 3, 15.66
1701141763, 0, 36, 499, 484, 37, 2.68%, 0, 0, 3, 19.04
1701141768, 0, 36, 500, 485, 37, 2.69%, 0, 0, 3, 28.91
1701141773, 0, 36, 501, 486, 37, 2.69%, 0, 0, 3, 30.01
1701141778, 0, 36, 502, 487, 37, 2.69%, 0, 0, 3, 28.85
1701141783, 0, 36, 503, 488, 37, 2.69%, 0, 0, 3, 16.83
1701141788, 0, 36, 505, 490, 37, 2.69%, 0, 0, 3, 15.27
1701141798, 0, 36, 507, 492, 37, 2.69%, 0, 0, 3, 18.11
1701141803, 0, 36, 508, 493, 37, 2.69%, 0, 0, 3, 19.39
1701141808, 0, 36, 510, 495, 37, 2.69%, 0, 0, 3, 18.82
1701141819, 0, 36, 511, 496, 37, 2.69%, 0, 0, 3, 20.07
1701141824, 0, 36, 513, 498, 37, 2.69%, 0, 0, 3, 18.40
1701141829, 0, 36, 514, 499, 37, 2.69%, 0, 0, 3, 17.15
1701141916, 0, 36, 516, 501, 37, 2.69%, 0, 0, 3, 24.47
1701141926, 0, 36, 518, 503, 37, 2.69%, 0, 0, 3, 28.71
1701141936, 0, 36, 521, 506, 37, 2.69%, 0, 0, 3, 18.83
1701141941, 0, 36, 522, 507, 37, 2.69%, 0, 0, 3, 14.06
1701141962, 0, 36, 523, 508, 37, 2.69%, 0, 0, 3, 24.47
1701141968, 0, 36, 524, 509, 37, 2.69%, 0, 0, 3, 1.23
1701141998, 0, 36, 525, 510, 37, 2.69%, 0, 0, 3, 20.01
1701142023, 0, 36, 526, 511, 37, 2.69%, 0, 0, 3, 15.34
1701142085, 0, 36, 527, 512, 37, 2.69%, 0, 0, 3, 22.83
1701142090, 0, 36, 528, 513, 37, 2.69%, 0, 0, 3, 26.04
1701142161, 0, 36, 529, 514, 37, 2.69%, 0, 0, 3, 21.76
1701142192, 0, 36, 530, 515, 37, 2.69%, 0, 0, 3, 18.67
1701142212, 0, 36, 531, 516, 37, 2.69%, 0, 0, 3, 29.31
1701142544, 0, 36, 538, 523, 37, 2.69%, 0, 0, 3, 20.68
1701142549, 0, 36, 543, 528, 37, 2.69%, 0, 0, 3, 14.74
1701142554, 0, 36, 545, 530, 37, 2.69%, 0, 0, 3, 9.47
1701142560, 0, 36, 549, 534, 37, 2.69%, 0, 0, 3, 21.89
1701142565, 0, 36, 552, 537, 37, 2.69%, 0, 0, 3, 25.19
1701142707, 0, 36, 553, 538, 37, 2.69%, 0, 0, 3, 19.72
1701143055, 0, 36, 554, 539, 37, 2.69%, 0, 0, 3, 20.38
1701143086, 0, 36, 555, 540, 37, 2.69%, 0, 0, 3, 18.62
1701143903, 0, 36, 557, 542, 37, 2.69%, 0, 0, 3, 17.00
1701144380, 0, 36, 558, 543, 37, 2.69%, 0, 0, 3, 17.03
1701144497, 0, 36, 559, 544, 37, 2.69%, 0, 0, 3, 25.61
1701145294, 0, 39, 559, 543, 41, 2.69%, 0, 0, 3, 34.02
1701145314, 0, 41, 559, 542, 40, 2.69%, 0, 0, 3, 26.41
1701145330, 0, 41, 561, 544, 40, 2.69%, 0, 0, 3, 21.98
1701145335, 0, 41, 564, 547, 40, 2.69%, 0, 0, 3, 19.53
1701145345, 0, 41, 565, 548, 40, 2.69%, 0, 0, 3, 19.82
1701145723, 0, 41, 566, 549, 40, 2.69%, 0, 0, 3, 18.77
1701146157, 0, 41, 567, 550, 40, 2.70%, 0, 0, 3, 24.03
1701146163, 0, 41, 568, 551, 40, 2.70%, 0, 0, 3, 20.49
1701148772, 0, 43, 568, 550, 41, 2.70%, 0, 0, 3, 27.64
1701148783, 0, 43, 569, 551, 41, 2.74%, 0, 0, 3, 26.18
1701148849, 0, 43, 571, 553, 41, 2.75%, 0, 0, 3, 33.44
1701148865, 0, 43, 572, 554, 41, 2.80%, 0, 0, 3, 30.33
1701148895, 0, 43, 572, 554, 41, 2.80%, 0, 1, 3, 35.45
1701148900, 0, 45, 572, 553, 43, 2.80%, 0, 1, 3, 28.94
1701148961, 0, 45, 573, 554, 43, 2.80%, 0, 1, 3, 31.33
1701148982, 0, 45, 574, 555, 43, 2.80%, 0, 1, 3, 24.58
1701148992, 0, 45, 575, 556, 43, 2.80%, 0, 1, 3, 23.04
1701149022, 0, 45, 576, 557, 43, 2.80%, 0, 1, 3, 30.90
1701149038, 0, 45, 577, 558, 43, 2.80%, 0, 1, 3, 27.77
1701149140, 0, 45, 578, 559, 43, 2.80%, 0, 1, 3, 34.62
1701149192, 0, 45, 579, 560, 43, 2.81%, 0, 1, 3, 35.96
1701149238, 0, 45, 580, 561, 43, 2.81%, 0, 1, 3, 31.78
1701149269, 0, 45, 581, 562, 43, 2.81%, 0, 1, 3, 33.71
1701149438, 0, 45, 586, 567, 43, 2.81%, 0, 1, 3, 32.90
1701149443, 0, 45, 590, 571, 43, 2.81%, 0, 1, 3, 31.60
1701151685, 0, 46, 590, 570, 43, 2.81%, 0, 1, 3, 34.37
1701152288, 0, 46, 595, 575, 43, 2.81%, 0, 1, 3, 31.10
1701152293, 0, 46, 599, 579, 43, 2.81%, 0, 1, 3, 32.38
1701154516, 0, 48, 599, 578, 42, 2.81%, 0, 1, 3, 28.95
1701154531, 0, 48, 604, 583, 42, 2.81%, 0, 1, 3, 26.26
1701154536, 0, 48, 608, 587, 42, 2.81%, 0, 1, 3, 24.46
1701154541, 0, 48, 611, 590, 42, 2.81%, 0, 1, 3, 26.49
1701154547, 0, 48, 612, 591, 42, 2.81%, 0, 1, 3, 24.33
1701154583, 0, 48, 613, 592, 42, 2.81%, 0, 1, 3, 1.72
1701154598, 0, 48, 614, 593, 42, 2.81%, 0, 1, 3, 30.63
1701154603, 0, 48, 615, 594, 42, 2.81%, 0, 1, 3, 28.63
1701154639, 0, 48, 616, 595, 42, 2.81%, 0, 1, 3, 26.16
1701154670, 0, 48, 617, 596, 42, 2.81%, 0, 1, 3, 23.99
1701154711, 0, 48, 619, 598, 42, 2.81%, 0, 1, 3, 25.20
1701154721, 0, 48, 620, 599, 42, 2.81%, 0, 1, 3, 29.62
1701154833, 0, 48, 621, 600, 42, 2.81%, 0, 1, 3, 32.06
1701154884, 0, 48, 622, 601, 42, 2.81%, 0, 1, 3, 26.39
1701155145, 0, 48, 631, 610, 42, 2.81%, 0, 1, 3, 22.51
1701155150, 0, 48, 633, 612, 42, 2.82%, 0, 1, 3, 19.42
1701157472, 0, 49, 634, 612, 42, 2.82%, 0, 1, 3, 20.30
1701157533, 0, 51, 634, 611, 42, 2.82%, 0, 1, 3, 30.68
1701157548, 0, 53, 634, 610, 41, 2.82%, 0, 1, 3, 37.50
1701157568, 0, 57, 634, 609, 40, 2.82%, 0, 1, 3, 31.99
1701157589, 0, 58, 634, 608, 39, 2.82%, 0, 1, 3, 40.82
1701157613, 0, 239, 634, 607, 38, 2.82%, 0, 1, 3, 0.26
1701162715, 0, 259, 634, 606, 38, 2.82%, 0, 1, 3, 23.26
1701164348, 0, 259, 635, 607, 38, 2.82%, 0, 1, 3, 25.84
1701166938, 0, 259, 636, 608, 38, 2.82%, 0, 1, 3, 11.39
1701168079, 0, 306, 636, 607, 38, 2.82%, 0, 1, 3, 0.66
1701173090, 0, 306, 637, 608, 38, 2.82%, 0, 1, 3, 12.41
1701173393, 0, 306, 638, 609, 38, 2.82%, 0, 1, 3, 18.85
1701173438, 0, 306, 639, 610, 38, 2.82%, 0, 1, 3, 22.94
1701173444, 0, 310, 639, 609, 38, 2.82%, 0, 1, 3, 28.31
1701173495, 0, 314, 639, 608, 37, 2.82%, 0, 1, 3, 28.81
1701174915, 0, 314, 642, 611, 37, 2.82%, 0, 1, 3, 13.98
1701174920, 0, 314, 643, 612, 37, 2.82%, 0, 1, 3, 21.10
1701178711, 0, 319, 643, 611, 36, 2.82%, 0, 1, 3, 25.77
1701178840, 0, 319, 644, 612, 36, 2.82%, 0, 1, 3, 20.21
1701179013, 0, 319, 645, 613, 36, 2.82%, 0, 1, 3, 25.93
1701179683, 0, 319, 647, 615, 36, 2.84%, 0, 1, 3, 25.82
1701182385, 0, 323, 647, 614, 38, 2.84%, 0, 1, 3, 23.35
1701185732, 0, 324, 647, 613, 37, 2.84%, 0, 1, 3, 22.30
1701185748, 0, 324, 648, 614, 37, 2.84%, 0, 1, 3, 21.78
1701186435, 0, 324, 649, 615, 37, 2.84%, 0, 1, 3, 25.58
1701188397, 0, 324, 651, 617, 37, 2.84%, 0, 1, 3, 23.99
1701188667, 0, 330, 651, 616, 37, 2.84%, 0, 1, 3, 27.40
1701194243, 0, 344, 651, 615, 36, 2.84%, 0, 1, 3, 23.63
1701195046, 0, 348, 653, 616, 35, 2.86%, 0, 1, 4, 32.48
1701195062, 0, 348, 656, 619, 35, 2.89%, 0, 1, 4, 23.25
1701195087, 0, 348, 657, 620, 35, 2.90%, 0, 1, 4, 28.82
1701195103, 0, 348, 658, 621, 35, 2.92%, 0, 1, 4, 28.29
1701195108, 0, 348, 660, 623, 35, 2.92%, 0, 1, 4, 30.48
1701195118, 0, 349, 660, 622, 42, 2.92%, 0, 1, 4, 26.95
1701195123, 0, 351, 661, 622, 41, 2.92%, 0, 1, 4, 29.59
1701195128, 0, 351, 662, 623, 41, 2.96%, 0, 1, 4, 29.09
1701195164, 0, 351, 663, 624, 41, 2.97%, 0, 1, 4, 23.40
1701195169, 0, 352, 663, 623, 42, 2.97%, 0, 1, 4, 21.42
1701195194, 0, 352, 664, 624, 42, 2.97%, 0, 1, 4, 25.64
1701195215, 0, 352, 665, 625, 42, 2.97%, 0, 1, 4, 30.72
1701195225, 0, 353, 665, 624, 41, 2.97%, 0, 1, 4, 23.20
1701195240, 0, 353, 666, 625, 41, 2.97%, 0, 1, 4, 22.63
1701195261, 0, 354, 666, 624, 41, 2.97%, 0, 1, 4, 28.04
1701195271, 0, 355, 666, 623, 40, 2.97%, 0, 1, 4, 25.15
1701195296, 0, 356, 666, 622, 39, 2.97%, 0, 1, 4, 30.35
1701195302, 0, 356, 667, 623, 39, 2.98%, 0, 1, 4, 25.90
1701195312, 0, 357, 667, 622, 39, 2.98%, 0, 1, 4, 28.34
1701195322, 0, 357, 668, 623, 39, 2.98%, 0, 1, 4, 28.64
1701195363, 0, 359, 668, 622, 39, 2.98%, 0, 1, 4, 28.89
1701195368, 0, 359, 669, 623, 39, 2.98%, 0, 1, 4, 27.76
1701195399, 0, 359, 671, 625, 39, 2.99%, 0, 1, 4, 21.14
1701195409, 0, 359, 672, 626, 39, 2.99%, 0, 1, 4, 22.03
1701195424, 0, 359, 673, 627, 39, 2.99%, 0, 1, 4, 23.28
1701195429, 0, 360, 673, 626, 40, 2.99%, 0, 1, 4, 21.40
1701195486, 0, 361, 673, 625, 39, 2.99%, 0, 1, 4, 26.82
1701195491, 0, 361, 674, 626, 39, 3.00%, 0, 1, 4, 28.61
1701195542, 0, 361, 675, 627, 39, 3.00%, 0, 1, 4, 33.00
1701195552, 0, 363, 676, 627, 39, 3.02%, 0, 1, 4, 31.14
1701195557, 0, 363, 680, 631, 39, 3.02%, 0, 1, 4, 30.59
1701195562, 0, 363, 681, 632, 39, 3.02%, 0, 1, 4, 31.74
1701195577, 0, 363, 682, 633, 39, 3.02%, 0, 1, 4, 33.83
1701195582, 0, 388, 682, 632, 41, 3.02%, 0, 1, 4, 32.53
1701195941, 0, 388, 683, 633, 41, 3.02%, 0, 1, 4, 22.15
1701196335, 0, 388, 688, 638, 41, 3.02%, 0, 1, 4, 19.40
1701196340, 0, 388, 690, 640, 41, 3.02%, 0, 1, 4, 18.55
1701198905, 0, 389, 690, 639, 40, 3.02%, 0, 1, 4, 28.26
1701199646, 0, 389, 692, 641, 40, 3.02%, 0, 1, 4, 24.62
1701199651, 0, 389, 695, 644, 40, 3.02%, 0, 1, 4, 25.22
1701202320, 0, 413, 695, 643, 40, 3.02%, 0, 1, 4, 26.51
1701202881, 0, 413, 697, 645, 40, 3.02%, 0, 1, 4, 22.37
1701204815, 0, 422, 697, 644, 39, 3.02%, 0, 1, 4, 29.43
1701205806, 0, 514, 697, 643, 38, 3.02%, 0, 1, 4, 0.54
1701205827, 0, 514, 698, 644, 38, 3.02%, 0, 1, 4, 15.35
1701205940, 0, 514, 699, 645, 38, 3.02%, 0, 1, 4, 8.24
1701205945, 0, 514, 700, 646, 38, 3.02%, 0, 1, 4, 13.19
1701206851, 0, 514, 701, 647, 38, 3.02%, 0, 1, 4, 28.74
1701207045, 0, 514, 702, 648, 38, 3.02%, 0, 1, 4, 24.53
1701209389, 0, 528, 702, 647, 38, 3.02%, 0, 1, 4, 8.54
1701213154, 0, 539, 702, 646, 37, 3.02%, 0, 1, 4, 4.08
1701213179, 0, 539, 703, 647, 37, 3.02%, 0, 1, 4, 13.54
1701213338, 0, 539, 704, 648, 37, 3.02%, 0, 1, 4, 13.60
1701213467, 0, 539, 705, 649, 37, 3.02%, 0, 1, 4, 25.05
1701213631, 0, 539, 706, 650, 37, 3.02%, 0, 1, 4, 21.16
1701213651, 0, 539, 707, 651, 37, 3.02%, 0, 1, 4, 19.47
1701214122, 0, 539, 708, 652, 37, 3.02%, 0, 1, 4, 27.21
1701214127, 0, 539, 713, 657, 37, 3.02%, 0, 1, 4, 22.82
1701214250, 0, 539, 714, 658, 37, 3.02%, 0, 1, 4, 23.90
1701214403, 0, 539, 715, 659, 37, 3.02%, 0, 1, 4, 24.90
1701216099, 0, 539, 716, 660, 37, 3.02%, 0, 1, 4, 28.29
1701216222, 0, 539, 717, 661, 37, 3.02%, 0, 1, 4, 18.88
1701216693, 0, 555, 717, 660, 37, 3.02%, 0, 1, 4, 33.11
1701217419, 0, 555, 718, 661, 37, 3.02%, 0, 1, 4, 29.60
1701220061, 0, 564, 718, 660, 37, 3.02%, 0, 1, 4, 24.83
1701223166, 0, 564, 719, 661, 37, 3.02%, 0, 1, 4, 31.38
1701223493, 0, 568, 722, 663, 36, 3.03%, 0, 1, 4, 32.43
1701223508, 0, 568, 723, 664, 36, 3.07%, 0, 1, 4, 31.35
1701223636, 0, 570, 723, 663, 38, 3.07%, 0, 1, 4, 26.59
1701223734, 0, 570, 727, 667, 38, 3.12%, 0, 1, 4, 4.59
1701223739, 0, 570, 728, 668, 38, 3.12%, 0, 1, 4, 5.63
1701223744, 0, 570, 731, 671, 38, 3.12%, 0, 1, 4, 10.75
1701223749, 0, 570, 734, 674, 38, 3.12%, 0, 1, 4, 15.82
1701223795, 0, 570, 736, 676, 38, 3.12%, 0, 1, 4, 10.65
1701223800, 0, 570, 737, 677, 38, 3.12%, 0, 1, 4, 16.36
1701223810, 0, 571, 740, 679, 39, 3.14%, 0, 1, 4, 22.17
1701223816, 0, 571, 741, 680, 39, 3.14%, 0, 1, 4, 4.72
1701223826, 0, 571, 742, 681, 39, 3.15%, 0, 1, 4, 27.60
1701223959, 0, 571, 743, 682, 39, 3.15%, 0, 1, 4, 31.39
1701223964, 0, 589, 743, 681, 41, 3.15%, 0, 1, 4, 31.94
1701224025, 0, 589, 744, 682, 41, 3.15%, 0, 1, 4, 29.85
1701224041, 0, 589, 745, 683, 41, 3.15%, 0, 1, 4, 27.15
1701224122, 0, 589, 746, 684, 41, 3.15%, 0, 1, 4, 19.45
1701224491, 0, 589, 753, 691, 41, 3.15%, 0, 1, 4, 25.63
1701224496, 0, 589, 755, 693, 41, 3.15%, 0, 1, 4, 27.69
1701226428, 0, 594, 755, 692, 40, 3.15%, 0, 1, 4, 27.69
1701226582, 0, 594, 756, 693, 40, 3.15%, 0, 1, 4, 28.88
1701226997, 0, 594, 763, 700, 40, 3.15%, 0, 1, 4, 25.00
1701227002, 0, 594, 764, 701, 40, 3.15%, 0, 1, 4, 27.77
1701229112, 0, 620, 764, 700, 39, 3.15%, 0, 1, 4, 26.09
1701229311, 0, 620, 765, 701, 39, 3.15%, 0, 1, 4, 28.15
1701232241, 0, 622, 765, 700, 38, 3.15%, 0, 1, 4, 30.66
1701234950, 0, 633, 765, 699, 38, 3.15%, 0, 1, 4, 28.77
1701235006, 0, 644, 765, 698, 37, 3.15%, 0, 1, 4, 30.11
1701235068, 0, 644, 766, 699, 37, 3.15%, 0, 1, 4, 14.23
1701235276, 0, 644, 767, 700, 37, 3.15%, 0, 1, 4, 22.79
1701237732, 0, 644, 768, 701, 37, 3.15%, 0, 1, 4, 25.89
1701237911, 0, 647, 768, 700, 36, 3.15%, 0, 1, 4, 26.78
1701240877, 0, 651, 768, 699, 35, 3.15%, 0, 1, 4, 24.33
1701240923, 0, 651, 769, 700, 35, 3.15%, 0, 1, 5, 22.15
1701240944, 0, 651, 770, 701, 35, 3.16%, 0, 1, 5, 20.89
1701240949, 0, 652, 770, 700, 36, 3.16%, 0, 1, 5, 26.23
1701241010, 0, 653, 770, 699, 35, 3.16%, 0, 1, 5, 28.33
1701241046, 0, 653, 771, 700, 35, 3.16%, 0, 1, 5, 30.49
1701241062, 0, 654, 771, 699, 35, 3.16%, 0, 1, 5, 30.30
1701241123, 0, 655, 771, 698, 34, 3.16%, 0, 1, 5, 29.28
1701241133, 0, 655, 773, 700, 34, 3.22%, 0, 1, 5, 31.68
1701241164, 0, 655, 774, 701, 34, 3.22%, 0, 1, 5, 28.32
1701241174, 0, 655, 775, 702, 34, 3.22%, 0, 1, 5, 30.58
1701241180, 0, 656, 777, 703, 35, 3.22%, 0, 1, 5, 26.18
1701241236, 0, 656, 779, 705, 35, 3.22%, 0, 1, 5, 28.11
1701241241, 0, 657, 784, 709, 34, 3.22%, 0, 1, 5, 34.32
1701241297, 0, 658, 784, 708, 34, 3.22%, 0, 1, 5, 27.24
1701241359, 0, 661, 788, 711, 33, 3.24%, 0, 1, 5, 27.40
1701241364, 0, 661, 789, 712, 33, 3.24%, 0, 1, 5, 29.31
1701241389, 0, 661, 790, 713, 33, 3.24%, 0, 1, 5, 24.08
1701241409, 0, 661, 792, 715, 33, 3.24%, 0, 1, 5, 27.80
1701241414, 0, 661, 795, 718, 33, 3.24%, 0, 1, 5, 26.05
1701241419, 0, 661, 797, 720, 33, 3.24%, 0, 1, 5, 27.35
1701241424, 0, 661, 799, 722, 33, 3.24%, 0, 1, 5, 31.10
1701241445, 0, 661, 800, 723, 33, 3.25%, 0, 1, 5, 24.67
1701241475, 0, 661, 801, 724, 33, 3.25%, 0, 1, 5, 27.70
1701241501, 0, 665, 802, 724, 41, 3.25%, 0, 1, 5, 25.96
1701241537, 0, 666, 802, 723, 40, 3.25%, 0, 1, 5, 29.96
1701241557, 0, 667, 802, 722, 39, 3.25%, 0, 1, 5, 29.11
1701241608, 0, 668, 802, 721, 38, 3.25%, 0, 1, 5, 29.26
1701241670, 0, 668, 803, 722, 38, 3.25%, 0, 1, 5, 25.29
1701241685, 0, 668, 804, 723, 38, 3.25%, 0, 1, 5, 22.85
1701241705, 0, 670, 804, 722, 38, 3.25%, 0, 1, 5, 24.12
1701241757, 0, 670, 805, 723, 38, 3.25%, 0, 1, 5, 31.62
1701241762, 0, 674, 805, 722, 37, 3.25%, 0, 1, 5, 31.67
1701241813, 0, 675, 805, 721, 36, 3.25%, 0, 1, 5, 32.36
1701241818, 0, 675, 806, 722, 36, 3.26%, 0, 1, 5, 33.03
1701241828, 0, 675, 807, 723, 36, 3.26%, 0, 1, 5, 29.25
1701241874, 0, 676, 807, 722, 36, 3.26%, 0, 1, 5, 31.57
1701241879, 0, 676, 808, 723, 36, 3.39%, 0, 1, 5, 31.96
1701241895, 0, 676, 810, 725, 36, 3.39%, 0, 1, 5, 29.02
1701241905, 0, 676, 811, 726, 36, 3.40%, 0, 1, 5, 26.57
1701241940, 0, 676, 812, 727, 36, 3.40%, 0, 1, 5, 26.78
1701241961, 0, 677, 812, 726, 37, 3.40%, 0, 1, 5, 29.67
1701241986, 0, 679, 812, 725, 36, 3.40%, 0, 1, 5, 29.62
1701242011, 0, 679, 814, 727, 36, 3.50%, 0, 1, 5, 29.50
1701242037, 0, 680, 814, 726, 36, 3.50%, 0, 1, 5, 30.02
1701242063, 0, 693, 814, 725, 35, 3.50%, 0, 1, 5, 25.21
1701242129, 0, 693, 816, 727, 35, 3.50%, 0, 1, 5, 23.44
1701242763, 0, 693, 817, 728, 35, 3.50%, 0, 1, 5, 26.93
1701245308, 0, 696, 817, 727, 34, 3.50%, 0, 1, 5, 26.47
1701247655, 0, 696, 818, 728, 34, 3.50%, 0, 1, 5, 18.80
1701247670, 0, 700, 818, 727, 33, 3.50%, 0, 1, 5, 20.27
1701247803, 0, 700, 819, 728, 33, 3.50%, 0, 1, 5, 25.08
1701248340, 0, 700, 821, 730, 33, 3.50%, 0, 1, 5, 30.60
1701250351, 0, 701, 821, 729, 33, 3.50%, 0, 1, 5, 29.39
1701250551, 0, 701, 822, 730, 33, 3.50%, 0, 1, 5, 14.09
1701250736, 0, 701, 823, 731, 33, 3.50%, 0, 1, 5, 29.05
1701251002, 0, 701, 824, 732, 33, 3.50%, 0, 1, 5, 12.22
1701251074, 0, 701, 825, 733, 33, 3.50%, 0, 1, 5, 24.48
1701251849, 0, 701, 826, 734, 33, 3.50%, 0, 1, 5, 21.11
1701253751, 0, 701, 828, 736, 33, 3.50%, 0, 1, 5, 20.10
1701255757, 0, 701, 829, 737, 33, 3.50%, 0, 1, 5, 26.21
1701255840, 0, 702, 829, 736, 33, 3.50%, 0, 1, 5, 28.08
1701259152, 0, 712, 829, 735, 32, 3.50%, 0, 1, 5, 30.19
1701261535, 0, 719, 829, 734, 30, 3.50%, 0, 1, 5, 5.22
1701261684, 0, 721, 829, 733, 29, 3.50%, 0, 1, 5, 26.45
1701261837, 0, 722, 829, 732, 28, 3.50%, 0, 1, 5, 30.24
1701261842, 0, 722, 830, 733, 28, 3.51%, 0, 1, 5, 24.46
1701261852, 0, 722, 831, 734, 28, 3.51%, 0, 1, 5, 27.08
1701261934, 0, 722, 833, 736, 28, 3.51%, 0, 1, 5, 23.23
1701261939, 0, 722, 834, 737, 28, 3.51%, 0, 1, 5, 12.20
1701261944, 0, 722, 836, 739, 28, 3.51%, 0, 1, 5, 7.36
1701261949, 0, 722, 840, 743, 28, 3.51%, 0, 1, 5, 5.57
1701262001, 0, 722, 841, 744, 28, 3.51%, 0, 1, 5, 12.12
1701262006, 0, 722, 842, 745, 28, 3.51%, 0, 1, 5, 12.02
1701262021, 0, 727, 842, 744, 30, 3.51%, 0, 1, 5, 4.24
1701262624, 0, 727, 843, 745, 30, 3.51%, 0, 1, 5, 6.33
1701262649, 0, 736, 843, 744, 30, 3.51%, 0, 1, 5, 4.13
1701262654, 0, 736, 847, 748, 30, 3.51%, 0, 1, 5, 29.69
1701262660, 0, 736, 848, 749, 30, 3.51%, 0, 1, 5, 29.85
1701262665, 0, 736, 849, 750, 30, 3.51%, 0, 1, 5, 4.20
1701262890, 0, 736, 850, 751, 30, 3.51%, 0, 1, 5, 31.29
1701262900, 0, 736, 851, 752, 30, 3.51%, 0, 1, 5, 30.47
1701262905, 0, 736, 852, 753, 30, 3.51%, 0, 1, 5, 24.71
1701262941, 0, 736, 853, 754, 30, 3.51%, 0, 1, 5, 20.93
1701262946, 0, 736, 854, 755, 30, 3.51%, 0, 1, 5, 22.22
1701262972, 0, 736, 855, 756, 30, 3.51%, 0, 1, 5, 26.47
1701262977, 0, 736, 856, 757, 30, 3.51%, 0, 1, 5, 25.04
1701262987, 0, 738, 856, 756, 30, 3.51%, 0, 1, 5, 29.78
1701263126, 0, 738, 857, 757, 30, 3.52%, 0, 1, 5, 29.56
1701263131, 0, 738, 858, 758, 30, 3.52%, 0, 1, 5, 30.10
1701263141, 0, 738, 859, 759, 30, 3.52%, 0, 1, 5, 30.51
1701263146, 0, 738, 861, 761, 30, 3.52%, 0, 1, 5, 31.22
1701263151, 0, 738, 862, 762, 30, 3.53%, 0, 1, 5, 31.63
1701263156, 0, 738, 863, 763, 30, 3.53%, 0, 1, 5, 26.79
1701263171, 0, 738, 864, 764, 30, 3.53%, 0, 1, 5, 19.05
1701263187, 0, 738, 866, 766, 30, 3.53%, 0, 1, 5, 20.29
1701263212, 0, 738, 867, 767, 30, 3.53%, 0, 1, 5, 23.79
1701263222, 0, 738, 868, 768, 30, 3.53%, 0, 1, 5, 28.18
1701263228, 0, 739, 869, 768, 31, 3.53%, 0, 1, 5, 23.04
1701263238, 0, 739, 872, 771, 31, 3.53%, 0, 1, 5, 13.69
1701263243, 0, 739, 873, 772, 31, 3.53%, 0, 2, 5, 11.64
1701263269, 0, 739, 876, 775, 31, 3.53%, 0, 2, 5, 13.42
1701263335, 0, 739, 877, 776, 31, 3.53%, 0, 2, 5, 11.43
1701263340, 0, 739, 881, 780, 31, 3.53%, 0, 2, 5, 16.30
1701263463, 0, 739, 882, 781, 31, 3.53%, 0, 2, 5, 18.55
1701263514, 0, 740, 882, 780, 31, 3.53%, 0, 2, 5, 4.12
1701264098, 0, 746, 882, 779, 30, 3.53%, 0, 2, 5, 22.40
1701266450, 0, 746, 883, 780, 30, 3.53%, 0, 2, 5, 28.08
1701266466, 0, 764, 883, 779, 29, 3.53%, 0, 2, 5, 27.85
1701266481, 0, 764, 886, 782, 29, 3.53%, 0, 2, 5, 23.73
1701266486, 0, 764, 887, 783, 29, 3.53%, 0, 2, 5, 28.10
1701266501, 0, 764, 888, 784, 29, 3.53%, 0, 2, 5, 27.13
1701266547, 0, 764, 889, 785, 29, 3.53%, 0, 2, 5, 31.38
1701269152, 0, 764, 890, 786, 29, 3.53%, 0, 2, 5, 26.55
1701269167, 0, 768, 890, 785, 30, 3.53%, 0, 2, 5, 30.43
1701269228, 0, 769, 890, 784, 29, 3.53%, 0, 2, 5, 21.62
1701269289, 0, 770, 890, 783, 28, 3.53%, 0, 2, 5, 29.32
1701269361, 0, 770, 891, 784, 28, 3.53%, 0, 2, 6, 20.78
1701269376, 0, 770, 892, 785, 28, 3.53%, 0, 2, 6, 27.55
1701269381, 0, 770, 893, 786, 28, 3.53%, 0, 2, 6, 29.80
1701269412, 0, 770, 894, 787, 28, 3.53%, 0, 2, 6, 31.99
1701269422, 0, 773, 895, 787, 27, 3.53%, 0, 2, 6, 30.95
1701269453, 0, 773, 896, 788, 27, 3.53%, 0, 2, 6, 33.70
1701269468, 0, 773, 897, 789, 27, 3.54%, 0, 2, 6, 31.83
1701269473, 0, 773, 898, 790, 27, 3.55%, 0, 2, 6, 27.93
1701269478, 0, 773, 899, 791, 27, 3.55%, 0, 2, 6, 30.01
1701269504, 0, 773, 900, 792, 27, 3.55%, 0, 2, 6, 30.73
1701269519, 0, 773, 901, 793, 27, 3.55%, 0, 2, 6, 28.24
1701269529, 0, 775, 901, 792, 28, 3.55%, 0, 2, 6, 29.24
1701269591, 0, 779, 901, 791, 27, 3.55%, 0, 2, 6, 28.55
1701269652, 0, 783, 901, 790, 27, 3.55%, 0, 2, 6, 26.27
1701269713, 0, 784, 901, 789, 26, 3.55%, 0, 2, 6, 31.00
1701269759, 0, 785, 901, 788, 25, 3.55%, 0, 2, 6, 26.51
1701269806, 0, 786, 901, 787, 24, 3.55%, 0, 2, 6, 24.15
1701269852, 0, 788, 901, 786, 23, 3.55%, 0, 2, 6, 29.12
1701269903, 0, 789, 901, 785, 22, 3.55%, 0, 2, 6, 27.58
1701269934, 0, 789, 902, 786, 22, 3.55%, 0, 2, 6, 29.92
1701269954, 0, 797, 902, 785, 21, 3.55%, 0, 2, 6, 25.11
1701270057, 0, 798, 902, 784, 20, 3.55%, 0, 2, 6, 26.59
1701270067, 0, 799, 902, 783, 19, 3.55%, 0, 2, 6, 23.95
1701270118, 0, 802, 903, 783, 18, 3.55%, 0, 2, 6, 31.19
1701270123, 0, 802, 904, 784, 18, 3.55%, 0, 2, 6, 31.87
1701270128, 0, 802, 905, 785, 18, 3.55%, 0, 2, 6, 31.32
1701270149, 0, 802, 906, 786, 18, 3.55%, 0, 2, 6, 23.63
1701270220, 0, 802, 907, 787, 18, 3.55%, 0, 2, 6, 26.20
1701270318, 0, 802, 908, 788, 18, 3.55%, 0, 2, 6, 31.61
1701270323, 0, 802, 909, 789, 18, 3.55%, 0, 2, 6, 28.91
1701270343, 0, 805, 910, 789, 18, 3.55%, 0, 2, 6, 30.20
1701270348, 0, 805, 911, 790, 18, 3.55%, 0, 2, 6, 27.31
1701270359, 0, 805, 912, 791, 18, 3.55%, 0, 2, 6, 28.96
1701270400, 0, 806, 912, 790, 19, 3.55%, 0, 2, 6, 26.84
1701270405, 0, 806, 913, 791, 19, 3.55%, 0, 2, 6, 26.22
1701270461, 0, 807, 913, 790, 19, 3.55%, 0, 2, 6, 25.52
1701270466, 0, 807, 917, 794, 19, 3.56%, 0, 2, 6, 23.99
1701270471, 0, 807, 919, 796, 19, 3.57%, 0, 2, 6, 26.03
1701270476, 0, 807, 922, 799, 19, 3.58%, 0, 2, 6, 25.93
1701270481, 0, 807, 924, 801, 19, 3.59%, 0, 2, 6, 29.63
1701270492, 0, 807, 927, 804, 19, 3.59%, 0, 2, 6, 25.24
1701270497, 0, 807, 929, 806, 19, 3.59%, 0, 2, 6, 27.15
1701270502, 0, 807, 930, 807, 19, 3.59%, 0, 2, 6, 29.52
1701270507, 0, 807, 932, 809, 19, 3.59%, 0, 2, 6, 23.79
1701270517, 0, 807, 935, 812, 19, 3.61%, 0, 2, 6, 22.13
1701270522, 0, 807, 937, 814, 19, 3.61%, 0, 2, 6, 26.60
1701270533, 0, 807, 938, 815, 19, 3.61%, 0, 2, 6, 27.76
1701270543, 0, 807, 939, 816, 19, 3.61%, 0, 2, 6, 25.59
1701270548, 0, 807, 941, 818, 19, 3.61%, 0, 2, 6, 26.30
1701270568, 0, 807, 944, 821, 19, 3.62%, 0, 2, 6, 29.81
1701270574, 0, 807, 946, 823, 19, 3.62%, 0, 2, 6, 29.61
1701270579, 0, 807, 947, 824, 19, 3.62%, 0, 2, 6, 30.00
1701270589, 0, 810, 948, 824, 27, 3.62%, 0, 2, 6, 27.93
1701270615, 0, 830, 948, 823, 26, 3.62%, 0, 2, 6, 29.07
1701270620, 0, 830, 949, 824, 26, 3.62%, 0, 2, 6, 31.49
1701270702, 0, 830, 950, 825, 26, 3.62%, 0, 2, 6, 5.31
1701270799, 0, 831, 950, 824, 25, 3.62%, 0, 2, 6, 28.69
1701270850, 0, 831, 951, 825, 25, 3.62%, 0, 2, 6, 6.37
1701270860, 0, 831, 952, 826, 25, 3.62%, 0, 2, 6, 13.32
1701270865, 0, 831, 953, 827, 25, 3.62%, 0, 2, 6, 25.49
1701270993, 0, 831, 955, 829, 25, 3.62%, 0, 2, 6, 24.59
1701271019, 0, 831, 956, 830, 25, 3.62%, 0, 2, 6, 27.36
1701271070, 0, 831, 957, 831, 25, 3.62%, 0, 2, 6, 25.17
1701271075, 0, 832, 957, 830, 24, 3.62%, 0, 2, 6, 29.33
1701271491, 0, 845, 957, 829, 23, 3.62%, 0, 2, 6, 28.71
1701271496, 0, 845, 958, 830, 23, 3.62%, 0, 2, 6, 30.50
1701271738, 0, 845, 959, 831, 23, 3.62%, 0, 2, 6, 22.13
1701271743, 0, 845, 960, 832, 23, 3.65%, 0, 2, 6, 24.87
1701271784, 0, 858, 960, 831, 23, 3.65%, 0, 2, 6, 7.59
1701271789, 0, 858, 962, 833, 23, 3.65%, 0, 2, 6, 22.19
1701271799, 0, 858, 964, 835, 23, 3.65%, 0, 2, 6, 27.99
1701271932, 0, 858, 965, 836, 23, 3.65%, 0, 2, 6, 23.03
1701271942, 0, 859, 966, 836, 23, 3.65%, 0, 2, 6, 24.90
1701271952, 0, 859, 968, 838, 23, 3.65%, 0, 2, 6, 31.80
1701272121, 0, 877, 968, 837, 23, 3.65%, 0, 2, 6, 26.30
1701272249, 0, 877, 969, 838, 23, 3.65%, 0, 2, 6, 16.58
1701272310, 0, 882, 969, 837, 22, 3.65%, 0, 2, 6, 24.37
1701272357, 0, 882, 970, 838, 22, 3.65%, 0, 2, 6, 26.88
1701272505, 0, 882, 971, 839, 22, 3.65%, 0, 2, 6, 25.35
1701272566, 0, 882, 972, 840, 22, 3.65%, 0, 2, 6, 28.29
1701272924, 0, 882, 973, 841, 22, 3.65%, 0, 2, 6, 31.15
1701272940, 0, 886, 973, 840, 22, 3.65%, 0, 2, 6, 29.30
1701275734, 0, 888, 973, 839, 21, 3.65%, 0, 2, 6, 25.65
1701278508, 0, 894, 973, 838, 20, 3.65%, 0, 2, 6, 28.09
1701278564, 0, 899, 973, 837, 19, 3.65%, 0, 2, 6, 32.17
1701278570, 0, 899, 979, 843, 19, 3.65%, 0, 2, 7, 32.52
1701278575, 0, 899, 982, 846, 19, 3.65%, 0, 2, 7, 33.33
1701278580, 0, 899, 984, 848, 19, 3.65%, 0, 2, 7, 34.89
1701278595, 0, 899, 985, 849, 19, 3.65%, 0, 2, 7, 28.96
1701278636, 0, 899, 987, 851, 19, 3.65%, 0, 2, 7, 28.54
1701278651, 0, 899, 990, 854, 19, 3.66%, 0, 2, 7, 29.33
1701278656, 0, 899, 997, 861, 19, 3.66%, 0, 2, 7, 24.20
1701278672, 0, 899, 999, 863, 19, 3.66%, 0, 2, 7, 27.80
1701278682, 0, 910, 999, 862, 21, 3.66%, 0, 2, 7, 33.86
1701278687, 0, 910, 1000, 863, 21, 3.66%, 0, 2, 7, 27.68
1701278697, 0, 910, 1001, 864, 21, 3.66%, 0, 2, 7, 28.84
1701278743, 0, 912, 1001, 863, 20, 3.66%, 0, 2, 7, 32.02
1701278799, 0, 912, 1002, 864, 20, 3.66%, 0, 2, 7, 25.02
1701278804, 0, 912, 1003, 865, 20, 3.66%, 0, 2, 7, 21.31
1701278820, 0, 912, 1004, 866, 20, 3.66%, 0, 2, 7, 32.13
1701278840, 0, 917, 1004, 865, 19, 3.66%, 0, 2, 7, 33.35
1701278850, 0, 917, 1005, 866, 19, 3.67%, 0, 2, 7, 26.38
1701278861, 0, 917, 1006, 867, 19, 3.69%, 0, 2, 7, 28.88
1701278871, 0, 917, 1008, 869, 19, 3.69%, 0, 2, 7, 29.18
1701278876, 0, 917, 1009, 870, 19, 3.69%, 0, 2, 7, 30.87
1701278881, 0, 917, 1010, 871, 19, 3.69%, 0, 2, 7, 29.50
1701278891, 0, 917, 1011, 872, 19, 3.69%, 0, 2, 7, 28.35
1701278922, 0, 917, 1012, 873, 19, 3.69%, 0, 2, 7, 27.54
1701278978, 0, 917, 1013, 874, 19, 3.69%, 0, 2, 7, 29.51
1701278984, 0, 918, 1014, 874, 20, 3.70%, 0, 2, 7, 30.75
1701278994, 0, 918, 1018, 878, 20, 3.71%, 0, 2, 7, 28.56
1701279009, 0, 921, 1018, 877, 24, 3.71%, 0, 2, 7, 31.34
1701279030, 0, 921, 1019, 878, 24, 3.72%, 0, 2, 7, 31.40
1701279050, 0, 922, 1019, 877, 24, 3.72%, 0, 2, 7, 31.21
1701279076, 0, 922, 1022, 880, 24, 3.72%, 0, 2, 7, 33.44
1701279112, 0, 922, 1023, 881, 24, 3.72%, 0, 2, 7, 28.26
1701279148, 0, 932, 1023, 880, 23, 3.72%, 0, 2, 7, 28.02
1701279158, 0, 932, 1024, 881, 23, 3.73%, 0, 2, 7, 31.04
1701279174, 0, 932, 1026, 883, 23, 3.73%, 0, 2, 7, 32.08
1701279179, 0, 932, 1027, 884, 23, 3.73%, 0, 2, 7, 28.45
1701279262, 0, 932, 1027, 884, 23, 3.73%, 0, 3, 7, 3.68
1701279267, 0, 933, 1027, 883, 23, 3.73%, 0, 3, 7, 19.61
1701279272, 0, 933, 1028, 884, 23, 3.73%, 0, 3, 7, 13.26
1701279287, 0, 933, 1029, 885, 23, 3.73%, 0, 3, 7, 10.44
1701279405, 0, 933, 1030, 886, 23, 3.74%, 0, 3, 7, 20.32
1701279410, 0, 933, 1031, 887, 23, 3.74%, 0, 3, 7, 14.97
1701279415, 0, 933, 1034, 890, 23, 3.74%, 0, 3, 7, 11.12
1701279425, 0, 933, 1036, 892, 23, 3.74%, 0, 3, 7, 12.09
1701279430, 0, 933, 1037, 893, 23, 3.74%, 0, 3, 7, 18.20
1701279435, 0, 933, 1038, 894, 23, 3.74%, 0, 3, 7, 17.80
1701279441, 0, 933, 1039, 895, 23, 3.74%, 0, 3, 7, 13.72
1701279446, 0, 933, 1040, 896, 23, 3.74%, 0, 3, 7, 17.51
1701279513, 0, 933, 1042, 898, 23, 3.74%, 0, 3, 7, 19.86
1701279518, 0, 934, 1042, 897, 25, 3.74%, 0, 3, 7, 25.04
1701279544, 0, 941, 1043, 897, 24, 3.74%, 0, 3, 7, 29.41
1701279585, 0, 941, 1044, 898, 24, 3.74%, 0, 3, 7, 26.00
1701279646, 0, 941, 1045, 899, 24, 3.74%, 0, 3, 7, 27.89
1701279667, 0, 947, 1045, 898, 25, 3.74%, 0, 3, 7, 30.08
1701279697, 0, 948, 1045, 897, 24, 3.74%, 0, 3, 7, 29.15
1701279871, 0, 959, 1047, 898, 23, 3.74%, 0, 3, 7, 33.15
1701279876, 0, 959, 1048, 899, 23, 3.74%, 0, 3, 7, 27.67
1701279912, 0, 959, 1049, 900, 23, 3.74%, 0, 3, 7, 28.30
1701279922, 0, 960, 1049, 899, 23, 3.74%, 0, 3, 7, 27.10
1701280076, 0, 960, 1050, 900, 23, 3.74%, 0, 3, 7, 25.92
1701280091, 0, 967, 1050, 899, 22, 3.74%, 0, 3, 7, 24.90
1701280270, 0, 969, 1050, 898, 21, 3.74%, 0, 3, 7, 31.28
1701280332, 0, 969, 1051, 899, 21, 3.74%, 0, 3, 7, 18.73
1701280893, 0, 973, 1051, 898, 20, 3.74%, 0, 3, 7, 28.44
1701280985, 0, 973, 1053, 900, 20, 3.74%, 0, 3, 8, 33.79
1701280990, 0, 973, 1055, 902, 20, 3.74%, 0, 3, 8, 33.77
1701281000, 0, 973, 1057, 904, 20, 3.74%, 0, 3, 8, 36.11
1701281011, 0, 1000, 1057, 903, 19, 3.74%, 0, 3, 8, 23.78
1701281067, 0, 1004, 1057, 902, 18, 3.74%, 0, 3, 8, 31.11
1701281087, 0, 1004, 1058, 903, 18, 3.74%, 0, 3, 8, 26.91
1701281097, 0, 1005, 1058, 902, 17, 3.74%, 0, 3, 8, 33.83
1701281103, 0, 1005, 1059, 903, 17, 3.74%, 0, 3, 8, 30.81
1701281118, 0, 1005, 1060, 904, 17, 3.75%, 0, 3, 8, 27.81
1701281128, 0, 1005, 1061, 905, 17, 3.75%, 0, 3, 8, 29.10
1701281164, 0, 1005, 1062, 906, 17, 3.76%, 0, 3, 8, 26.39
1701281179, 0, 1005, 1063, 907, 17, 3.76%, 0, 3, 8, 25.20
1701281195, 0, 1011, 1063, 906, 19, 3.76%, 0, 3, 8, 28.69
1701281225, 0, 1013, 1063, 905, 18, 3.76%, 0, 3, 8, 28.51
1701281255, 0, 1014, 1063, 904, 17, 3.76%, 0, 3, 8, 28.39
1701281286, 0, 1015, 1063, 903, 16, 3.76%, 0, 3, 8, 28.07
1701281317, 0, 1016, 1063, 902, 15, 3.76%, 0, 3, 8, 28.25
1701281348, 0, 1017, 1063, 901, 14, 3.76%, 0, 3, 8, 21.37
1701281383, 0, 1018, 1064, 901, 13, 3.76%, 0, 3, 8, 23.29
1701281388, 0, 1018, 1065, 902, 13, 3.77%, 0, 3, 8, 19.11
1701281409, 0, 1018, 1066, 903, 13, 3.77%, 0, 3, 8, 18.82
1701281516, 0, 1023, 1066, 902, 14, 3.77%, 0, 3, 8, 24.62
1701281522, 0, 1023, 1068, 904, 14, 3.78%, 0, 3, 8, 26.93
1701281644, 0, 1023, 1070, 906, 14, 3.78%, 0, 3, 8, 30.19
1701281670, 0, 1023, 1071, 907, 14, 3.78%, 0, 3, 8, 31.97
1701281691, 0, 1023, 1072, 908, 14, 3.78%, 0, 3, 8, 24.04
1701281726, 0, 1029, 1073, 908, 16, 3.81%, 0, 3, 8, 16.84
1701281731, 0, 1029, 1074, 909, 16, 3.81%, 0, 3, 8, 18.15
1701281737, 0, 1029, 1074, 909, 16, 3.81%, 0, 4, 8, 3.46
1701281742, 0, 1029, 1075, 910, 16, 3.82%, 0, 4, 8, 17.28
1701281829, 0, 1031, 1075, 909, 16, 3.82%, 0, 4, 8, 24.16
1701282028, 0, 1042, 1075, 908, 15, 3.82%, 0, 4, 8, 29.82
1701282033, 0, 1042, 1076, 909, 15, 3.82%, 0, 4, 8, 28.93
1701282125, 0, 1042, 1077, 910, 15, 3.82%, 0, 4, 8, 26.40
1701282150, 0, 1043, 1077, 909, 14, 3.82%, 0, 4, 8, 28.38
1701282262, 0, 1047, 1077, 908, 13, 3.82%, 0, 4, 8, 24.95
1701282308, 0, 1047, 1078, 909, 13, 3.82%, 0, 4, 8, 32.19
1701282324, 0, 1055, 1078, 908, 12, 3.82%, 0, 4, 8, 27.57
1701282334, 0, 1055, 1080, 910, 12, 3.82%, 0, 4, 9, 27.84
1701282369, 0, 1055, 1081, 911, 12, 3.82%, 0, 4, 9, 26.39
1701282461, 0, 1059, 1082, 911, 11, 3.83%, 0, 4, 9, 22.55
1701282543, 0, 1060, 1082, 910, 11, 3.83%, 0, 4, 9, 27.74
1701282645, 0, 1061, 1083, 910, 10, 3.83%, 0, 4, 9, 25.58
1701282727, 0, 1061, 1084, 911, 10, 3.83%, 0, 4, 9, 25.73
1701282758, 0, 1063, 1085, 911, 9, 3.83%, 0, 4, 9, 24.39
1701282865, 0, 1063, 1088, 914, 9, 3.83%, 0, 4, 9, 26.36
1701282875, 0, 1063, 1089, 915, 9, 3.83%, 0, 4, 9, 25.02
1701282901, 0, 1063, 1090, 916, 9, 3.83%, 0, 4, 9, 21.95
1701282911, 0, 1063, 1091, 917, 9, 3.83%, 0, 4, 9, 25.13
1701282942, 0, 1065, 1092, 917, 10, 3.83%, 0, 4, 9, 19.34
1701282947, 0, 1065, 1093, 918, 10, 3.83%, 0, 4, 9, 20.71
1701283064, 0, 1065, 1094, 919, 10, 3.83%, 0, 4, 9, 22.78
1701283090, 0, 1066, 1094, 918, 10, 3.83%, 0, 4, 9, 27.39
1701283212, 0, 1066, 1095, 919, 10, 3.83%, 0, 4, 9, 29.13
1701283243, 0, 1067, 1095, 918, 9, 3.83%, 0, 4, 9, 31.67
1701283370, 0, 1067, 1096, 919, 9, 3.83%, 0, 4, 9, 22.27
1701283396, 0, 1070, 1096, 918, 8, 3.83%, 0, 4, 9, 23.56
1701283406, 0, 1070, 1097, 919, 8, 3.84%, 0, 4, 9, 28.29
1701283411, 0, 1070, 1098, 920, 8, 3.84%, 0, 4, 9, 28.61
1701283437, 0, 1070, 1099, 921, 8, 3.84%, 0, 4, 9, 29.85
1701283570, 0, 1074, 1099, 920, 10, 3.84%, 0, 4, 9, 24.85
1701283575, 0, 1074, 1102, 923, 10, 3.84%, 0, 4, 9, 16.86
1701283580, 0, 1074, 1103, 924, 10, 3.84%, 0, 4, 9, 17.30
1701283585, 0, 1074, 1104, 925, 10, 3.84%, 0, 4, 9, 16.09
1701283590, 0, 1074, 1106, 927, 10, 3.84%, 0, 4, 9, 14.88
1701283600, 0, 1074, 1107, 928, 10, 3.84%, 0, 4, 9, 14.45
1701283616, 0, 1074, 1108, 929, 10, 3.84%, 0, 4, 9, 15.70
1701283621, 0, 1074, 1109, 930, 10, 3.84%, 0, 4, 9, 16.43
1701283667, 0, 1074, 1110, 931, 10, 3.84%, 0, 4, 9, 25.70
1701283688, 0, 1074, 1111, 932, 10, 3.84%, 0, 4, 9, 17.57
1701283693, 0, 1074, 1112, 933, 10, 3.84%, 0, 4, 9, 20.69
1701283714, 0, 1074, 1113, 934, 10, 3.84%, 0, 4, 9, 26.33
1701283765, 0, 1081, 1113, 933, 11, 3.84%, 0, 4, 9, 1.20
1701283862, 0, 1084, 1113, 932, 10, 3.84%, 0, 4, 9, 26.32
1701283986, 0, 1084, 1114, 933, 10, 3.84%, 0, 4, 10, 19.17
1701284001, 0, 1084, 1115, 934, 10, 3.84%, 0, 4, 10, 23.21
1701284011, 0, 1084, 1116, 935, 10, 3.84%, 0, 4, 10, 27.84
1701284047, 0, 1089, 1116, 934, 9, 3.84%, 0, 4, 10, 22.20
1701284200, 0, 1089, 1117, 935, 9, 3.84%, 0, 4, 10, 18.64
1701284216, 0, 1089, 1118, 936, 9, 3.84%, 0, 4, 10, 28.42
1701284221, 0, 1089, 1119, 937, 9, 3.84%, 0, 4, 10, 21.78
1701284226, 0, 1089, 1121, 939, 9, 3.84%, 0, 4, 10, 25.29
1701284241, 0, 1089, 1122, 940, 9, 3.84%, 0, 4, 10, 22.37
1701284267, 0, 1094, 1122, 939, 9, 3.84%, 0, 4, 10, 20.89
1701284277, 0, 1094, 1123, 940, 9, 3.84%, 0, 4, 10, 19.40
1701284379, 0, 1094, 1124, 941, 9, 3.84%, 0, 4, 10, 26.26
1701284389, 0, 1094, 1125, 942, 9, 3.84%, 0, 4, 10, 32.07
1701284394, 0, 1094, 1126, 943, 9, 3.84%, 0, 4, 10, 27.94
1701284399, 0, 1094, 1127, 944, 9, 3.84%, 0, 4, 10, 21.80
1701284404, 0, 1094, 1128, 945, 9, 3.84%, 0, 4, 10, 21.97
1701284466, 0, 1096, 1129, 945, 8, 3.84%, 0, 4, 10, 26.72
1701284471, 0, 1096, 1130, 946, 8, 3.84%, 0, 4, 10, 31.41
1701284620, 0, 1096, 1131, 947, 8, 3.84%, 0, 4, 10, 28.14
1701284635, 0, 1096, 1132, 948, 8, 3.84%, 0, 4, 10, 29.29
1701284666, 0, 1097, 1132, 947, 8, 3.84%, 0, 4, 10, 27.77
1701284829, 0, 1098, 1132, 946, 7, 3.84%, 0, 4, 10, 29.46
1701285013, 0, 1098, 1133, 947, 7, 3.84%, 0, 4, 10, 29.06
1701285018, 0, 1098, 1134, 948, 7, 3.84%, 0, 4, 10, 28.73
1701285023, 0, 1098, 1135, 949, 7, 3.84%, 0, 4, 10, 29.29
1701285059, 0, 1108, 1135, 948, 6, 3.84%, 0, 4, 10, 29.62
1701285084, 0, 1108, 1137, 950, 6, 3.84%, 0, 4, 10, 18.32
1701285105, 0, 1108, 1138, 951, 6, 3.84%, 0, 4, 10, 23.58
1701285146, 0, 1108, 1140, 953, 6, 3.84%, 0, 4, 10, 26.88
1701285151, 0, 1108, 1141, 954, 6, 3.84%, 0, 4, 10, 23.41
1701285156, 0, 1108, 1142, 955, 6, 3.84%, 0, 4, 10, 25.82
1701285213, 0, 1109, 1142, 954, 5, 3.84%, 0, 4, 10, 23.71
1701285305, 0, 1109, 1143, 955, 5, 3.84%, 0, 4, 10, 28.13
1701285325, 0, 1129, 1143, 954, 4, 3.84%, 0, 4, 10, 24.75
1701285515, 1, 33, 1143, 953, 3, 3.84%, 0, 4, 10, 0.36
1701285663, 1, 33, 1145, 955, 3, 3.85%, 0, 4, 10, 31.83
1701285919, 1, 33, 1146, 956, 3, 3.85%, 0, 4, 10, 27.79
1701287381, 1, 33, 1147, 957, 3, 3.85%, 0, 4, 10, 31.35
1701287649, 1, 143, 1147, 956, 4, 3.85%, 0, 4, 10, 0.97
1701292974, 1, 146, 1147, 955, 4, 3.85%, 0, 4, 10, 22.15
