# unix_time, cycles_done, cur_path, paths_total, pending_total, pending_favs, map_size, unique_crashes, unique_hangs, max_depth, execs_per_sec
1700597281, 0, 0, 1, 1, 1, 1.17%, 0, 0, 1, 12.18
1700597286, 0, 0, 12, 12, 1, 1.24%, 0, 0, 2, 16.68
1700597291, 0, 0, 17, 17, 1, 1.37%, 0, 0, 2, 11.65
1700597296, 0, 0, 20, 20, 1, 1.43%, 0, 0, 2, 8.27
1700597302, 0, 0, 24, 24, 1, 1.44%, 0, 0, 2, 9.09
1700597307, 0, 0, 27, 27, 1, 1.44%, 0, 0, 2, 8.15
1700597312, 0, 0, 29, 29, 1, 1.45%, 0, 0, 2, 6.84
1700597317, 0, 0, 32, 32, 1, 1.45%, 0, 0, 2, 7.76
1700597322, 0, 0, 35, 35, 1, 1.46%, 0, 0, 2, 6.34
1700597333, 0, 0, 39, 39, 1, 1.75%, 0, 0, 2, 6.65
1700597343, 0, 0, 40, 40, 1, 1.75%, 0, 0, 2, 5.00
1700597348, 0, 0, 41, 41, 1, 1.75%, 0, 0, 2, 4.28
1700597354, 0, 0, 42, 42, 1, 1.75%, 0, 0, 2, 4.63
1700597359, 0, 0, 43, 43, 1, 1.75%, 0, 0, 2, 4.91
1700597369, 0, 0, 44, 44, 1, 1.75%, 0, 0, 2, 4.88
1700597374, 0, 0, 46, 46, 1, 2.34%, 0, 0, 2, 5.30
1700597379, 0, 0, 47, 47, 1, 2.35%, 0, 0, 2, 5.24
1700597390, 0, 0, 48, 48, 1, 2.35%, 0, 0, 2, 4.38
1700597400, 0, 0, 49, 49, 1, 2.35%, 0, 0, 2, 4.07
1700597416, 0, 0, 51, 51, 1, 2.35%, 0, 0, 2, 4.74
1700597421, 0, 0, 52, 52, 1, 3.04%, 0, 0, 2, 4.28
1700597427, 0, 0, 53, 53, 1, 3.04%, 0, 0, 2, 4.62
1700597443, 0, 0, 54, 54, 1, 3.04%, 0, 0, 2, 2.91
1700597448, 0, 0, 55, 55, 1, 3.04%, 0, 0, 2, 8.37
1700597463, 0, 0, 56, 56, 1, 3.04%, 0, 0, 2, 4.44
1700597468, 0, 0, 57, 57, 1, 3.04%, 0, 0, 2, 4.76
1700597474, 0, 0, 58, 58, 1, 3.04%, 0, 0, 2, 2.49
1700597500, 0, 0, 59, 59, 1, 3.04%, 0, 0, 2, 4.77
1700597505, 0, 0, 60, 60, 1, 3.04%, 0, 0, 2, 5.20
1700597510, 0, 0, 61, 61, 1, 3.09%, 0, 0, 2, 4.63
1700597515, 0, 0, 63, 63, 1, 3.10%, 0, 0, 2, 5.47
1700597525, 0, 0, 65, 65, 1, 3.11%, 0, 0, 2, 4.58
1700597535, 0, 0, 67, 67, 1, 3.11%, 0, 0, 2, 6.18
1700597540, 0, 0, 68, 68, 1, 3.11%, 0, 0, 2, 10.40
1700597586, 0, 14, 68, 67, 10, 3.11%, 0, 0, 2, 0.70
1700597607, 0, 21, 68, 66, 9, 3.11%, 0, 0, 2, 14.63
1700597653, 0, 29, 68, 65, 9, 3.11%, 0, 0, 2, 15.48
1700597699, 0, 39, 68, 64, 9, 3.11%, 0, 0, 2, 16.22
1700597719, 0, 44, 68, 63, 8, 3.11%, 0, 0, 2, 15.38
1700597760, 0, 45, 68, 62, 8, 3.11%, 0, 0, 2, 14.10
1700597770, 0, 45, 70, 64, 8, 3.12%, 0, 0, 3, 11.69
1700597781, 0, 45, 74, 68, 8, 3.12%, 0, 0, 3, 12.96
1700597786, 0, 45, 75, 69, 8, 3.12%, 0, 0, 3, 13.65
1700597791, 0, 45, 77, 71, 8, 3.15%, 0, 0, 3, 13.48
1700597811, 0, 45, 78, 72, 8, 3.15%, 0, 0, 3, 12.59
1700597816, 0, 45, 79, 73, 8, 3.15%, 0, 0, 3, 14.06
1700597852, 0, 45, 80, 74, 8, 3.15%, 0, 0, 3, 13.19
1700597929, 0, 45, 81, 75, 8, 3.16%, 0, 0, 3, 13.03
1700597986, 0, 45, 82, 76, 8, 3.16%, 0, 0, 3, 13.16
1700597991, 0, 45, 84, 78, 8, 3.17%, 0, 0, 3, 13.16
1700598442, 0, 45, 85, 79, 8, 3.92%, 0, 0, 3, 10.66
1700598452, 0, 45, 86, 80, 8, 3.92%, 0, 0, 3, 7.40
1700598519, 0, 45, 88, 82, 8, 4.47%, 0, 0, 3, 9.78
1700598524, 0, 45, 92, 86, 8, 4.51%, 0, 0, 3, 9.09
1700598529, 0, 45, 94, 88, 8, 4.53%, 0, 0, 3, 8.80
1700598601, 0, 45, 95, 89, 8, 4.55%, 0, 0, 3, 12.95
1700598606, 0, 45, 97, 91, 8, 4.55%, 0, 0, 3, 12.72
1700598657, 0, 45, 98, 92, 8, 4.56%, 0, 0, 3, 10.12
1700598662, 0, 45, 100, 94, 8, 4.65%, 0, 0, 3, 8.73
1700598668, 0, 45, 101, 95, 8, 4.65%, 0, 0, 3, 8.25
1700598673, 0, 45, 102, 96, 8, 4.80%, 0, 0, 3, 8.35
1700598678, 0, 45, 104, 98, 8, 4.80%, 0, 0, 3, 8.75
1700598688, 0, 45, 105, 99, 8, 4.80%, 0, 0, 3, 8.53
1700598699, 0, 45, 107, 101, 8, 4.82%, 0, 0, 3, 7.82
1700598704, 0, 45, 109, 103, 8, 4.82%, 0, 0, 3, 8.29
1700598714, 0, 45, 112, 106, 8, 5.24%, 0, 0, 3, 8.46
1700598719, 0, 45, 113, 107, 8, 5.24%, 0, 0, 3, 8.22
1700598729, 0, 45, 114, 108, 8, 5.25%, 0, 0, 3, 7.52
1700598735, 0, 45, 116, 110, 8, 5.25%, 0, 0, 3, 8.21
1700598750, 0, 45, 118, 112, 8, 5.40%, 0, 0, 3, 7.72
1700598766, 0, 45, 119, 113, 8, 5.42%, 0, 0, 3, 7.83
1700598771, 0, 45, 120, 114, 8, 5.42%, 0, 0, 3, 8.27
1700598776, 0, 45, 122, 116, 8, 5.43%, 0, 0, 3, 8.09
1700598812, 0, 45, 123, 117, 8, 5.44%, 0, 0, 3, 7.98
1700598827, 0, 45, 124, 118, 8, 5.44%, 0, 0, 3, 8.06
1700598832, 0, 45, 125, 119, 8, 5.44%, 0, 0, 3, 8.33
1700598837, 0, 45, 127, 121, 8, 5.45%, 0, 0, 3, 8.19
1700598883, 0, 45, 128, 122, 8, 5.48%, 0, 0, 3, 7.72
1700598893, 0, 45, 129, 123, 8, 5.48%, 0, 0, 3, 8.62
1700598914, 0, 45, 130, 124, 8, 5.50%, 0, 0, 3, 7.67
1700598925, 0, 45, 131, 125, 8, 5.50%, 0, 0, 3, 8.64
1700598930, 0, 45, 133, 127, 8, 5.50%, 0, 0, 3, 7.71
1700598976, 0, 45, 134, 128, 8, 5.50%, 0, 0, 3, 7.93
1700599007, 0, 45, 135, 129, 8, 5.51%, 0, 0, 3, 8.10
1700599017, 0, 45, 136, 130, 8, 5.51%, 0, 0, 3, 8.75
1700599022, 0, 45, 137, 131, 8, 5.51%, 0, 0, 3, 8.34
1700599028, 0, 45, 138, 132, 8, 5.51%, 0, 0, 3, 8.19
1700599038, 0, 45, 139, 133, 8, 5.51%, 0, 0, 3, 8.11
1700599048, 0, 45, 140, 134, 8, 5.51%, 0, 0, 3, 7.83
1700599058, 0, 45, 141, 135, 8, 5.56%, 0, 0, 3, 7.11
1700599069, 0, 45, 142, 136, 8, 5.57%, 0, 0, 3, 8.24
1700599084, 0, 45, 143, 137, 8, 5.57%, 0, 0, 3, 7.47
1700599125, 0, 45, 144, 138, 8, 5.57%, 0, 0, 3, 8.21
1700599146, 0, 45, 145, 139, 8, 5.57%, 0, 0, 3, 8.16
1700599156, 0, 45, 146, 140, 8, 5.57%, 0, 0, 3, 8.12
1700599181, 0, 45, 147, 141, 8, 5.57%, 0, 0, 3, 8.26
1700599187, 0, 46, 147, 140, 44, 5.57%, 0, 0, 3, 7.50
1700599243, 0, 46, 148, 141, 44, 5.58%, 0, 0, 3, 13.13
1700599500, 0, 46, 149, 142, 44, 5.58%, 0, 0, 3, 9.00
1700599566, 0, 46, 150, 143, 44, 5.58%, 0, 0, 3, 7.04
1700599607, 0, 46, 152, 145, 44, 5.58%, 0, 0, 3, 12.93
1700599612, 0, 46, 154, 147, 44, 5.58%, 0, 0, 3, 13.25
1700599643, 0, 46, 155, 148, 44, 5.59%, 0, 0, 3, 7.88
1700599648, 0, 46, 157, 150, 44, 5.70%, 0, 0, 3, 7.74
1700599689, 0, 46, 158, 151, 44, 5.71%, 0, 0, 3, 7.44
1700599694, 0, 46, 159, 152, 44, 5.71%, 0, 0, 3, 7.63
1700599710, 0, 46, 160, 153, 44, 5.75%, 0, 0, 3, 7.26
1700599720, 0, 46, 161, 154, 44, 5.76%, 0, 0, 3, 7.59
1700599730, 0, 46, 162, 155, 44, 5.76%, 0, 0, 3, 7.69
1700599746, 0, 46, 163, 156, 44, 5.76%, 0, 0, 3, 7.62
1700599756, 0, 46, 164, 157, 44, 5.77%, 0, 0, 3, 7.24
1700599782, 0, 46, 165, 158, 44, 5.77%, 0, 0, 3, 6.96
1700599787, 0, 46, 166, 159, 44, 5.77%, 0, 0, 3, 7.87
1700599843, 0, 46, 167, 160, 44, 5.77%, 0, 0, 3, 7.47
1700599874, 0, 46, 168, 161, 44, 5.77%, 0, 0, 3, 7.59
1700599879, 0, 46, 169, 162, 44, 5.78%, 0, 0, 3, 7.28
1700599900, 0, 46, 170, 163, 44, 5.78%, 0, 0, 3, 7.45
1700599967, 0, 46, 171, 164, 44, 5.78%, 0, 0, 3, 8.03
1700599972, 0, 46, 172, 165, 44, 5.79%, 0, 0, 3, 8.25
1700599977, 0, 46, 173, 166, 44, 5.80%, 0, 0, 3, 8.24
1700599982, 0, 46, 174, 167, 44, 5.80%, 0, 0, 3, 8.00
1700599987, 0, 46, 175, 168, 44, 5.80%, 0, 0, 3, 7.31
1700599993, 0, 46, 176, 169, 44, 5.80%, 0, 0, 3, 7.11
1700600013, 0, 46, 177, 170, 44, 5.80%, 0, 0, 3, 7.51
1700600038, 0, 46, 178, 171, 44, 5.81%, 0, 0, 3, 7.33
1700600049, 0, 46, 179, 172, 44, 5.81%, 0, 0, 3, 8.03
1700600141, 0, 46, 180, 173, 44, 5.82%, 0, 0, 3, 7.53
1700600152, 0, 46, 182, 175, 44, 5.82%, 0, 0, 3, 7.45
1700600157, 0, 46, 184, 177, 44, 5.83%, 0, 0, 3, 7.21
1700600219, 0, 46, 185, 178, 44, 5.83%, 0, 0, 3, 8.01
1700600316, 0, 46, 186, 179, 44, 5.83%, 0, 0, 3, 7.98
1700600326, 0, 46, 187, 180, 44, 5.87%, 0, 0, 3, 7.88
1700600357, 0, 46, 188, 181, 44, 5.93%, 0, 0, 3, 7.33
1700600383, 0, 46, 189, 182, 44, 5.93%, 0, 0, 3, 7.69
1700600429, 0, 46, 190, 183, 44, 5.93%, 0, 0, 3, 7.40
1700600435, 0, 46, 191, 184, 44, 5.93%, 0, 0, 3, 7.14
1700600481, 0, 46, 192, 185, 44, 5.93%, 0, 0, 3, 6.96
1700600496, 0, 46, 193, 186, 44, 5.94%, 0, 0, 3, 7.20
1700600563, 0, 50, 193, 185, 64, 5.94%, 0, 0, 3, 0.80
1700600928, 0, 50, 194, 186, 64, 5.98%, 0, 0, 3, 12.15
1700600933, 0, 50, 195, 187, 64, 5.98%, 0, 0, 3, 8.50
1700600969, 0, 50, 196, 188, 64, 5.98%, 0, 0, 3, 11.23
1700601035, 0, 50, 197, 189, 64, 5.99%, 0, 0, 3, 9.76
1700601040, 0, 50, 198, 190, 64, 5.99%, 0, 0, 3, 8.48
1700601082, 0, 50, 199, 191, 64, 5.99%, 0, 0, 3, 7.66
1700601092, 0, 50, 200, 192, 64, 5.99%, 0, 0, 3, 7.15
1700601170, 0, 50, 201, 193, 64, 5.99%, 0, 0, 3, 8.19
1700601195, 0, 50, 202, 194, 64, 5.99%, 0, 0, 3, 7.37
1700601211, 0, 50, 203, 195, 64, 6.00%, 0, 0, 3, 7.32
1700601242, 0, 50, 204, 196, 64, 6.00%, 0, 0, 3, 7.36
1700601252, 0, 50, 205, 197, 64, 6.01%, 0, 0, 3, 7.15
1700601298, 0, 50, 206, 198, 64, 6.01%, 0, 0, 3, 7.51
1700601308, 0, 50, 207, 199, 64, 6.01%, 0, 0, 3, 7.96
1700601339, 0, 50, 208, 200, 64, 6.02%, 0, 0, 3, 7.65
1700601411, 0, 50, 209, 201, 64, 6.02%, 0, 0, 3, 7.18
1700601488, 0, 50, 210, 202, 64, 6.02%, 0, 0, 3, 7.53
1700601565, 0, 50, 211, 203, 64, 6.03%, 0, 0, 3, 7.66
1700601581, 0, 50, 212, 204, 64, 6.03%, 0, 0, 3, 7.00
1700601586, 0, 50, 213, 205, 64, 6.03%, 0, 0, 3, 7.24
1700601611, 0, 50, 214, 206, 64, 6.03%, 0, 0, 3, 7.11
1700601626, 0, 50, 215, 207, 64, 6.04%, 0, 0, 3, 7.45
1700601632, 0, 50, 216, 208, 64, 6.04%, 0, 0, 3, 7.85
1700601729, 0, 51, 216, 207, 74, 6.04%, 0, 0, 3, 8.59
1700602375, 0, 51, 217, 208, 74, 6.04%, 0, 0, 3, 10.41
1700602864, 0, 51, 218, 209, 74, 6.11%, 0, 0, 3, 10.17
1700603327, 0, 51, 219, 210, 74, 6.11%, 0, 0, 3, 8.31
1700603333, 0, 51, 220, 211, 74, 6.11%, 0, 0, 3, 7.37
1700603348, 0, 51, 221, 212, 74, 6.12%, 0, 0, 3, 7.64
1700603353, 0, 51, 222, 213, 74, 6.12%, 0, 0, 3, 7.80
1700603364, 0, 51, 223, 214, 74, 6.12%, 0, 0, 3, 7.84
1700603369, 0, 51, 224, 215, 74, 6.13%, 0, 0, 3, 7.66
1700603379, 0, 51, 225, 216, 74, 6.13%, 0, 0, 3, 7.58
1700603549, 0, 51, 226, 217, 74, 6.13%, 0, 0, 3, 7.26
1700603626, 0, 51, 227, 218, 74, 6.13%, 0, 0, 3, 7.28
1700603647, 0, 51, 228, 219, 74, 6.14%, 0, 0, 3, 7.22
1700603868, 0, 51, 229, 220, 74, 6.16%, 0, 0, 3, 7.66
1700603909, 0, 51, 230, 221, 74, 6.16%, 0, 0, 3, 7.34
1700604017, 0, 51, 231, 222, 74, 6.16%, 0, 0, 3, 7.50
1700604038, 0, 51, 232, 223, 74, 6.17%, 0, 0, 3, 8.09
1700604059, 0, 51, 233, 224, 74, 6.17%, 0, 0, 3, 7.17
1700604064, 0, 51, 234, 225, 74, 6.17%, 0, 0, 3, 7.59
1700604090, 0, 51, 235, 226, 74, 6.17%, 0, 0, 3, 7.45
1700604095, 0, 51, 236, 227, 74, 6.17%, 0, 0, 3, 7.30
1700604110, 0, 51, 237, 228, 74, 6.17%, 0, 0, 3, 7.85
1700604125, 0, 51, 238, 229, 74, 6.18%, 0, 0, 3, 7.40
1700604130, 0, 51, 239, 230, 74, 6.18%, 0, 0, 3, 7.12
1700604197, 0, 51, 241, 232, 74, 6.18%, 0, 0, 3, 7.59
1700604202, 0, 51, 242, 233, 74, 6.18%, 0, 0, 3, 7.41
1700604213, 0, 51, 243, 234, 74, 6.18%, 0, 0, 3, 7.94
1700604239, 0, 60, 243, 233, 86, 6.18%, 0, 0, 3, 0.49
1700604244, 0, 60, 244, 234, 86, 6.18%, 0, 0, 3, 10.82
1700604254, 0, 60, 245, 235, 86, 6.18%, 0, 0, 3, 11.64
1700604270, 0, 60, 246, 236, 86, 6.18%, 0, 0, 3, 12.59
1700604347, 0, 60, 247, 237, 86, 6.18%, 0, 0, 3, 12.73
1700604541, 0, 60, 248, 238, 86, 6.18%, 0, 0, 3, 12.12
1700604608, 0, 60, 250, 240, 86, 6.18%, 0, 0, 3, 12.70
1700605639, 0, 60, 251, 241, 86, 6.18%, 0, 0, 3, 9.78
1700605644, 0, 60, 252, 242, 86, 6.19%, 0, 0, 3, 7.84
1700605792, 0, 60, 253, 243, 86, 6.21%, 0, 0, 3, 12.05
1700605797, 0, 60, 256, 246, 86, 6.22%, 0, 0, 3, 9.23
1700605803, 0, 60, 257, 247, 86, 6.23%, 0, 0, 3, 9.94
1700606089, 0, 60, 259, 249, 86, 6.23%, 0, 0, 3, 10.74
1700606095, 0, 60, 260, 250, 86, 6.23%, 0, 0, 3, 9.28
1700606100, 0, 60, 262, 252, 86, 6.23%, 0, 0, 3, 9.01
1700606110, 0, 60, 263, 253, 86, 6.24%, 0, 0, 3, 8.89
1700606115, 0, 60, 264, 254, 86, 6.24%, 0, 0, 3, 9.09
1700606121, 0, 60, 266, 256, 86, 6.24%, 0, 0, 3, 9.14
1700606126, 0, 60, 267, 257, 86, 6.24%, 0, 0, 3, 9.04
1700606131, 0, 60, 268, 258, 86, 6.24%, 0, 0, 3, 8.67
1700606146, 0, 60, 270, 260, 86, 6.24%, 0, 0, 3, 8.23
1700606162, 0, 60, 271, 261, 86, 6.24%, 0, 0, 3, 8.09
1700606182, 0, 60, 272, 262, 86, 6.27%, 0, 0, 3, 8.69
1700606198, 0, 60, 273, 263, 86, 6.27%, 0, 0, 3, 9.73
1700606203, 0, 60, 275, 265, 86, 6.29%, 0, 0, 3, 9.18
1700606213, 0, 60, 276, 266, 86, 6.30%, 0, 0, 3, 9.01
1700606223, 0, 60, 277, 267, 86, 6.30%, 0, 0, 3, 9.09
1700606229, 0, 60, 280, 270, 86, 6.30%, 0, 0, 3, 8.60
1700606244, 0, 60, 282, 272, 86, 6.30%, 0, 0, 3, 8.58
1700606249, 0, 60, 283, 273, 86, 6.30%, 0, 0, 3, 8.90
1700606264, 0, 60, 284, 274, 86, 6.30%, 0, 0, 3, 9.27
1700606280, 0, 60, 285, 275, 86, 6.30%, 0, 0, 3, 9.49
1700606290, 0, 60, 286, 276, 86, 6.31%, 0, 0, 3, 9.32
1700606305, 0, 60, 287, 277, 86, 6.36%, 0, 0, 3, 9.49
1700606321, 0, 60, 288, 278, 86, 6.37%, 0, 0, 3, 9.46
1700606331, 0, 60, 290, 280, 86, 6.37%, 0, 0, 3, 8.88
1700606336, 0, 60, 292, 282, 86, 6.37%, 0, 0, 3, 8.42
1700606341, 0, 60, 294, 284, 86, 6.37%, 0, 0, 3, 9.74
1700606352, 0, 60, 295, 285, 86, 6.37%, 0, 0, 3, 9.45
1700606382, 0, 60, 296, 286, 86, 6.37%, 0, 0, 3, 9.18
1700606398, 0, 60, 297, 287, 86, 6.38%, 0, 0, 3, 9.14
1700606408, 0, 60, 298, 288, 86, 6.38%, 0, 0, 3, 8.76
1700606413, 0, 60, 299, 289, 86, 6.38%, 0, 0, 3, 9.05
1700606454, 0, 60, 300, 290, 86, 6.39%, 0, 0, 3, 9.13
1700606475, 0, 60, 301, 291, 86, 6.39%, 0, 0, 3, 8.70
1700606542, 0, 60, 303, 293, 86, 6.39%, 0, 0, 3, 8.31
1700606547, 0, 60, 304, 294, 86, 6.39%, 0, 0, 3, 8.43
1700606598, 0, 60, 305, 295, 86, 6.39%, 0, 0, 3, 9.14
1700606609, 0, 60, 306, 296, 86, 6.41%, 0, 0, 3, 9.73
1700606614, 0, 60, 307, 297, 86, 6.42%, 0, 0, 3, 9.26
1700606619, 0, 60, 308, 298, 86, 6.42%, 0, 0, 3, 8.59
1700606640, 0, 60, 309, 299, 86, 6.43%, 0, 0, 3, 8.82
1700606655, 0, 60, 310, 300, 86, 6.43%, 0, 0, 3, 9.19
1700606671, 0, 60, 311, 301, 86, 6.43%, 0, 0, 3, 8.77
1700606681, 0, 60, 312, 302, 86, 6.43%, 0, 0, 3, 8.69
1700606702, 0, 60, 313, 303, 86, 6.43%, 0, 0, 3, 8.76
1700606712, 0, 60, 314, 304, 86, 6.43%, 0, 0, 3, 9.20
1700606809, 0, 60, 315, 305, 86, 6.44%, 0, 0, 3, 9.27
1700606824, 0, 60, 316, 306, 86, 6.44%, 0, 0, 3, 9.98
1700606839, 0, 60, 317, 307, 86, 6.44%, 0, 0, 3, 9.03
1700606870, 0, 67, 317, 306, 100, 6.44%, 0, 0, 3, 12.50
1700607014, 0, 67, 318, 307, 100, 6.44%, 0, 0, 3, 13.62
1700607070, 0, 67, 319, 308, 100, 6.44%, 0, 0, 3, 14.07
1700607670, 0, 68, 319, 307, 99, 6.44%, 0, 0, 3, 7.52
1700608049, 0, 68, 320, 308, 99, 6.45%, 0, 0, 4, 7.65
1700608116, 0, 68, 321, 309, 99, 6.45%, 0, 0, 4, 10.69
1700608152, 0, 68, 322, 310, 99, 6.45%, 0, 0, 4, 7.34
1700608198, 0, 69, 322, 309, 98, 6.45%, 0, 0, 4, 8.05
1700609018, 0, 69, 323, 310, 98, 6.46%, 0, 0, 4, 10.33
1700609064, 0, 76, 323, 309, 97, 6.46%, 0, 0, 4, 8.29
1700609222, 0, 76, 324, 310, 97, 6.46%, 0, 0, 4, 13.19
1700609284, 0, 76, 325, 311, 97, 6.47%, 0, 0, 4, 13.65
1700609724, 0, 76, 326, 312, 97, 6.47%, 0, 0, 4, 12.96
1700609960, 0, 80, 326, 311, 99, 6.47%, 0, 0, 4, 8.58
1700610731, 0, 80, 327, 312, 99, 6.47%, 0, 0, 4, 13.92
1700610803, 0, 83, 327, 311, 98, 6.47%, 0, 0, 4, 7.71
1700610848, 0, 83, 328, 312, 98, 6.48%, 0, 0, 4, 13.47
1700611012, 0, 83, 329, 313, 98, 6.50%, 0, 0, 4, 14.44
1700611482, 0, 83, 330, 314, 98, 6.51%, 0, 0, 4, 12.33
1700611616, 0, 83, 331, 315, 98, 6.51%, 0, 0, 4, 9.54
1700611662, 0, 89, 331, 314, 100, 6.51%, 0, 0, 4, 0.83
1700611703, 0, 89, 332, 315, 100, 6.51%, 0, 0, 4, 8.54
1700611790, 0, 89, 334, 317, 100, 6.52%, 0, 0, 4, 9.61
1700612348, 0, 92, 334, 316, 102, 6.52%, 0, 0, 4, 6.83
1700612696, 0, 92, 335, 317, 102, 6.56%, 0, 0, 4, 9.20
1700613143, 0, 92, 336, 318, 102, 6.56%, 0, 0, 4, 8.12
1700613286, 0, 100, 336, 317, 103, 6.56%, 0, 0, 4, 9.53
1700613368, 0, 100, 337, 318, 103, 6.56%, 0, 0, 4, 6.92
1700613682, 0, 100, 338, 319, 103, 6.56%, 0, 0, 4, 7.14
1700613717, 0, 101, 338, 318, 102, 6.56%, 0, 0, 4, 6.80
1700614112, 0, 101, 339, 319, 102, 6.57%, 0, 0, 4, 7.07
1700614164, 0, 106, 339, 318, 102, 6.57%, 0, 0, 4, 7.49
1700614379, 0, 106, 340, 319, 102, 6.59%, 0, 0, 4, 13.26
1700614384, 0, 106, 343, 322, 102, 6.60%, 0, 0, 4, 13.35
1700614594, 0, 106, 344, 323, 102, 6.60%, 0, 0, 4, 15.28
1700614860, 0, 106, 345, 324, 102, 6.61%, 0, 0, 4, 0.00
1700615055, 0, 117, 345, 323, 106, 6.61%, 0, 0, 4, 11.04
1700615070, 0, 117, 347, 325, 106, 6.64%, 0, 0, 4, 12.08
1700615127, 0, 117, 348, 326, 106, 6.65%, 0, 0, 4, 13.04
1700615194, 0, 117, 349, 327, 106, 6.65%, 0, 0, 4, 13.19
1700615255, 0, 117, 353, 331, 106, 6.68%, 0, 0, 4, 12.62
1700615260, 0, 117, 354, 332, 106, 6.70%, 0, 0, 4, 13.06
1700615789, 0, 119, 354, 331, 114, 6.70%, 0, 0, 4, 7.86
1700615799, 0, 119, 355, 332, 114, 6.70%, 0, 0, 4, 8.59
1700615804, 0, 119, 356, 333, 114, 6.70%, 0, 0, 4, 8.87
1700615907, 0, 119, 357, 334, 114, 6.70%, 0, 0, 4, 8.47
1700615917, 0, 119, 358, 335, 114, 6.72%, 0, 0, 4, 6.80
1700616568, 0, 119, 359, 336, 114, 6.73%, 0, 0, 4, 7.67
1700616701, 0, 119, 360, 337, 114, 6.73%, 0, 0, 4, 7.22
1700616731, 0, 119, 361, 338, 114, 6.73%, 0, 0, 4, 6.93
1700616803, 0, 128, 361, 337, 118, 6.73%, 0, 0, 4, 1.13
1700616808, 0, 128, 362, 338, 118, 6.73%, 0, 0, 4, 8.76
1700616973, 0, 135, 362, 337, 118, 6.73%, 0, 0, 4, 0.83
1700617358, 0, 135, 363, 338, 118, 6.73%, 0, 0, 4, 14.25
1700617726, 0, 135, 364, 339, 118, 6.74%, 0, 0, 4, 8.36
1700617767, 0, 141, 364, 338, 117, 6.74%, 0, 0, 4, 10.84
1700617865, 0, 141, 365, 339, 117, 6.75%, 0, 0, 4, 9.24
1700618563, 0, 141, 366, 340, 117, 6.75%, 0, 0, 4, 7.83
1700618619, 0, 146, 366, 339, 118, 6.75%, 0, 0, 4, 7.20
1700618691, 0, 146, 367, 340, 118, 6.75%, 0, 0, 4, 13.21
1700618819, 0, 146, 369, 342, 118, 6.76%, 0, 0, 4, 13.42
1700619387, 0, 146, 370, 343, 118, 6.78%, 0, 0, 4, 8.69
1700619434, 0, 153, 370, 342, 120, 6.78%, 0, 0, 4, 10.84
1700619449, 0, 153, 371, 343, 120, 6.78%, 0, 0, 4, 13.72
1700619596, 0, 153, 372, 344, 120, 6.79%, 0, 0, 4, 12.98
1700619913, 0, 159, 372, 343, 120, 6.79%, 0, 0, 4, 7.21
1700620133, 0, 159, 374, 345, 120, 6.80%, 0, 0, 4, 7.46
1700620138, 0, 159, 375, 346, 120, 6.87%, 0, 0, 4, 7.68
1700620329, 0, 159, 376, 347, 120, 6.87%, 0, 0, 4, 7.69
1700621074, 0, 159, 377, 348, 120, 6.88%, 0, 0, 4, 7.57
1700621518, 0, 159, 378, 349, 120, 6.88%, 0, 0, 4, 7.25
1700621523, 0, 159, 379, 350, 120, 6.88%, 0, 0, 4, 7.20
1700621528, 0, 159, 380, 351, 120, 6.88%, 0, 0, 4, 7.20
1700621538, 0, 159, 381, 352, 120, 6.88%, 0, 0, 4, 7.24
1700621559, 0, 159, 382, 353, 120, 6.88%, 0, 0, 4, 7.15
1700621569, 0, 159, 383, 354, 120, 6.88%, 0, 0, 4, 7.16
1700621574, 0, 159, 384, 355, 120, 6.88%, 0, 0, 4, 7.11
1700621610, 0, 159, 385, 356, 120, 6.89%, 0, 0, 4, 7.00
1700621625, 0, 159, 386, 357, 120, 6.89%, 0, 0, 4, 7.16
1700621636, 0, 159, 387, 358, 120, 6.89%, 0, 0, 4, 7.20
1700621646, 0, 159, 388, 359, 120, 6.91%, 0, 0, 4, 7.24
1700621692, 0, 159, 389, 360, 120, 6.91%, 0, 0, 4, 6.88
1700621718, 0, 159, 390, 361, 120, 6.91%, 0, 0, 4, 7.34
1700621739, 0, 159, 391, 362, 120, 7.07%, 0, 0, 4, 7.40
1700621759, 0, 159, 392, 363, 120, 7.08%, 0, 0, 4, 7.14
1700621800, 0, 159, 393, 364, 120, 7.08%, 0, 0, 4, 7.15
1700621806, 0, 159, 394, 365, 120, 7.08%, 0, 0, 4, 6.96
1700621842, 0, 159, 395, 366, 120, 7.08%, 0, 0, 4, 7.20
1700621867, 0, 159, 396, 367, 120, 7.08%, 0, 0, 4, 7.29
1700621903, 0, 159, 397, 368, 120, 7.08%, 0, 0, 4, 7.00
1700621960, 0, 159, 398, 369, 120, 7.08%, 0, 0, 4, 7.20
1700621981, 0, 159, 399, 370, 120, 7.08%, 0, 0, 4, 7.05
1700621991, 0, 159, 400, 371, 120, 7.08%, 0, 0, 4, 7.00
1700621996, 0, 159, 401, 372, 120, 7.09%, 0, 0, 4, 7.08
1700622007, 0, 159, 402, 373, 120, 7.09%, 0, 0, 4, 6.90
1700622037, 0, 159, 403, 374, 120, 7.09%, 0, 0, 4, 6.69
1700622053, 0, 160, 403, 373, 125, 7.09%, 0, 0, 4, 7.57
1700622965, 0, 163, 403, 372, 124, 7.09%, 0, 0, 4, 6.82
1700624253, 0, 163, 404, 373, 124, 7.14%, 0, 0, 4, 7.51
1700624919, 0, 163, 405, 374, 124, 7.14%, 0, 0, 4, 7.23
1700624924, 0, 163, 406, 375, 124, 7.14%, 0, 0, 4, 7.07
1700625002, 0, 163, 407, 376, 124, 7.14%, 0, 0, 4, 7.07
1700625043, 0, 163, 408, 377, 124, 7.14%, 0, 0, 4, 7.13
1700625089, 0, 163, 409, 378, 124, 7.15%, 0, 0, 4, 7.45
1700625136, 0, 163, 410, 379, 124, 7.15%, 0, 0, 4, 7.21
1700625192, 0, 163, 411, 380, 124, 7.15%, 0, 0, 4, 6.98
1700625301, 0, 163, 412, 381, 124, 7.15%, 0, 0, 4, 7.18
1700625367, 0, 163, 413, 382, 124, 7.15%, 0, 0, 4, 7.25
1700625404, 0, 163, 414, 383, 124, 7.15%, 0, 0, 4, 7.03
1700625500, 0, 163, 415, 384, 124, 7.16%, 0, 0, 4, 7.00
1700625537, 0, 163, 416, 385, 124, 7.16%, 0, 0, 4, 7.30
1700625629, 0, 164, 416, 384, 125, 7.16%, 0, 0, 4, 6.33
1700625805, 0, 164, 417, 385, 125, 7.16%, 0, 0, 4, 8.40
1700626819, 0, 164, 418, 386, 125, 7.16%, 0, 0, 4, 7.49
1700626850, 0, 164, 419, 387, 125, 7.16%, 0, 0, 4, 6.94
1700626860, 0, 164, 420, 388, 125, 7.16%, 0, 0, 4, 6.84
1700626998, 0, 166, 420, 387, 126, 7.16%, 0, 0, 4, 7.08
1700627024, 0, 166, 421, 388, 126, 7.16%, 0, 0, 4, 8.64
1700627076, 0, 166, 422, 389, 126, 7.17%, 0, 0, 4, 8.39
1700627081, 0, 166, 423, 390, 126, 7.18%, 0, 0, 4, 8.61
1700627158, 0, 171, 423, 389, 127, 7.18%, 0, 0, 4, 8.10
1700627184, 0, 171, 424, 390, 127, 7.18%, 0, 0, 4, 8.65
1700627297, 0, 171, 425, 391, 127, 7.18%, 0, 0, 4, 7.13
1700627338, 0, 171, 426, 392, 127, 7.18%, 0, 0, 4, 7.46
1700627410, 0, 171, 427, 393, 127, 7.18%, 0, 0, 4, 7.60
1700627420, 0, 171, 428, 394, 127, 7.18%, 0, 0, 4, 7.56
1700627446, 0, 171, 429, 395, 127, 7.18%, 0, 0, 4, 7.18
1700627487, 0, 171, 430, 396, 127, 7.18%, 0, 0, 4, 7.42
1700627538, 0, 171, 431, 397, 127, 7.18%, 0, 0, 4, 7.32
1700627564, 0, 171, 432, 398, 127, 7.18%, 0, 0, 4, 7.09
1700627631, 0, 171, 433, 399, 127, 7.18%, 0, 0, 4, 7.42
1700627991, 0, 173, 433, 398, 126, 7.18%, 0, 0, 4, 8.69
1700628478, 0, 175, 433, 397, 125, 7.18%, 0, 0, 4, 6.76
1700628668, 0, 177, 433, 396, 124, 7.18%, 0, 0, 4, 6.33
1700629181, 0, 177, 434, 397, 124, 7.18%, 0, 0, 4, 7.19
1700629222, 0, 177, 435, 398, 124, 7.25%, 0, 0, 4, 7.37
1700629294, 0, 177, 436, 399, 124, 7.29%, 0, 0, 4, 7.14
1700629315, 0, 177, 437, 400, 124, 7.29%, 0, 0, 4, 7.09
1700629320, 0, 177, 438, 401, 124, 7.30%, 0, 0, 4, 7.70
1700629330, 0, 177, 439, 402, 124, 7.30%, 0, 0, 4, 7.29
1700629351, 0, 177, 440, 403, 124, 7.30%, 0, 0, 4, 7.43
1700629417, 0, 177, 441, 404, 124, 7.30%, 0, 0, 4, 7.01
1700629458, 0, 177, 442, 405, 124, 7.30%, 0, 0, 4, 7.16
1700629484, 0, 177, 443, 406, 124, 7.30%, 0, 0, 4, 7.21
1700629562, 0, 177, 444, 407, 124, 7.30%, 0, 0, 4, 7.17
1700629598, 0, 177, 445, 408, 124, 7.30%, 0, 0, 4, 6.70
1700629635, 0, 177, 446, 409, 124, 7.30%, 0, 0, 4, 6.93
1700629655, 0, 177, 447, 410, 124, 7.30%, 0, 0, 4, 7.14
1700629784, 0, 177, 448, 411, 124, 7.31%, 0, 0, 4, 7.06
1700629856, 0, 177, 449, 412, 124, 7.32%, 0, 0, 4, 7.10
1700629861, 0, 177, 450, 413, 124, 7.32%, 0, 0, 4, 7.20
1700629866, 0, 177, 451, 414, 124, 7.32%, 0, 0, 4, 7.33
1700629970, 0, 177, 452, 415, 124, 7.33%, 0, 0, 4, 6.85
1700630001, 0, 177, 453, 416, 124, 7.33%, 0, 0, 4, 7.03
1700630047, 0, 177, 454, 417, 124, 7.33%, 0, 0, 4, 7.17
1700630145, 0, 178, 455, 417, 127, 7.33%, 0, 0, 4, 7.21
1700630216, 0, 178, 456, 418, 127, 7.33%, 0, 0, 4, 8.68
1700631281, 0, 178, 457, 419, 127, 7.34%, 0, 0, 4, 8.67
1700631505, 0, 178, 458, 420, 127, 7.39%, 0, 0, 4, 8.85
1700631818, 0, 178, 459, 421, 127, 7.39%, 0, 0, 4, 7.51
1700631833, 0, 178, 460, 422, 127, 7.39%, 0, 0, 4, 7.82
1700631849, 0, 178, 462, 424, 127, 7.39%, 0, 0, 4, 7.71
1700631874, 0, 178, 463, 425, 127, 7.39%, 0, 0, 4, 7.86
1700631889, 0, 178, 464, 426, 127, 7.40%, 0, 0, 4, 7.92
1700631894, 0, 178, 465, 427, 127, 7.40%, 0, 0, 4, 7.78
1700631899, 0, 178, 466, 428, 127, 7.40%, 0, 0, 4, 7.86
1700631914, 0, 178, 467, 429, 127, 7.40%, 0, 0, 4, 7.82
1700631986, 0, 178, 468, 430, 127, 7.41%, 0, 0, 4, 7.54
1700631991, 0, 178, 469, 431, 127, 7.41%, 0, 0, 4, 7.52
1700632017, 0, 178, 470, 432, 127, 7.42%, 0, 0, 4, 8.22
1700632042, 0, 178, 471, 433, 127, 7.42%, 0, 0, 4, 7.72
1700632073, 0, 178, 472, 434, 127, 7.42%, 0, 0, 4, 7.78
1700632115, 0, 178, 473, 435, 127, 7.42%, 0, 0, 4, 7.85
1700632140, 0, 178, 474, 436, 127, 7.42%, 0, 0, 4, 7.81
1700632151, 0, 178, 475, 437, 127, 7.42%, 0, 0, 4, 7.75
1700632187, 0, 178, 476, 438, 127, 7.43%, 0, 0, 4, 7.55
1700632335, 0, 178, 477, 439, 127, 7.43%, 0, 0, 4, 7.71
1700632340, 0, 178, 478, 440, 127, 7.43%, 0, 0, 4, 7.86
1700632371, 0, 178, 479, 441, 127, 7.43%, 0, 0, 4, 7.71
1700632464, 0, 178, 480, 442, 127, 7.43%, 0, 0, 4, 7.62
1700632469, 0, 178, 481, 443, 127, 7.43%, 0, 0, 4, 7.86
1700632577, 0, 178, 482, 444, 127, 7.43%, 0, 0, 4, 7.94
1700632608, 0, 178, 483, 445, 127, 7.43%, 0, 0, 4, 7.58
1700632618, 0, 178, 484, 446, 127, 7.43%, 0, 0, 4, 7.86
1700632649, 0, 178, 485, 447, 127, 7.43%, 0, 0, 4, 8.07
1700632659, 0, 178, 486, 448, 127, 7.43%, 0, 0, 4, 7.75
1700632674, 0, 179, 486, 447, 132, 7.43%, 0, 0, 4, 4.08
1700633023, 0, 179, 487, 448, 132, 7.43%, 0, 0, 4, 7.20
1700633069, 0, 180, 487, 447, 131, 7.43%, 0, 0, 4, 7.15
1700633115, 0, 182, 487, 446, 130, 7.43%, 0, 0, 4, 6.53
1700633208, 0, 182, 488, 447, 130, 7.43%, 0, 0, 4, 7.03
