# unix_time, cycles_done, cur_path, paths_total, pending_total, pending_favs, map_size, unique_crashes, unique_hangs, max_depth, execs_per_sec
1700779631, 0, 0, 1, 1, 1, 1.60%, 0, 0, 1, 8.93
1700779636, 0, 0, 4, 4, 1, 3.21%, 0, 0, 2, 15.06
1700779642, 0, 0, 7, 7, 1, 3.25%, 0, 0, 2, 26.09
1700779647, 0, 0, 13, 13, 1, 3.28%, 0, 0, 2, 27.83
1700779652, 0, 0, 19, 19, 1, 3.34%, 0, 0, 2, 28.75
1700779672, 0, 0, 20, 20, 1, 3.35%, 0, 0, 2, 26.04
1700779677, 0, 0, 22, 22, 1, 3.37%, 0, 0, 2, 21.06
1700779682, 0, 0, 25, 25, 1, 3.37%, 0, 0, 2, 29.11
1700779687, 0, 0, 27, 27, 1, 3.39%, 0, 0, 2, 29.61
1700779713, 0, 0, 30, 30, 1, 3.40%, 0, 0, 2, 19.24
1700779718, 0, 0, 33, 33, 1, 3.40%, 0, 0, 2, 25.54
1700779723, 0, 0, 34, 34, 1, 3.40%, 0, 0, 2, 29.19
1700779744, 0, 0, 35, 35, 1, 3.40%, 0, 0, 2, 28.34
1700779749, 0, 0, 36, 36, 1, 3.42%, 0, 0, 2, 27.59
1700779754, 0, 0, 38, 38, 1, 3.43%, 0, 0, 2, 23.28
1700779764, 0, 0, 39, 39, 1, 3.43%, 0, 0, 2, 16.24
1700779779, 0, 0, 40, 40, 1, 3.44%, 0, 0, 2, 26.20
1700779810, 0, 0, 46, 46, 1, 3.46%, 0, 0, 2, 31.27
1700779830, 0, 0, 48, 48, 1, 3.47%, 0, 0, 2, 28.65
1700779835, 0, 0, 49, 49, 1, 3.47%, 0, 0, 2, 30.78
1700780264, 0, 0, 54, 54, 1, 3.58%, 0, 0, 2, 19.66
1700780269, 0, 0, 57, 57, 1, 3.58%, 0, 0, 2, 25.26
1700780274, 0, 0, 58, 58, 1, 3.58%, 0, 0, 2, 28.31
1700780284, 0, 0, 63, 63, 1, 3.72%, 0, 0, 2, 18.09
1700780290, 0, 0, 65, 65, 1, 3.74%, 0, 0, 2, 16.05
1700780305, 0, 0, 66, 66, 1, 3.74%, 0, 0, 2, 31.95
1700780356, 0, 0, 71, 71, 1, 3.80%, 0, 0, 2, 21.36
1700780361, 0, 0, 72, 72, 1, 3.81%, 0, 0, 2, 17.71
1700780366, 0, 0, 73, 73, 1, 3.81%, 0, 0, 2, 16.78
1700780494, 0, 0, 80, 80, 1, 4.10%, 0, 0, 2, 13.91
1700780499, 0, 0, 86, 86, 1, 4.19%, 0, 0, 2, 13.48
1700780504, 0, 0, 93, 93, 1, 4.22%, 0, 0, 2, 14.38
1700780509, 0, 0, 101, 101, 1, 4.25%, 0, 0, 2, 14.81
1700780515, 0, 0, 108, 108, 1, 4.25%, 0, 0, 2, 13.68
1700780520, 0, 0, 114, 114, 1, 4.31%, 0, 0, 2, 14.34
1700780525, 0, 0, 119, 119, 1, 4.32%, 0, 0, 2, 12.60
1700780530, 0, 0, 124, 124, 1, 4.37%, 0, 0, 2, 14.22
1700780535, 0, 0, 128, 128, 1, 4.37%, 0, 0, 2, 12.25
1700780540, 0, 0, 131, 131, 1, 4.38%, 0, 0, 2, 13.46
1700780545, 0, 0, 136, 136, 1, 4.39%, 0, 0, 2, 15.61
1700780550, 0, 0, 141, 141, 1, 4.39%, 0, 0, 2, 13.35
1700780556, 0, 0, 145, 145, 1, 4.40%, 0, 0, 2, 13.68
1700780561, 0, 0, 149, 149, 1, 4.40%, 0, 0, 2, 16.12
1700780566, 0, 0, 152, 152, 1, 4.41%, 0, 0, 2, 14.12
1700780571, 0, 0, 155, 155, 1, 4.41%, 0, 0, 2, 15.97
1700780576, 0, 0, 158, 158, 1, 4.46%, 0, 0, 2, 15.77
1700780581, 0, 0, 162, 162, 1, 4.47%, 0, 0, 2, 13.84
1700780586, 0, 0, 167, 167, 1, 4.50%, 0, 0, 2, 14.65
1700780591, 0, 0, 169, 169, 1, 4.54%, 0, 0, 2, 14.33
1700780596, 0, 0, 174, 174, 1, 4.54%, 0, 0, 2, 13.30
1700780601, 0, 0, 178, 178, 1, 4.73%, 0, 0, 2, 15.50
1700780607, 0, 0, 180, 180, 1, 4.74%, 0, 0, 2, 14.05
1700780612, 0, 0, 182, 182, 1, 4.74%, 0, 0, 2, 16.88
1700780617, 0, 0, 186, 186, 1, 4.76%, 0, 0, 2, 15.84
1700780622, 0, 0, 190, 190, 1, 4.80%, 0, 0, 2, 14.75
1700780627, 0, 0, 193, 193, 1, 4.80%, 0, 0, 2, 15.21
1700780632, 0, 0, 197, 197, 1, 4.81%, 0, 0, 2, 14.89
1700780637, 0, 0, 198, 198, 1, 4.81%, 0, 0, 2, 14.62
1700780642, 0, 0, 200, 200, 1, 4.82%, 0, 0, 2, 13.66
1700780647, 0, 0, 204, 204, 1, 4.82%, 0, 0, 2, 14.31
1700780652, 0, 0, 206, 206, 1, 4.83%, 0, 0, 2, 15.77
1700780658, 0, 0, 210, 210, 1, 4.84%, 0, 0, 2, 14.15
1700780663, 0, 0, 213, 213, 1, 4.84%, 0, 0, 2, 13.12
1700780673, 0, 0, 214, 214, 1, 4.84%, 0, 0, 2, 16.03
1700780678, 0, 0, 217, 217, 1, 4.84%, 0, 0, 2, 16.25
1700780683, 0, 0, 220, 220, 1, 4.90%, 0, 0, 2, 17.66
1700780688, 0, 0, 221, 221, 1, 4.90%, 0, 0, 2, 16.72
1700780693, 0, 0, 222, 222, 1, 4.90%, 0, 0, 2, 17.37
1700780699, 0, 0, 224, 224, 1, 4.91%, 0, 0, 2, 17.39
1700780704, 0, 0, 225, 225, 1, 4.91%, 0, 0, 2, 16.66
1700780709, 0, 0, 226, 226, 1, 4.91%, 0, 0, 2, 18.24
1700780714, 0, 0, 228, 228, 1, 4.97%, 0, 0, 2, 15.29
1700780719, 0, 0, 231, 231, 1, 4.98%, 0, 0, 2, 17.08
1700780729, 0, 0, 233, 233, 1, 4.98%, 0, 0, 2, 17.04
1700780739, 0, 0, 234, 234, 1, 4.99%, 0, 0, 2, 17.16
1700780745, 0, 0, 236, 236, 1, 4.99%, 0, 0, 2, 16.38
1700780750, 0, 0, 238, 238, 1, 4.99%, 0, 0, 2, 14.01
1700780755, 0, 0, 241, 241, 1, 4.99%, 0, 0, 2, 15.50
1700780760, 0, 0, 242, 242, 1, 4.99%, 0, 0, 2, 16.64
1700780765, 0, 0, 243, 243, 1, 4.99%, 0, 0, 2, 17.15
1700780770, 0, 0, 244, 244, 1, 4.99%, 0, 0, 2, 16.68
1700780780, 0, 0, 245, 245, 1, 4.99%, 0, 0, 2, 16.94
1700780785, 0, 0, 246, 246, 1, 4.99%, 0, 0, 2, 16.40
1700780791, 0, 0, 249, 249, 1, 5.00%, 0, 0, 2, 14.38
1700780801, 0, 12, 250, 246, 82, 5.00%, 0, 0, 2, 27.88
1700780806, 0, 38, 250, 242, 78, 5.00%, 0, 0, 2, 27.20
1700780857, 0, 38, 251, 243, 78, 5.00%, 0, 0, 3, 14.06
1700780996, 0, 38, 252, 244, 78, 5.00%, 0, 0, 3, 14.11
1700781078, 0, 38, 254, 246, 78, 5.00%, 0, 0, 3, 14.12
1700782427, 0, 38, 255, 247, 78, 5.00%, 0, 0, 3, 14.28
1700782432, 0, 38, 257, 249, 78, 5.00%, 0, 0, 3, 14.30
1700782437, 0, 38, 258, 250, 78, 5.02%, 0, 0, 3, 14.15
1700782442, 0, 38, 259, 251, 78, 5.02%, 0, 0, 3, 14.49
1700782448, 0, 38, 261, 253, 78, 5.02%, 0, 0, 3, 13.16
1700782453, 0, 38, 264, 256, 78, 5.03%, 0, 0, 3, 14.00
1700782458, 0, 38, 265, 257, 78, 5.03%, 0, 0, 3, 13.04
1700782468, 0, 38, 266, 258, 78, 5.03%, 0, 0, 3, 13.53
1700782473, 0, 38, 268, 260, 78, 5.03%, 0, 0, 3, 14.55
1700782478, 0, 38, 269, 261, 78, 5.03%, 0, 0, 3, 13.41
1700782483, 0, 38, 270, 262, 78, 5.04%, 0, 0, 3, 14.41
1700782489, 0, 38, 271, 263, 78, 5.04%, 0, 0, 3, 13.64
1700782514, 0, 38, 272, 264, 78, 5.04%, 0, 0, 3, 13.39
1700782520, 0, 38, 274, 266, 78, 5.05%, 0, 0, 3, 13.05
1700782530, 0, 38, 275, 267, 78, 5.05%, 0, 0, 3, 12.95
1700782540, 0, 38, 276, 268, 78, 5.05%, 0, 0, 3, 13.45
1700782545, 0, 38, 277, 269, 78, 5.05%, 0, 0, 3, 14.17
1700782556, 0, 38, 279, 271, 78, 5.05%, 0, 0, 3, 13.30
1700782576, 0, 38, 280, 272, 78, 5.05%, 0, 0, 3, 14.02
1700782581, 0, 38, 281, 273, 78, 5.05%, 0, 0, 3, 13.99
1700782591, 0, 38, 282, 274, 78, 5.05%, 0, 0, 3, 13.29
1700782597, 0, 38, 283, 275, 78, 5.05%, 0, 0, 3, 13.39
1700782607, 0, 38, 284, 276, 78, 5.06%, 0, 0, 3, 14.25
1700782627, 0, 38, 285, 277, 78, 5.06%, 0, 0, 3, 15.11
1700782632, 0, 38, 286, 278, 78, 5.06%, 0, 0, 3, 13.66
1700782648, 0, 38, 287, 279, 78, 5.06%, 0, 0, 3, 13.15
1700782658, 0, 38, 288, 280, 78, 5.06%, 0, 0, 3, 13.78
1700782663, 0, 38, 289, 281, 78, 5.06%, 0, 0, 3, 13.81
1700782668, 0, 38, 292, 284, 78, 5.08%, 0, 0, 3, 13.58
1700782674, 0, 38, 293, 285, 78, 5.09%, 0, 0, 3, 13.52
1700782689, 0, 39, 293, 284, 89, 5.09%, 0, 0, 3, 20.82
1700782694, 0, 39, 294, 285, 89, 5.09%, 0, 0, 3, 29.85
1700782700, 0, 39, 299, 290, 89, 5.09%, 0, 0, 3, 29.58
1700782761, 0, 39, 300, 291, 89, 5.09%, 0, 0, 3, 29.93
1700783475, 0, 39, 301, 292, 89, 5.09%, 0, 0, 3, 23.17
1700783480, 0, 39, 302, 293, 89, 5.10%, 0, 0, 3, 19.73
1700783485, 0, 39, 304, 295, 89, 5.10%, 0, 0, 3, 21.60
1700783490, 0, 39, 305, 296, 89, 5.10%, 0, 0, 3, 19.16
1700783495, 0, 39, 306, 297, 89, 5.10%, 0, 0, 3, 19.09
1700783500, 0, 39, 307, 298, 89, 5.10%, 0, 0, 3, 19.49
1700783511, 0, 39, 310, 301, 89, 5.11%, 0, 0, 3, 19.75
1700783526, 0, 39, 313, 304, 89, 5.11%, 0, 0, 3, 18.78
1700783531, 0, 39, 314, 305, 89, 5.11%, 0, 0, 3, 19.53
1700783536, 0, 39, 316, 307, 89, 5.11%, 0, 0, 3, 19.65
1700783547, 0, 39, 317, 308, 89, 5.11%, 0, 0, 3, 17.01
1700783557, 0, 39, 318, 309, 89, 5.11%, 0, 0, 3, 19.65
1700783567, 0, 39, 320, 311, 89, 5.11%, 0, 0, 3, 17.62
1700783572, 0, 39, 321, 312, 89, 5.12%, 0, 0, 3, 18.27
1700783582, 0, 39, 322, 313, 89, 5.12%, 0, 0, 3, 17.09
1700783593, 0, 39, 323, 314, 89, 5.12%, 0, 0, 3, 18.63
1700783603, 0, 39, 324, 315, 89, 5.12%, 0, 0, 3, 16.52
1700783613, 0, 41, 325, 315, 89, 5.12%, 0, 0, 3, 20.39
1700783623, 0, 41, 326, 316, 89, 5.12%, 0, 0, 3, 30.88
1700784401, 0, 41, 327, 317, 89, 5.12%, 0, 0, 3, 22.15
1700784406, 0, 41, 328, 318, 89, 5.12%, 0, 0, 3, 17.42
1700784411, 0, 41, 329, 319, 89, 5.12%, 0, 0, 3, 15.89
1700784416, 0, 41, 331, 321, 89, 5.13%, 0, 0, 3, 17.34
1700784421, 0, 41, 332, 322, 89, 5.13%, 0, 0, 3, 16.10
1700784426, 0, 41, 333, 323, 89, 5.13%, 0, 0, 3, 18.46
1700784442, 0, 41, 335, 325, 89, 5.13%, 0, 0, 3, 17.80
1700784447, 0, 41, 336, 326, 89, 5.13%, 0, 0, 3, 18.59
1700784452, 0, 41, 338, 328, 89, 5.13%, 0, 0, 3, 19.70
1700784457, 0, 41, 339, 329, 89, 5.13%, 0, 0, 3, 20.27
1700784462, 0, 41, 340, 330, 89, 5.13%, 0, 0, 3, 19.76
1700784467, 0, 41, 341, 331, 89, 5.13%, 0, 0, 3, 19.00
1700784473, 0, 41, 343, 333, 89, 5.13%, 0, 0, 3, 18.64
1700784483, 0, 41, 345, 335, 89, 5.13%, 0, 0, 3, 17.83
1700784508, 0, 41, 346, 336, 89, 5.13%, 0, 0, 3, 18.07
1700784513, 0, 41, 347, 337, 89, 5.13%, 0, 0, 3, 16.76
1700784518, 0, 41, 349, 339, 89, 5.14%, 0, 0, 3, 19.70
1700784524, 0, 41, 350, 340, 89, 5.14%, 0, 0, 3, 18.91
1700784529, 0, 41, 351, 341, 89, 5.14%, 0, 0, 3, 16.82
1700784534, 0, 41, 352, 342, 89, 5.15%, 0, 0, 3, 17.76
1700784544, 0, 42, 352, 341, 96, 5.15%, 0, 0, 3, 21.70
1700784549, 0, 67, 352, 337, 92, 5.15%, 0, 0, 3, 24.12
1700784554, 0, 68, 352, 336, 91, 5.15%, 0, 0, 3, 16.58
1700784559, 0, 70, 352, 334, 89, 5.15%, 0, 0, 3, 15.73
1700784565, 0, 82, 352, 332, 87, 5.15%, 0, 0, 3, 16.01
1700784570, 0, 82, 358, 338, 87, 5.15%, 0, 0, 3, 17.56
1700784575, 0, 82, 360, 340, 87, 5.15%, 0, 0, 3, 18.31
1700784626, 0, 82, 361, 341, 87, 5.16%, 0, 0, 3, 18.09
1700784667, 0, 82, 362, 342, 87, 5.19%, 0, 0, 3, 18.33
1700784672, 0, 82, 363, 343, 87, 5.19%, 0, 0, 3, 18.18
1700784677, 0, 82, 365, 345, 87, 5.21%, 0, 0, 3, 18.37
1700784682, 0, 82, 367, 347, 87, 5.21%, 0, 0, 3, 18.37
1700784688, 0, 82, 368, 348, 87, 5.21%, 0, 0, 3, 18.50
1700784698, 0, 82, 371, 351, 87, 5.21%, 0, 0, 3, 18.40
1700784703, 0, 82, 373, 353, 87, 5.21%, 0, 0, 3, 18.45
1700784708, 0, 82, 374, 354, 87, 5.21%, 0, 0, 3, 18.93
1700785045, 0, 82, 375, 355, 87, 5.21%, 0, 0, 3, 19.04
1700785076, 0, 82, 376, 356, 87, 5.21%, 0, 0, 3, 17.63
1700785184, 0, 82, 378, 358, 87, 5.25%, 0, 0, 3, 19.87
1700785302, 0, 82, 379, 359, 87, 5.25%, 0, 0, 3, 16.29
1700785307, 0, 82, 380, 360, 87, 5.25%, 0, 0, 3, 15.30
1700785317, 0, 82, 381, 361, 87, 5.25%, 0, 0, 3, 15.59
1700785322, 0, 82, 382, 362, 87, 5.26%, 0, 0, 3, 16.09
1700785327, 0, 82, 385, 365, 87, 5.26%, 0, 0, 3, 16.10
1700785337, 0, 82, 386, 366, 87, 5.26%, 0, 0, 3, 16.40
1700785342, 0, 82, 387, 367, 87, 5.26%, 0, 0, 3, 15.93
1700785353, 0, 82, 388, 368, 87, 5.26%, 0, 0, 3, 15.19
1700785358, 0, 82, 389, 369, 87, 5.26%, 0, 0, 3, 16.05
1700785368, 0, 82, 390, 370, 87, 5.26%, 0, 0, 3, 15.69
1700785388, 0, 82, 391, 371, 87, 5.27%, 0, 0, 3, 14.86
1700785409, 0, 82, 392, 372, 87, 5.31%, 0, 0, 3, 14.62
1700785414, 0, 82, 393, 373, 87, 5.32%, 0, 0, 3, 14.42
1700785440, 0, 82, 394, 374, 87, 5.32%, 0, 0, 3, 14.98
1700785445, 0, 82, 395, 375, 87, 5.32%, 0, 0, 3, 14.69
1700785450, 0, 82, 396, 376, 87, 5.33%, 0, 0, 3, 14.77
1700785460, 0, 82, 397, 377, 87, 5.33%, 0, 0, 3, 15.28
1700785466, 0, 82, 398, 378, 87, 5.38%, 0, 0, 3, 15.24
1700785512, 0, 82, 399, 379, 87, 5.38%, 0, 0, 3, 13.47
1700785527, 0, 83, 399, 378, 101, 5.38%, 0, 0, 3, 16.13
1700785885, 0, 83, 400, 379, 101, 5.38%, 0, 0, 3, 13.16
1700785925, 0, 93, 400, 378, 101, 5.38%, 0, 0, 3, 13.94
1700786655, 0, 93, 401, 379, 101, 5.41%, 0, 0, 3, 14.77
1700786763, 0, 93, 402, 380, 101, 5.41%, 0, 0, 3, 12.92
1700786778, 0, 93, 403, 381, 101, 5.41%, 0, 0, 3, 12.50
1700786788, 0, 93, 404, 382, 101, 5.41%, 0, 0, 3, 12.78
1700786803, 0, 93, 405, 383, 101, 5.42%, 0, 0, 3, 12.60
1700786808, 0, 93, 406, 384, 101, 5.42%, 0, 0, 3, 13.20
1700786814, 0, 93, 407, 385, 101, 5.42%, 0, 0, 3, 12.51
1700786844, 0, 93, 408, 386, 101, 5.42%, 0, 0, 3, 13.58
1700786896, 0, 93, 409, 387, 101, 5.43%, 0, 0, 3, 12.17
1700786911, 0, 93, 410, 388, 101, 5.43%, 0, 0, 3, 12.63
1700786921, 0, 93, 411, 389, 101, 5.43%, 0, 0, 3, 12.75
1700786968, 0, 93, 412, 390, 101, 5.43%, 0, 0, 3, 12.46
1700786978, 0, 93, 413, 391, 101, 5.43%, 0, 0, 3, 12.63
1700786993, 0, 93, 414, 392, 101, 5.43%, 0, 0, 3, 12.84
1700787014, 0, 93, 415, 393, 101, 5.43%, 0, 0, 3, 12.94
1700787024, 0, 93, 417, 395, 101, 5.43%, 0, 0, 3, 13.81
1700787029, 0, 105, 417, 394, 105, 5.43%, 0, 0, 3, 12.02
1700787147, 0, 122, 417, 393, 104, 5.43%, 0, 0, 3, 11.49
1700787301, 0, 122, 418, 394, 104, 5.46%, 0, 0, 3, 16.95
1700787516, 0, 127, 418, 393, 104, 5.46%, 0, 0, 3, 13.52
1700787526, 0, 127, 419, 394, 104, 5.46%, 0, 0, 3, 11.75
1700787532, 0, 127, 420, 395, 104, 5.46%, 0, 0, 3, 11.59
1700787537, 0, 127, 421, 396, 104, 5.46%, 0, 0, 3, 11.27
1700787542, 0, 127, 422, 397, 104, 5.46%, 0, 0, 3, 10.90
1700787583, 0, 127, 423, 398, 104, 5.46%, 0, 0, 3, 10.74
1700787588, 0, 127, 424, 399, 104, 5.46%, 0, 0, 3, 11.43
1700787603, 0, 127, 425, 400, 104, 5.46%, 0, 0, 3, 11.19
1700787624, 0, 127, 426, 401, 104, 5.47%, 0, 0, 3, 11.50
1700787629, 0, 127, 427, 402, 104, 5.47%, 0, 0, 3, 11.10
1700787640, 0, 127, 428, 403, 104, 5.47%, 0, 0, 3, 11.47
1700787712, 0, 127, 429, 404, 104, 5.47%, 0, 0, 3, 11.42
1700787722, 0, 127, 430, 405, 104, 5.47%, 0, 0, 3, 11.41
1700787727, 0, 127, 431, 406, 104, 5.47%, 0, 0, 3, 11.32
1700787748, 0, 137, 431, 405, 105, 5.47%, 0, 0, 3, 11.48
1700787839, 0, 137, 432, 406, 105, 5.49%, 0, 0, 3, 12.62
1700788233, 0, 137, 433, 407, 105, 5.50%, 0, 0, 3, 11.54
1700788567, 0, 137, 434, 408, 105, 5.51%, 0, 0, 3, 13.24
1700789147, 0, 137, 435, 409, 105, 5.51%, 0, 0, 3, 12.18
1700789557, 0, 137, 436, 410, 105, 5.51%, 0, 0, 3, 12.74
1700789578, 0, 146, 436, 409, 107, 5.51%, 0, 0, 3, 13.13
1700789588, 0, 146, 437, 410, 107, 5.54%, 0, 0, 3, 29.73
1700789742, 0, 146, 441, 414, 107, 5.57%, 0, 0, 3, 32.60
1700789992, 0, 146, 442, 415, 107, 5.57%, 0, 0, 3, 27.71
1700790033, 0, 146, 443, 416, 107, 5.57%, 0, 0, 3, 20.19
1700790100, 0, 146, 444, 417, 107, 5.57%, 0, 0, 3, 23.44
1700790105, 0, 146, 445, 418, 107, 5.57%, 0, 0, 3, 20.12
1700790120, 0, 149, 445, 417, 112, 5.57%, 0, 0, 3, 15.51
1700790494, 0, 160, 445, 415, 110, 5.57%, 0, 0, 3, 11.37
1700790499, 0, 160, 446, 416, 110, 5.58%, 0, 0, 3, 10.93
1700790515, 0, 160, 447, 417, 110, 5.59%, 0, 0, 3, 10.95
1700790520, 0, 160, 448, 418, 110, 5.59%, 0, 0, 3, 11.12
1700790606, 0, 162, 448, 416, 111, 5.59%, 0, 0, 3, 11.76
1700790643, 0, 162, 449, 417, 111, 5.59%, 0, 0, 3, 12.62
1700791483, 0, 162, 450, 418, 111, 5.60%, 0, 0, 3, 13.45
1700791493, 0, 168, 450, 417, 112, 5.60%, 0, 0, 3, 14.49
1700791560, 0, 168, 451, 418, 112, 5.60%, 0, 0, 3, 14.54
1700791714, 0, 168, 452, 419, 112, 5.60%, 0, 0, 3, 14.19
1700792962, 0, 169, 452, 418, 111, 5.60%, 0, 0, 3, 14.95
1700794376, 0, 169, 453, 419, 111, 5.60%, 0, 0, 3, 17.46
1700794723, 0, 175, 453, 417, 108, 5.60%, 0, 0, 3, 14.05
1700794733, 0, 175, 454, 418, 108, 5.61%, 0, 0, 3, 19.00
1700794835, 0, 175, 455, 419, 108, 5.61%, 0, 0, 3, 19.11
1700794855, 0, 175, 457, 421, 108, 5.66%, 0, 0, 3, 19.31
1700795054, 0, 175, 458, 422, 108, 5.67%, 0, 0, 3, 18.94
1700795407, 0, 175, 459, 423, 108, 5.67%, 0, 0, 3, 20.23
1700795545, 0, 179, 459, 422, 112, 5.67%, 0, 0, 3, 14.15
1700795576, 0, 179, 460, 423, 112, 5.67%, 0, 0, 3, 15.04
1700795898, 0, 179, 461, 424, 112, 5.67%, 0, 0, 3, 15.48
1700795959, 0, 179, 462, 425, 112, 5.67%, 0, 0, 3, 15.17
1700795974, 0, 179, 463, 426, 112, 5.67%, 0, 0, 3, 15.34
1700795984, 0, 179, 464, 427, 112, 5.67%, 0, 0, 3, 14.37
1700796605, 0, 187, 466, 428, 111, 5.68%, 0, 0, 3, 17.89
1700796610, 0, 187, 467, 429, 111, 5.69%, 0, 0, 3, 20.90
1700796621, 0, 187, 468, 430, 111, 5.69%, 0, 0, 3, 20.22
1700796991, 0, 187, 469, 431, 111, 5.69%, 0, 0, 3, 21.61
1700797037, 0, 188, 469, 430, 115, 5.69%, 0, 0, 3, 13.60
1700798472, 0, 193, 469, 429, 115, 5.69%, 0, 0, 3, 11.74
1700798492, 0, 193, 470, 430, 115, 5.69%, 0, 0, 3, 11.21
1700798544, 0, 193, 471, 431, 115, 5.70%, 0, 0, 3, 11.55
1700798549, 0, 193, 472, 432, 115, 5.70%, 0, 0, 3, 11.56
1700798903, 0, 202, 472, 431, 116, 5.70%, 0, 0, 3, 13.33
1700798923, 0, 202, 474, 433, 116, 5.70%, 0, 0, 3, 15.37
1700798929, 0, 202, 475, 434, 116, 5.70%, 0, 0, 3, 15.95
1700798939, 0, 202, 476, 435, 116, 5.70%, 0, 0, 3, 15.18
1700798959, 0, 202, 477, 436, 116, 5.71%, 0, 0, 3, 15.29
1700799108, 0, 202, 478, 437, 116, 5.71%, 0, 0, 3, 15.48
1700799226, 0, 202, 479, 438, 116, 5.71%, 0, 0, 3, 15.06
1700801358, 0, 202, 480, 439, 116, 5.71%, 0, 0, 3, 14.95
1700801363, 0, 202, 482, 441, 116, 5.71%, 0, 0, 3, 14.26
1700801368, 0, 202, 484, 443, 116, 5.71%, 0, 0, 3, 14.66
1700801373, 0, 202, 486, 445, 116, 5.71%, 0, 0, 3, 15.16
1700801378, 0, 202, 488, 447, 116, 5.71%, 0, 0, 3, 15.17
1700801383, 0, 202, 489, 448, 116, 5.71%, 0, 0, 3, 14.95
1700801388, 0, 202, 490, 449, 116, 5.71%, 0, 0, 3, 15.17
1700801399, 0, 202, 492, 451, 116, 5.71%, 0, 0, 3, 15.22
1700801465, 0, 202, 493, 452, 116, 5.71%, 0, 0, 3, 14.81
1700801476, 0, 202, 494, 453, 116, 5.71%, 0, 0, 3, 15.30
1700801542, 0, 202, 495, 454, 116, 5.71%, 0, 0, 3, 14.68
1700801563, 0, 202, 497, 456, 116, 5.77%, 0, 0, 3, 14.61
1700801584, 0, 204, 500, 458, 120, 5.77%, 0, 0, 3, 17.53
1700801594, 0, 204, 501, 459, 120, 5.77%, 0, 0, 3, 18.77
1700801619, 0, 204, 503, 461, 120, 5.77%, 0, 0, 3, 19.11
1700801629, 0, 204, 504, 462, 120, 5.77%, 0, 0, 3, 19.09
1700801706, 0, 204, 505, 463, 120, 5.77%, 0, 0, 3, 19.55
1700801788, 0, 207, 505, 462, 122, 5.77%, 0, 0, 3, 13.16
1700801963, 0, 212, 505, 461, 121, 5.77%, 0, 0, 3, 13.56
1700802029, 0, 212, 506, 462, 121, 5.77%, 0, 0, 3, 15.63
1700802034, 0, 212, 507, 463, 121, 5.77%, 0, 0, 3, 15.40
1700803853, 0, 213, 507, 462, 121, 5.77%, 0, 0, 3, 14.07
1700803934, 0, 213, 509, 464, 121, 5.80%, 0, 0, 3, 12.90
1700803939, 0, 213, 510, 465, 121, 5.80%, 0, 0, 3, 12.87
1700804118, 0, 213, 511, 466, 121, 5.80%, 0, 0, 3, 12.65
1700804128, 0, 213, 512, 467, 121, 5.80%, 0, 0, 3, 12.67
1700804149, 0, 213, 513, 468, 121, 5.80%, 0, 0, 3, 12.61
1700805117, 0, 213, 514, 469, 121, 5.80%, 0, 0, 3, 13.05
1700805138, 0, 213, 515, 470, 121, 5.80%, 0, 0, 3, 12.40
1700805312, 0, 213, 516, 471, 121, 5.80%, 0, 0, 3, 16.09
1700805681, 0, 213, 517, 472, 121, 5.80%, 0, 0, 3, 12.63
1700805691, 0, 217, 517, 471, 125, 5.80%, 0, 0, 3, 12.29
1700805696, 0, 217, 518, 472, 125, 5.81%, 0, 0, 3, 11.49
1700805706, 0, 217, 519, 473, 125, 5.81%, 0, 0, 3, 11.06
1700805717, 0, 218, 519, 472, 126, 5.81%, 0, 0, 3, 11.66
1700806676, 0, 218, 520, 473, 126, 5.81%, 0, 0, 3, 15.80
1700806788, 0, 221, 521, 473, 126, 5.81%, 0, 0, 3, 11.67
1700807173, 0, 222, 521, 472, 126, 5.81%, 0, 0, 3, 11.51
1700807393, 0, 222, 522, 473, 126, 5.83%, 0, 0, 3, 12.55
1700807404, 0, 229, 522, 472, 126, 5.83%, 0, 0, 3, 12.14
1700807480, 0, 229, 523, 473, 126, 5.84%, 0, 0, 3, 12.71
1700807527, 0, 229, 524, 474, 126, 5.85%, 0, 0, 3, 11.89
1700807870, 0, 229, 525, 475, 126, 5.88%, 0, 0, 3, 13.11
1700808003, 0, 229, 526, 476, 126, 5.88%, 0, 0, 3, 12.28
1700808008, 0, 229, 527, 477, 126, 5.89%, 0, 0, 3, 14.58
1700808013, 0, 229, 528, 478, 126, 5.89%, 0, 0, 3, 14.02
1700808183, 0, 229, 529, 479, 126, 5.89%, 0, 0, 3, 12.47
1700808188, 0, 229, 530, 480, 126, 5.89%, 0, 0, 3, 13.11
1700808198, 0, 229, 531, 481, 126, 5.89%, 0, 0, 3, 12.44
1700808209, 0, 229, 532, 482, 126, 5.90%, 0, 0, 3, 12.96
1700808224, 0, 229, 533, 483, 126, 5.91%, 0, 0, 3, 12.80
1700808275, 0, 229, 534, 484, 126, 5.91%, 0, 0, 3, 13.67
1700808290, 0, 229, 535, 485, 126, 5.91%, 0, 0, 3, 12.30
1700808331, 0, 229, 536, 486, 126, 5.91%, 0, 0, 3, 13.55
1700808382, 0, 230, 536, 485, 132, 5.91%, 0, 0, 3, 13.56
1700808949, 0, 233, 536, 483, 130, 5.91%, 0, 0, 3, 15.12
1700809481, 0, 237, 536, 482, 129, 5.91%, 0, 0, 3, 11.40
1700809661, 0, 242, 537, 482, 128, 5.91%, 0, 0, 3, 11.71
1700809733, 0, 242, 538, 483, 128, 5.92%, 0, 0, 3, 11.35
1700810124, 0, 243, 538, 482, 129, 5.92%, 0, 0, 3, 14.61
1700810211, 0, 243, 539, 483, 129, 5.93%, 0, 0, 3, 38.06
1700810435, 0, 246, 539, 482, 129, 5.93%, 0, 0, 3, 14.13
1700810440, 0, 246, 541, 484, 129, 5.93%, 0, 0, 3, 13.27
1700810450, 0, 246, 542, 485, 129, 5.93%, 0, 0, 3, 13.05
1700810460, 0, 246, 543, 486, 129, 5.93%, 0, 0, 3, 13.70
1700810481, 0, 246, 544, 487, 129, 5.93%, 0, 0, 3, 14.00
1700810511, 0, 246, 545, 488, 129, 5.93%, 0, 0, 3, 13.80
1700811176, 0, 246, 546, 489, 129, 5.93%, 0, 0, 3, 13.90
1700812289, 0, 246, 547, 490, 129, 5.93%, 0, 0, 3, 13.11
1700812294, 0, 246, 548, 491, 129, 5.93%, 0, 0, 3, 12.95
1700812299, 0, 246, 549, 492, 129, 5.93%, 0, 0, 3, 12.73
1700812310, 0, 246, 550, 493, 129, 5.93%, 0, 0, 3, 12.77
1700812340, 0, 246, 551, 494, 129, 5.93%, 0, 0, 3, 13.33
1700812345, 0, 246, 552, 495, 129, 5.93%, 0, 0, 3, 13.48
1700812350, 0, 246, 553, 496, 129, 5.93%, 0, 0, 3, 13.44
1700812432, 0, 246, 554, 497, 129, 5.93%, 0, 0, 3, 13.28
1700812498, 0, 246, 555, 498, 129, 5.93%, 0, 0, 3, 12.45
1700812534, 0, 246, 556, 499, 129, 5.93%, 0, 0, 3, 13.13
1700812545, 0, 247, 556, 498, 131, 5.93%, 0, 0, 3, 12.14
1700812679, 0, 248, 556, 497, 130, 5.93%, 0, 0, 3, 11.35
1700813442, 0, 254, 556, 496, 129, 5.93%, 0, 0, 3, 13.33
1700813452, 0, 254, 557, 497, 129, 5.93%, 0, 0, 4, 15.44
1700813463, 0, 254, 558, 498, 129, 5.93%, 0, 0, 4, 15.51
1700813499, 0, 254, 559, 499, 129, 5.97%, 0, 0, 4, 15.19
1700813504, 0, 254, 560, 500, 129, 5.97%, 0, 0, 4, 15.36
1700813509, 0, 254, 561, 501, 129, 5.97%, 0, 0, 4, 15.47
1700813652, 0, 254, 562, 502, 129, 6.01%, 0, 0, 4, 15.42
1700814684, 0, 257, 562, 501, 130, 6.01%, 0, 0, 4, 14.50
1700814689, 0, 260, 562, 500, 129, 6.01%, 0, 0, 4, 14.27
1700814802, 0, 260, 563, 501, 129, 6.03%, 0, 0, 4, 13.53
1700816009, 0, 261, 563, 500, 129, 6.03%, 0, 0, 4, 13.84
1700816148, 0, 261, 564, 501, 129, 6.03%, 0, 0, 4, 12.46
1700816368, 0, 261, 565, 502, 129, 6.03%, 0, 0, 4, 13.26
1700816522, 0, 270, 565, 498, 126, 6.03%, 0, 0, 4, 15.68
1700816527, 0, 270, 566, 499, 126, 6.03%, 0, 0, 4, 15.26
1700816609, 0, 270, 567, 500, 126, 6.04%, 0, 0, 4, 14.18
1700817494, 0, 270, 568, 501, 126, 6.04%, 0, 0, 4, 14.77
1700817673, 0, 270, 570, 503, 126, 6.05%, 0, 0, 4, 14.74
1700817837, 0, 272, 570, 502, 127, 6.05%, 0, 0, 4, 14.39
1700819426, 0, 272, 571, 503, 127, 6.05%, 0, 0, 4, 15.74
1700819432, 0, 272, 572, 504, 127, 6.05%, 0, 0, 4, 14.79
1700819442, 0, 272, 573, 505, 127, 6.05%, 0, 0, 4, 14.16
1700819447, 0, 272, 574, 506, 127, 6.05%, 0, 0, 4, 13.63
1700819452, 0, 272, 576, 508, 127, 6.05%, 0, 0, 4, 14.26
1700819580, 0, 272, 577, 509, 127, 6.05%, 0, 0, 4, 14.22
1700819585, 0, 272, 578, 510, 127, 6.05%, 0, 0, 4, 14.79
1700819657, 0, 273, 579, 510, 128, 6.05%, 0, 0, 4, 14.39
1700819729, 0, 273, 580, 511, 128, 6.08%, 0, 0, 4, 14.37
1700820214, 0, 283, 580, 509, 128, 6.08%, 0, 0, 4, 13.61
1700820649, 0, 288, 580, 508, 128, 6.08%, 0, 0, 4, 13.30
1700821028, 0, 301, 580, 507, 127, 6.08%, 0, 0, 4, 13.68
1700821048, 0, 301, 581, 508, 127, 6.08%, 0, 0, 4, 14.86
1700821079, 0, 301, 582, 509, 127, 6.08%, 0, 0, 4, 14.82
1700821171, 0, 301, 583, 510, 127, 6.08%, 0, 0, 4, 14.91
1700822210, 0, 301, 585, 512, 127, 6.11%, 0, 0, 4, 13.91
1700822230, 0, 305, 585, 511, 127, 6.11%, 0, 0, 4, 18.28
1700822603, 0, 310, 585, 510, 126, 6.11%, 0, 0, 4, 17.21
1700824137, 0, 311, 585, 509, 125, 6.11%, 0, 0, 4, 18.86
1700824240, 0, 311, 588, 512, 125, 6.12%, 0, 0, 4, 37.13
1700824608, 0, 312, 588, 511, 127, 6.12%, 0, 0, 4, 17.74
1700824670, 0, 312, 589, 512, 127, 6.13%, 0, 0, 4, 15.95
1700825684, 0, 312, 590, 513, 127, 6.13%, 0, 0, 4, 16.42
1700825854, 0, 312, 591, 514, 127, 6.13%, 0, 0, 4, 19.76
1700826111, 0, 314, 591, 513, 129, 6.13%, 0, 0, 4, 19.55
1700826116, 0, 314, 592, 514, 129, 6.13%, 0, 0, 4, 30.08
1700826121, 0, 314, 593, 515, 129, 6.13%, 0, 0, 4, 33.80
1700826126, 0, 314, 594, 516, 129, 6.13%, 0, 0, 4, 36.32
1700826142, 0, 314, 595, 517, 129, 6.14%, 0, 0, 4, 33.04
1700826239, 0, 314, 597, 519, 129, 6.14%, 0, 0, 4, 39.65
1700826403, 0, 314, 599, 521, 129, 6.14%, 0, 0, 4, 38.47
1700826633, 0, 314, 600, 522, 129, 6.14%, 0, 0, 4, 34.69
1700826715, 0, 314, 601, 523, 129, 6.14%, 0, 0, 4, 35.53
1700826730, 0, 314, 602, 524, 129, 6.14%, 0, 0, 4, 37.00
1700826781, 0, 320, 602, 523, 132, 6.14%, 0, 0, 4, 15.68
1700826833, 0, 320, 604, 525, 132, 6.14%, 0, 0, 4, 14.24
1700826858, 0, 320, 605, 526, 132, 6.15%, 0, 0, 4, 13.73
1700826990, 0, 320, 606, 527, 132, 6.15%, 0, 0, 4, 13.24
1700827986, 0, 320, 607, 528, 132, 6.15%, 0, 0, 4, 14.05
1700828640, 0, 320, 608, 529, 132, 6.15%, 0, 0, 4, 13.91
1700828645, 0, 320, 609, 530, 132, 6.15%, 0, 0, 4, 14.09
1700828650, 0, 320, 610, 531, 132, 6.15%, 0, 0, 4, 13.72
1700828661, 0, 320, 612, 533, 132, 6.15%, 0, 0, 4, 13.69
1700828686, 0, 320, 613, 534, 132, 6.15%, 0, 0, 4, 14.43
1700828696, 0, 320, 614, 535, 132, 6.15%, 0, 0, 4, 13.85
1700828830, 0, 320, 615, 536, 132, 6.15%, 0, 0, 4, 13.83
1700828876, 0, 324, 615, 535, 133, 6.15%, 0, 0, 4, 13.73
1700828907, 0, 324, 616, 536, 133, 6.15%, 0, 0, 4, 19.98
1700829126, 0, 324, 617, 537, 133, 6.15%, 0, 0, 4, 22.98
1700829218, 0, 328, 617, 536, 133, 6.15%, 0, 0, 4, 13.16
1700831019, 0, 330, 617, 535, 132, 6.15%, 0, 0, 4, 14.26
1700831024, 0, 330, 618, 536, 132, 6.15%, 0, 0, 4, 15.00
1700831676, 0, 330, 619, 537, 132, 6.15%, 0, 0, 4, 15.35
1700832562, 0, 330, 621, 539, 132, 6.15%, 0, 0, 4, 15.63
1700832568, 0, 330, 622, 540, 132, 6.15%, 0, 0, 4, 15.81
1700832583, 0, 330, 623, 541, 132, 6.15%, 0, 0, 4, 15.97
1700832644, 0, 330, 624, 542, 132, 6.15%, 0, 0, 4, 14.98
1700832680, 0, 330, 625, 543, 132, 6.15%, 0, 0, 4, 15.39
1700832772, 0, 334, 625, 542, 134, 6.15%, 0, 0, 4, 14.39
1700832905, 0, 334, 626, 543, 134, 6.15%, 0, 0, 4, 12.49
1700832916, 0, 335, 626, 542, 133, 6.15%, 0, 0, 4, 13.69
1700833279, 0, 335, 627, 543, 133, 6.15%, 0, 0, 4, 16.68
1700835348, 0, 338, 627, 542, 133, 6.15%, 0, 0, 4, 19.12
1700835896, 0, 338, 628, 543, 133, 6.16%, 0, 0, 4, 26.13
1700835983, 0, 339, 628, 542, 133, 6.16%, 0, 0, 4, 23.03
1700836628, 0, 340, 628, 541, 132, 6.16%, 0, 0, 4, 16.17
1700836772, 0, 342, 628, 540, 131, 6.16%, 0, 0, 4, 12.34
1700837668, 0, 347, 628, 539, 130, 6.16%, 0, 0, 4, 18.59
1700838324, 0, 349, 628, 538, 129, 6.16%, 0, 0, 4, 16.38
1700838329, 0, 361, 628, 535, 126, 6.16%, 0, 0, 4, 16.57
1700839064, 0, 361, 629, 536, 126, 6.16%, 0, 0, 4, 17.38
1700839080, 0, 374, 629, 534, 124, 6.16%, 0, 0, 4, 16.15
1700839800, 0, 377, 629, 533, 123, 6.16%, 0, 0, 4, 16.14
1700839805, 0, 382, 629, 531, 121, 6.16%, 0, 0, 4, 17.64
1700839881, 0, 382, 630, 532, 121, 6.16%, 0, 0, 4, 21.05
1700839887, 0, 382, 631, 533, 121, 6.16%, 0, 0, 4, 20.56
1700840066, 0, 382, 632, 534, 121, 6.16%, 0, 0, 4, 17.99
1700840071, 0, 382, 633, 535, 121, 6.16%, 0, 0, 4, 16.58
1700840076, 0, 382, 634, 536, 121, 6.16%, 0, 0, 4, 16.34
1700840091, 0, 382, 636, 538, 121, 6.16%, 0, 0, 4, 15.40
1700840096, 0, 382, 637, 539, 121, 6.16%, 0, 0, 4, 16.39
1700840127, 0, 382, 638, 540, 121, 6.16%, 0, 0, 4, 15.05
1700840158, 0, 382, 639, 541, 121, 6.16%, 0, 0, 4, 15.97
1700840173, 0, 382, 640, 542, 121, 6.16%, 0, 0, 4, 15.60
1700840189, 0, 382, 642, 544, 121, 6.16%, 0, 0, 4, 15.45
1700840204, 0, 382, 643, 545, 121, 6.16%, 0, 0, 4, 15.34
1700840281, 0, 384, 643, 544, 121, 6.16%, 0, 0, 4, 14.77
1700840296, 0, 384, 644, 545, 121, 6.16%, 0, 0, 4, 16.11
1700840353, 0, 384, 646, 547, 121, 6.16%, 0, 0, 4, 15.71
1700840568, 0, 384, 647, 548, 121, 6.16%, 0, 0, 4, 16.77
1700841003, 0, 389, 647, 547, 121, 6.16%, 0, 0, 4, 15.01
1700841192, 0, 390, 647, 546, 120, 6.16%, 0, 0, 4, 12.72
1700841381, 0, 392, 647, 545, 119, 6.16%, 0, 0, 4, 11.17
1700841387, 0, 393, 647, 544, 118, 6.16%, 0, 0, 4, 14.07
1700841961, 0, 393, 648, 545, 118, 6.16%, 0, 0, 4, 14.52
1700841966, 0, 393, 649, 546, 118, 6.16%, 0, 0, 4, 14.73
1700841987, 0, 396, 649, 544, 117, 6.16%, 0, 0, 4, 17.59
1700842825, 0, 399, 650, 543, 115, 6.16%, 0, 0, 4, 13.73
1700843172, 0, 399, 651, 544, 115, 6.16%, 0, 0, 4, 20.96
1700843228, 0, 399, 652, 545, 115, 6.16%, 0, 0, 4, 19.98
1700843233, 0, 399, 653, 546, 115, 6.16%, 0, 0, 4, 15.70
1700843243, 0, 399, 654, 547, 115, 6.16%, 0, 0, 4, 13.21
1700843269, 0, 399, 655, 548, 115, 6.16%, 0, 0, 4, 13.21
1700843289, 0, 399, 656, 549, 115, 6.16%, 0, 0, 4, 12.49
1700843351, 0, 399, 657, 550, 115, 6.16%, 0, 0, 4, 13.96
1700843443, 0, 399, 658, 551, 115, 6.16%, 0, 0, 4, 13.38
1700843453, 0, 399, 659, 552, 115, 6.16%, 0, 0, 4, 13.50
1700843484, 0, 403, 659, 550, 118, 6.16%, 0, 0, 4, 13.13
1700843489, 0, 416, 659, 547, 115, 6.16%, 0, 0, 4, 13.53
1700843504, 0, 416, 660, 548, 115, 6.17%, 0, 0, 4, 17.41
1700843816, 0, 417, 660, 547, 115, 6.17%, 0, 0, 4, 18.27
1700843841, 0, 417, 661, 548, 115, 6.17%, 0, 0, 4, 19.36
1700843857, 0, 417, 664, 551, 115, 6.17%, 0, 0, 4, 21.61
1700843862, 0, 417, 665, 552, 115, 6.17%, 0, 0, 4, 17.38
1700843872, 0, 417, 666, 553, 115, 6.17%, 0, 0, 4, 18.53
1700843974, 0, 417, 667, 554, 115, 6.17%, 0, 0, 4, 20.58
1700844072, 0, 417, 669, 556, 115, 6.17%, 0, 0, 4, 16.85
1700844169, 0, 422, 669, 554, 117, 6.17%, 0, 0, 4, 12.61
1700844174, 0, 430, 669, 551, 114, 6.17%, 0, 0, 4, 12.04
1700844204, 0, 432, 669, 549, 112, 6.17%, 0, 0, 4, 11.45
1700844956, 0, 432, 670, 550, 112, 6.17%, 0, 0, 4, 12.97
1700845948, 0, 432, 672, 552, 112, 6.18%, 0, 0, 4, 13.41
1700845953, 0, 432, 673, 553, 112, 6.18%, 0, 0, 4, 13.52
1700845999, 0, 432, 674, 554, 112, 6.18%, 0, 0, 4, 12.58
1700846071, 0, 436, 674, 552, 113, 6.18%, 0, 0, 4, 22.43
1700846081, 0, 436, 676, 554, 113, 6.19%, 0, 0, 4, 30.64
1700846087, 0, 436, 679, 557, 113, 6.21%, 0, 0, 4, 31.21
1700846107, 0, 436, 680, 558, 113, 6.21%, 0, 0, 4, 31.35
1700846122, 0, 436, 681, 559, 113, 6.21%, 0, 0, 4, 31.14
1700846127, 0, 436, 684, 562, 113, 6.24%, 0, 0, 4, 33.23
1700846163, 0, 436, 685, 563, 113, 6.24%, 0, 0, 4, 30.00
1700846199, 0, 436, 686, 564, 113, 6.24%, 0, 0, 4, 29.53
1700846285, 0, 436, 687, 565, 113, 6.25%, 0, 0, 4, 31.20
1700846362, 0, 436, 688, 566, 113, 6.25%, 0, 0, 4, 32.07
1700846485, 0, 436, 689, 567, 113, 6.25%, 0, 0, 4, 28.50
1700846510, 0, 436, 690, 568, 113, 6.25%, 0, 0, 4, 33.14
1700846597, 0, 438, 690, 566, 121, 6.25%, 0, 0, 4, 26.10
1700846602, 0, 442, 690, 563, 118, 6.25%, 0, 0, 4, 28.69
1700846608, 0, 445, 690, 562, 117, 6.25%, 0, 0, 4, 16.87
1700846613, 0, 448, 690, 559, 114, 6.25%, 0, 0, 4, 13.27
1700847469, 0, 450, 690, 557, 112, 6.25%, 0, 0, 4, 12.89
1700848898, 0, 453, 690, 556, 111, 6.25%, 0, 0, 4, 14.09
1700849011, 0, 453, 691, 557, 111, 6.26%, 0, 0, 4, 22.75
1700849605, 0, 454, 691, 556, 110, 6.26%, 0, 0, 4, 15.28
1700849610, 0, 454, 692, 557, 110, 6.26%, 0, 0, 4, 20.33
1700850255, 0, 456, 692, 556, 110, 6.26%, 0, 0, 4, 16.07
1700850260, 0, 456, 693, 557, 110, 6.26%, 0, 0, 4, 16.99
1700850265, 0, 456, 696, 560, 110, 6.27%, 0, 0, 4, 19.35
1700850347, 0, 456, 698, 562, 110, 6.31%, 0, 0, 4, 20.26
1700850352, 0, 456, 701, 565, 110, 6.32%, 0, 0, 4, 19.70
1700850382, 0, 456, 702, 566, 110, 6.32%, 0, 0, 4, 20.38
1700851038, 0, 461, 702, 564, 114, 6.32%, 0, 0, 4, 13.35
1700852093, 0, 464, 702, 563, 113, 6.32%, 0, 0, 4, 14.59
1700852144, 0, 464, 703, 564, 113, 6.32%, 0, 0, 4, 19.27
1700852537, 0, 467, 703, 561, 111, 6.32%, 0, 0, 4, 14.97
1700852542, 0, 470, 705, 560, 108, 6.32%, 0, 0, 4, 12.60
1700852548, 0, 470, 708, 563, 108, 6.32%, 0, 0, 4, 11.36
1700852553, 0, 470, 710, 565, 108, 6.32%, 0, 0, 4, 11.38
1700852558, 0, 470, 712, 567, 108, 6.32%, 0, 0, 4, 11.29
1700852563, 0, 470, 714, 569, 108, 6.32%, 0, 0, 4, 11.47
1700852573, 0, 470, 715, 570, 108, 6.32%, 0, 0, 4, 11.41
1700852578, 0, 470, 716, 571, 108, 6.32%, 0, 0, 4, 11.73
1700852604, 0, 470, 718, 573, 108, 6.32%, 0, 0, 4, 10.65
1700852609, 0, 473, 718, 572, 108, 6.32%, 0, 0, 4, 13.46
1700852614, 0, 488, 718, 571, 107, 6.32%, 0, 0, 4, 14.11
1700854946, 0, 494, 718, 570, 106, 6.32%, 0, 0, 4, 12.92
1700857521, 0, 494, 719, 571, 106, 6.32%, 0, 0, 4, 13.18
1700857950, 0, 494, 720, 572, 106, 6.32%, 0, 0, 4, 13.62
1700858753, 0, 496, 720, 571, 106, 6.32%, 0, 0, 4, 14.40
1700858886, 0, 496, 721, 572, 106, 6.33%, 0, 0, 4, 15.78
1700859275, 0, 496, 722, 573, 106, 6.33%, 0, 0, 4, 15.92
1700859378, 0, 496, 723, 574, 106, 6.33%, 0, 0, 4, 16.37
1700859947, 0, 496, 724, 575, 106, 6.33%, 0, 0, 4, 15.21
1700859988, 0, 496, 725, 576, 106, 6.33%, 0, 0, 4, 15.27
1700862390, 0, 496, 727, 578, 106, 6.35%, 0, 0, 4, 15.66
1700862395, 0, 496, 728, 579, 106, 6.35%, 0, 0, 4, 15.39
1700862400, 0, 496, 729, 580, 106, 6.35%, 0, 0, 4, 16.13
1700862415, 0, 496, 730, 581, 106, 6.35%, 0, 0, 4, 14.80
1700862420, 0, 496, 731, 582, 106, 6.35%, 0, 0, 4, 15.10
1700862425, 0, 496, 732, 583, 106, 6.35%, 0, 0, 4, 15.14
1700862430, 0, 496, 734, 585, 106, 6.35%, 0, 0, 4, 15.17
1700862441, 0, 496, 736, 587, 106, 6.36%, 0, 0, 4, 15.26
1700862456, 0, 496, 737, 588, 106, 6.39%, 0, 0, 4, 15.63
1700862461, 0, 496, 738, 589, 106, 6.39%, 0, 0, 4, 15.58
1700862568, 0, 496, 739, 590, 106, 6.39%, 0, 0, 4, 15.64
1700862604, 0, 497, 740, 590, 119, 6.39%, 0, 0, 4, 17.19
1700862809, 0, 498, 740, 589, 119, 6.39%, 0, 0, 4, 17.25
1700862844, 0, 498, 741, 590, 119, 6.39%, 0, 0, 4, 18.71
1700863013, 0, 504, 741, 586, 115, 6.39%, 0, 0, 4, 15.05
1700863223, 0, 511, 742, 585, 114, 6.40%, 0, 0, 4, 15.65
1700863494, 0, 511, 743, 586, 114, 6.40%, 0, 0, 4, 12.57
1700863515, 0, 511, 744, 587, 114, 6.40%, 0, 0, 4, 11.89
1700865067, 0, 512, 744, 586, 114, 6.40%, 0, 0, 4, 12.62
1700866921, 0, 518, 744, 584, 112, 6.40%, 0, 0, 4, 11.72
1700866926, 0, 521, 744, 581, 109, 6.40%, 0, 0, 4, 13.50
1700867146, 0, 522, 744, 580, 108, 6.40%, 0, 0, 4, 13.17
1700867161, 0, 522, 747, 583, 108, 6.40%, 0, 0, 4, 17.56
1700867182, 0, 522, 748, 584, 108, 6.42%, 0, 0, 4, 16.73
1700867254, 0, 522, 749, 585, 108, 6.42%, 0, 0, 4, 17.26
1700867305, 0, 522, 750, 586, 108, 6.43%, 0, 0, 4, 18.07
1700867330, 0, 522, 751, 587, 108, 6.43%, 0, 0, 4, 18.05
1700867509, 0, 522, 752, 588, 108, 6.43%, 0, 0, 4, 16.53
1700867698, 0, 525, 752, 586, 110, 6.43%, 0, 0, 4, 12.41
1700867703, 0, 525, 754, 588, 110, 6.45%, 0, 0, 4, 12.65
1700867826, 0, 525, 755, 589, 110, 6.46%, 0, 0, 4, 14.75
1700868498, 0, 525, 757, 591, 110, 6.46%, 0, 0, 4, 12.52
1700868523, 0, 529, 757, 589, 111, 6.46%, 0, 0, 4, 15.77
1700868528, 0, 529, 758, 590, 111, 6.46%, 0, 0, 4, 19.65
1700868544, 0, 529, 760, 592, 111, 6.46%, 0, 0, 4, 20.30
1700868835, 0, 531, 760, 590, 110, 6.46%, 0, 0, 4, 15.54
1700868840, 0, 531, 763, 593, 110, 6.46%, 0, 0, 4, 18.19
1700868845, 0, 531, 765, 595, 110, 6.46%, 0, 0, 4, 19.55
1700868881, 0, 531, 766, 596, 110, 6.46%, 0, 0, 4, 19.37
1700868989, 0, 531, 767, 597, 110, 6.46%, 0, 0, 4, 19.61
1700869004, 0, 532, 768, 597, 111, 6.46%, 0, 0, 4, 18.37
1700869336, 0, 536, 768, 595, 110, 6.46%, 0, 0, 4, 13.52
1700869413, 0, 536, 769, 596, 110, 6.47%, 0, 0, 4, 11.24
1700869799, 0, 538, 769, 594, 109, 6.47%, 0, 0, 4, 13.29
1700870039, 0, 538, 770, 595, 109, 6.48%, 0, 0, 4, 35.51
1700870085, 0, 538, 771, 596, 109, 6.48%, 0, 0, 4, 37.60
1700870110, 0, 546, 771, 595, 110, 6.48%, 0, 0, 4, 14.33
1700871732, 0, 546, 772, 596, 110, 6.48%, 0, 0, 4, 13.43
1700871742, 0, 552, 772, 595, 109, 6.48%, 0, 0, 4, 13.23
1700871916, 0, 552, 773, 596, 109, 6.48%, 0, 0, 4, 12.32
1700872516, 0, 558, 775, 597, 109, 6.49%, 0, 0, 5, 13.47
1700872685, 0, 558, 776, 598, 109, 6.50%, 0, 0, 5, 15.53
1700872726, 0, 558, 777, 599, 109, 6.51%, 0, 0, 5, 15.64
1700873762, 0, 558, 779, 601, 109, 6.52%, 0, 0, 5, 14.13
1700873803, 0, 558, 780, 602, 109, 6.52%, 0, 0, 5, 13.72
1700873864, 0, 560, 780, 601, 115, 6.52%, 0, 0, 5, 14.65
1700873869, 0, 561, 781, 601, 114, 6.53%, 0, 0, 5, 15.16
1700873879, 0, 561, 784, 604, 114, 6.53%, 0, 0, 5, 15.48
1700873900, 0, 561, 786, 606, 114, 6.54%, 0, 0, 5, 15.95
1700873931, 0, 561, 787, 607, 114, 6.55%, 0, 0, 5, 15.53
1700873951, 0, 561, 788, 608, 114, 6.55%, 0, 0, 5, 15.60
1700874028, 0, 561, 789, 609, 114, 6.55%, 0, 0, 5, 15.70
1700874428, 0, 561, 790, 610, 114, 6.55%, 0, 0, 5, 15.45
1700875125, 0, 561, 791, 611, 114, 6.59%, 0, 0, 5, 14.86
1700875140, 0, 561, 792, 612, 114, 6.60%, 0, 0, 5, 14.48
1700875145, 0, 561, 793, 613, 114, 6.60%, 0, 0, 5, 14.69
1700875232, 0, 562, 793, 612, 124, 6.60%, 0, 0, 5, 17.48
1700875273, 0, 563, 793, 611, 123, 6.60%, 0, 0, 5, 12.41
1700875857, 0, 566, 793, 609, 121, 6.60%, 0, 0, 5, 12.59
1700875862, 0, 569, 793, 608, 120, 6.60%, 0, 0, 5, 14.23
1700876046, 0, 569, 794, 609, 120, 6.60%, 0, 0, 5, 14.87
1700876108, 0, 569, 795, 610, 120, 6.60%, 0, 0, 5, 14.73
1700876221, 0, 569, 796, 611, 120, 6.60%, 0, 0, 5, 15.08
1700877086, 0, 569, 798, 613, 120, 6.60%, 0, 0, 5, 15.00
1700877465, 0, 570, 798, 612, 123, 6.60%, 0, 0, 5, 14.65
1700878824, 0, 570, 801, 615, 123, 6.61%, 0, 0, 5, 14.79
1700878926, 0, 575, 801, 614, 123, 6.61%, 0, 0, 5, 14.81
1700878942, 0, 575, 802, 615, 123, 6.61%, 0, 0, 5, 16.16
1700879003, 0, 575, 803, 616, 123, 6.62%, 0, 0, 5, 15.80
1700880112, 0, 575, 805, 618, 123, 6.64%, 0, 0, 5, 16.63
1700880297, 0, 575, 806, 619, 123, 6.64%, 0, 0, 5, 15.85
1700880302, 0, 575, 808, 621, 123, 6.65%, 0, 0, 5, 16.19
1700880543, 0, 576, 808, 620, 128, 6.65%, 0, 0, 5, 12.22
1700880645, 0, 576, 809, 621, 128, 6.65%, 0, 0, 5, 12.02
1700881178, 0, 579, 809, 619, 127, 6.65%, 0, 0, 5, 15.69
1700881663, 0, 586, 809, 617, 125, 6.65%, 0, 0, 5, 17.54
1700881668, 0, 588, 809, 615, 123, 6.65%, 0, 0, 5, 17.36
1700881683, 0, 588, 810, 616, 123, 6.66%, 0, 0, 5, 15.25
1700882861, 0, 588, 811, 617, 123, 6.66%, 0, 0, 5, 14.56
1700883280, 0, 590, 811, 615, 122, 6.66%, 0, 0, 5, 21.30
1700883914, 0, 590, 812, 616, 122, 6.66%, 0, 0, 5, 20.52
1700883944, 0, 590, 813, 617, 122, 6.66%, 0, 0, 5, 16.75
1700883985, 0, 594, 813, 615, 121, 6.66%, 0, 0, 5, 21.09
1700884042, 0, 594, 814, 616, 121, 6.66%, 0, 0, 5, 34.51
1700884558, 0, 594, 815, 617, 121, 6.66%, 0, 0, 5, 33.82
1700884620, 0, 596, 815, 616, 121, 6.66%, 0, 0, 5, 18.63
1700884635, 0, 596, 816, 617, 121, 6.66%, 0, 0, 5, 32.01
1700884758, 0, 596, 819, 620, 121, 6.68%, 0, 0, 5, 36.57
1700885361, 0, 609, 819, 617, 122, 6.68%, 0, 0, 5, 21.96
1700885439, 0, 609, 820, 618, 122, 6.68%, 0, 0, 5, 11.60
1700885602, 0, 609, 821, 619, 122, 6.68%, 0, 0, 5, 11.38
1700885613, 0, 609, 822, 620, 122, 6.68%, 0, 0, 5, 11.94
1700885633, 0, 609, 823, 621, 122, 6.68%, 0, 0, 5, 12.37
1700885690, 0, 609, 824, 622, 122, 6.68%, 0, 0, 5, 11.67
1700885725, 0, 609, 825, 623, 122, 6.68%, 0, 0, 5, 11.53
1700885761, 0, 609, 826, 624, 122, 6.68%, 0, 0, 5, 11.68
1700885817, 0, 609, 827, 625, 122, 6.68%, 0, 0, 5, 12.08
1700885822, 0, 609, 828, 626, 122, 6.68%, 0, 0, 5, 12.24
1700885828, 0, 609, 829, 627, 122, 6.68%, 0, 0, 5, 11.95
1700885843, 0, 609, 830, 628, 122, 6.68%, 0, 0, 5, 11.43
1700885858, 0, 609, 831, 629, 122, 6.68%, 0, 0, 5, 11.91
1700885879, 0, 611, 831, 628, 125, 6.68%, 0, 0, 5, 12.65
1700887369, 0, 611, 832, 629, 125, 6.68%, 0, 0, 5, 14.98
1700887384, 0, 611, 834, 631, 125, 6.68%, 0, 0, 5, 15.25
1700887400, 0, 611, 835, 632, 125, 6.68%, 0, 0, 5, 14.09
1700887415, 0, 611, 836, 633, 125, 6.69%, 0, 0, 5, 14.26
1700887420, 0, 611, 837, 634, 125, 6.69%, 0, 0, 5, 14.43
1700887431, 0, 611, 838, 635, 125, 6.69%, 0, 0, 5, 14.10
1700887456, 0, 611, 839, 636, 125, 6.69%, 0, 0, 5, 14.11
1700887477, 0, 611, 840, 637, 125, 6.69%, 0, 0, 5, 13.77
1700887610, 0, 611, 841, 638, 125, 6.69%, 0, 0, 5, 14.01
1700887625, 0, 613, 841, 637, 127, 6.69%, 0, 0, 5, 13.26
1700888005, 0, 613, 842, 638, 127, 6.69%, 0, 0, 5, 12.66
1700888825, 0, 613, 843, 639, 127, 6.69%, 0, 0, 5, 12.37
1700888835, 0, 613, 844, 640, 127, 6.69%, 0, 0, 5, 12.64
1700888886, 0, 617, 844, 639, 128, 6.69%, 0, 0, 5, 12.96
1700890554, 0, 617, 845, 640, 128, 6.71%, 0, 0, 5, 14.63
1700890574, 0, 621, 845, 639, 128, 6.71%, 0, 0, 5, 14.23
1700890718, 0, 621, 846, 640, 128, 6.72%, 0, 0, 5, 15.04
1700892006, 0, 622, 846, 639, 128, 6.72%, 0, 0, 5, 13.51
1700893738, 0, 622, 847, 640, 128, 6.72%, 0, 0, 5, 14.88
1700893763, 0, 622, 848, 641, 128, 6.72%, 0, 0, 5, 14.38
1700893794, 0, 624, 848, 640, 128, 6.72%, 0, 0, 5, 14.21
1700893819, 0, 624, 850, 642, 128, 6.72%, 0, 0, 5, 11.09
1700894226, 0, 626, 850, 641, 129, 6.72%, 0, 0, 5, 13.89
1700896821, 0, 627, 850, 640, 128, 6.72%, 0, 0, 5, 16.21
1700896831, 0, 627, 853, 643, 128, 6.73%, 0, 0, 5, 20.20
1700896873, 0, 627, 854, 644, 128, 6.73%, 0, 0, 5, 20.23
1700897833, 0, 627, 855, 645, 128, 6.75%, 0, 0, 5, 19.37
1700897941, 0, 627, 856, 646, 128, 6.75%, 0, 0, 5, 15.67
1700897961, 0, 628, 857, 646, 132, 6.75%, 0, 0, 5, 18.25
1700897966, 0, 628, 858, 647, 132, 6.75%, 0, 0, 5, 19.68
1700899031, 0, 637, 858, 646, 133, 6.75%, 0, 0, 5, 16.49
1700899308, 0, 637, 859, 647, 133, 6.75%, 0, 0, 5, 14.56
1700899333, 0, 637, 860, 648, 133, 6.75%, 0, 0, 5, 14.24
1700899369, 0, 644, 860, 647, 132, 6.75%, 0, 0, 5, 14.70
1700900140, 0, 645, 860, 646, 131, 6.75%, 0, 0, 5, 13.65
1700900145, 0, 648, 860, 645, 130, 6.75%, 0, 0, 5, 14.43
1700900955, 0, 648, 861, 646, 130, 6.75%, 0, 0, 5, 15.70
1700900976, 0, 648, 862, 647, 130, 6.75%, 0, 0, 5, 14.86
1700900981, 0, 648, 863, 648, 130, 6.75%, 0, 0, 5, 14.25
1700900997, 0, 648, 864, 649, 130, 6.75%, 0, 0, 5, 14.39
1700901094, 0, 648, 865, 650, 130, 6.75%, 0, 0, 5, 12.76
1700901160, 0, 648, 866, 651, 130, 6.75%, 0, 0, 5, 13.45
1700901201, 0, 652, 866, 648, 128, 6.75%, 0, 0, 5, 14.70
1700901211, 0, 652, 867, 649, 128, 6.75%, 0, 0, 5, 19.74
1700901637, 0, 652, 868, 650, 128, 6.75%, 0, 0, 5, 17.23
1700901744, 0, 653, 869, 650, 129, 6.75%, 0, 0, 5, 10.36
1700901749, 0, 653, 870, 651, 129, 6.75%, 0, 0, 5, 10.37
1700901769, 0, 653, 871, 652, 129, 6.75%, 0, 0, 5, 11.16
1700901774, 0, 653, 872, 653, 129, 6.75%, 0, 0, 5, 11.03
1700901785, 0, 653, 874, 655, 129, 6.75%, 0, 0, 5, 10.99
1700901790, 0, 653, 875, 656, 129, 6.75%, 0, 0, 5, 10.81
1700901851, 0, 653, 876, 657, 129, 6.75%, 0, 0, 5, 11.23
1700901862, 0, 653, 877, 658, 129, 6.75%, 0, 0, 5, 11.41
1700901872, 0, 653, 878, 659, 129, 6.75%, 0, 0, 5, 10.98
1700902160, 0, 653, 879, 660, 129, 6.75%, 0, 0, 5, 10.97
1700902165, 0, 653, 880, 661, 129, 6.75%, 0, 0, 5, 11.90
1700902170, 0, 653, 881, 662, 129, 6.75%, 0, 0, 5, 11.95
1700902175, 0, 653, 882, 663, 129, 6.76%, 0, 0, 5, 11.29
1700902180, 0, 653, 883, 664, 129, 6.76%, 0, 0, 5, 11.60
1700902196, 0, 653, 884, 665, 129, 6.76%, 0, 0, 5, 11.85
1700902323, 0, 653, 885, 666, 129, 6.76%, 0, 0, 5, 11.87
1700902334, 0, 653, 887, 668, 129, 6.76%, 0, 0, 5, 11.54
1700902375, 0, 656, 887, 667, 129, 6.76%, 0, 0, 5, 11.64
1700902497, 0, 658, 887, 666, 128, 6.76%, 0, 0, 5, 15.81
1700902508, 0, 658, 888, 667, 128, 6.76%, 0, 0, 5, 23.06
1700902518, 0, 658, 890, 669, 128, 6.76%, 0, 0, 5, 24.15
1700902549, 0, 658, 891, 670, 128, 6.76%, 0, 0, 5, 21.37
1700903178, 0, 658, 892, 671, 128, 6.76%, 0, 0, 5, 14.12
1700903194, 0, 659, 892, 670, 129, 6.76%, 0, 0, 5, 12.85
1700903722, 0, 659, 893, 671, 129, 6.76%, 0, 0, 5, 11.23
1700903773, 0, 664, 893, 669, 128, 6.76%, 0, 0, 5, 13.22
1700903778, 0, 664, 894, 670, 128, 6.76%, 0, 0, 5, 18.20
1700904124, 0, 664, 895, 671, 128, 6.76%, 0, 0, 5, 20.36
1700904140, 0, 664, 896, 672, 128, 6.76%, 0, 0, 5, 16.50
1700904165, 0, 669, 896, 669, 126, 6.76%, 0, 0, 5, 14.08
1700906004, 0, 670, 896, 668, 125, 6.76%, 0, 0, 5, 11.77
1700906946, 0, 675, 896, 667, 124, 6.76%, 0, 0, 5, 19.51
1700906982, 0, 675, 897, 668, 124, 6.76%, 0, 0, 5, 34.57
1700907002, 0, 675, 898, 669, 124, 6.77%, 0, 0, 5, 33.61
1700907069, 0, 675, 900, 671, 124, 6.77%, 0, 0, 5, 37.38
1700907074, 0, 675, 901, 672, 124, 6.77%, 0, 0, 5, 36.56
1700907513, 0, 675, 902, 673, 124, 6.77%, 0, 0, 5, 29.80
1700907641, 0, 676, 902, 672, 129, 6.77%, 0, 0, 5, 20.30
1700907646, 0, 679, 902, 669, 126, 6.77%, 0, 0, 5, 27.67
1700907651, 0, 681, 902, 667, 124, 6.77%, 0, 0, 5, 27.34
1700907666, 0, 681, 904, 669, 124, 6.77%, 0, 0, 5, 30.54
1700907702, 0, 681, 905, 670, 124, 6.77%, 0, 0, 5, 31.49
1700907738, 0, 681, 906, 671, 124, 6.77%, 0, 0, 5, 34.76
1700907769, 0, 681, 907, 672, 124, 6.78%, 0, 0, 5, 33.42
1700907774, 0, 681, 908, 673, 124, 6.78%, 0, 0, 5, 31.04
1700907851, 0, 681, 909, 674, 124, 6.78%, 0, 0, 5, 37.14
1700908200, 0, 681, 910, 675, 124, 6.78%, 0, 0, 5, 35.30
1700908236, 0, 682, 910, 674, 129, 6.78%, 0, 0, 5, 19.02
1700908461, 0, 682, 911, 675, 129, 6.78%, 0, 0, 5, 31.22
1700908819, 0, 683, 911, 674, 129, 6.78%, 0, 0, 5, 21.32
1700908824, 0, 690, 911, 671, 126, 6.78%, 0, 0, 5, 29.06
1700909587, 0, 691, 911, 670, 125, 6.78%, 0, 0, 5, 12.86
1700909592, 0, 698, 911, 668, 123, 6.78%, 0, 0, 5, 12.22
1700909607, 0, 698, 914, 671, 123, 6.83%, 0, 0, 5, 16.36
1700909613, 0, 698, 917, 674, 123, 6.87%, 0, 0, 5, 17.87
1700909648, 0, 698, 919, 676, 123, 6.88%, 0, 0, 5, 16.59
1700909705, 0, 698, 920, 677, 123, 6.88%, 0, 0, 5, 15.75
1700909710, 0, 698, 921, 678, 123, 6.88%, 0, 0, 5, 13.97
1700909715, 0, 698, 922, 679, 123, 6.88%, 0, 0, 5, 12.41
1700909848, 0, 698, 925, 682, 123, 6.90%, 0, 0, 5, 15.42
1700910734, 0, 698, 926, 683, 123, 6.90%, 0, 0, 5, 12.43
1700910769, 0, 701, 926, 682, 136, 6.90%, 0, 0, 5, 10.48
1700910774, 0, 702, 926, 681, 135, 6.90%, 0, 0, 5, 10.55
1700911682, 0, 716, 926, 680, 134, 6.90%, 0, 0, 5, 9.83
1700911810, 0, 718, 926, 679, 133, 6.90%, 0, 0, 5, 8.59
1700911826, 0, 720, 926, 678, 132, 6.90%, 0, 0, 5, 8.59
1700915767, 0, 720, 927, 679, 132, 6.91%, 0, 0, 5, 15.33
1700915772, 0, 720, 929, 681, 132, 6.92%, 0, 0, 5, 14.95
1700915777, 0, 720, 931, 683, 132, 6.92%, 0, 0, 5, 15.05
1700915782, 0, 720, 934, 686, 132, 6.92%, 0, 0, 5, 14.50
1700915792, 0, 720, 936, 688, 132, 6.93%, 0, 0, 5, 14.76
1700915797, 0, 720, 937, 689, 132, 6.93%, 0, 0, 5, 14.69
1700915808, 0, 720, 939, 691, 132, 6.93%, 0, 0, 5, 15.30
1700915813, 0, 720, 940, 692, 132, 6.93%, 0, 0, 5, 15.45
1700915823, 0, 720, 941, 693, 132, 6.94%, 0, 0, 5, 14.97
1700915828, 0, 720, 942, 694, 132, 6.94%, 0, 0, 5, 14.50
1700915833, 0, 720, 943, 695, 132, 6.94%, 0, 0, 5, 14.91
1700915849, 0, 720, 944, 696, 132, 6.94%, 0, 0, 5, 15.13
1700915854, 0, 720, 945, 697, 132, 6.95%, 0, 0, 5, 15.51
1700915864, 0, 720, 946, 698, 132, 6.95%, 0, 0, 5, 15.22
1700915900, 0, 720, 947, 699, 132, 6.95%, 0, 0, 5, 14.71
1700915910, 0, 720, 948, 700, 132, 6.95%, 0, 0, 5, 14.64
1700915971, 0, 720, 949, 701, 132, 6.95%, 0, 0, 5, 15.29
1700915992, 0, 721, 949, 700, 154, 6.95%, 0, 0, 5, 15.07
1700916002, 0, 722, 949, 699, 153, 6.95%, 0, 0, 5, 14.60
1700916018, 0, 723, 949, 698, 152, 6.95%, 0, 0, 5, 14.31
1700916028, 0, 724, 949, 697, 151, 6.95%, 0, 0, 5, 14.36
1700916043, 0, 725, 949, 696, 150, 6.95%, 0, 0, 5, 14.70
1700916079, 0, 725, 950, 697, 150, 6.95%, 0, 0, 5, 15.54
1700916910, 0, 725, 951, 698, 150, 6.95%, 0, 0, 5, 15.53
1700920102, 0, 726, 951, 697, 150, 6.95%, 0, 0, 5, 15.41
1700920835, 0, 726, 952, 698, 150, 6.95%, 0, 0, 5, 15.38
1700923214, 0, 726, 953, 699, 150, 6.96%, 0, 0, 5, 15.34
1700923225, 0, 726, 954, 700, 150, 6.96%, 0, 0, 5, 15.58
1700923230, 0, 726, 955, 701, 150, 6.96%, 0, 0, 5, 16.07
1700923312, 0, 732, 955, 700, 152, 6.96%, 0, 0, 5, 14.51
1700926863, 0, 733, 955, 699, 151, 6.96%, 0, 0, 5, 14.73
1700929890, 0, 734, 955, 698, 150, 6.96%, 0, 0, 5, 15.16
1700934207, 0, 734, 956, 699, 150, 6.96%, 0, 0, 5, 14.88
1700934227, 0, 735, 956, 698, 150, 6.96%, 0, 0, 5, 14.35
1700938200, 0, 736, 956, 697, 149, 6.96%, 0, 0, 5, 14.81
1700938221, 0, 736, 957, 698, 149, 6.96%, 0, 0, 5, 22.74
1700938662, 0, 736, 958, 699, 149, 6.96%, 0, 0, 5, 24.20
1700938677, 0, 736, 959, 700, 149, 6.96%, 0, 0, 5, 22.91
1700941057, 0, 737, 959, 699, 149, 6.96%, 0, 0, 5, 14.45
1700944513, 0, 738, 959, 698, 148, 6.96%, 0, 0, 5, 14.17
1700948379, 0, 740, 959, 696, 146, 6.96%, 0, 0, 5, 18.42
1700948589, 0, 740, 960, 697, 146, 6.96%, 0, 0, 5, 14.28
1700948614, 0, 741, 960, 696, 146, 6.96%, 0, 0, 5, 14.54
1700948660, 0, 741, 961, 697, 146, 6.96%, 0, 0, 5, 14.34
1700948931, 0, 741, 962, 698, 146, 6.97%, 0, 0, 5, 13.25
1700948937, 0, 741, 963, 699, 146, 6.97%, 0, 0, 5, 13.69
1700948977, 0, 743, 963, 698, 148, 6.97%, 0, 0, 5, 12.29
1700950989, 0, 747, 963, 697, 147, 6.97%, 0, 0, 5, 12.65
1700950994, 0, 748, 963, 696, 146, 6.97%, 0, 0, 5, 15.98
1700951004, 0, 748, 964, 697, 146, 6.97%, 0, 0, 5, 17.20
1700951010, 0, 748, 966, 699, 146, 6.98%, 0, 0, 5, 16.98
1700951030, 0, 748, 967, 700, 146, 6.99%, 0, 0, 5, 17.01
1700951163, 0, 748, 968, 701, 146, 6.99%, 0, 0, 5, 18.12
1700951593, 0, 749, 968, 700, 148, 6.99%, 0, 0, 5, 14.37
1700951788, 0, 749, 969, 701, 148, 6.99%, 0, 0, 5, 15.23
1700952197, 0, 751, 969, 700, 147, 6.99%, 0, 0, 5, 11.32
1700952202, 0, 753, 969, 699, 146, 6.99%, 0, 0, 5, 13.97
1700952269, 0, 753, 970, 700, 146, 7.00%, 0, 0, 5, 12.63
