# unix_time, cycles_done, cur_path, paths_total, pending_total, pending_favs, map_size, unique_crashes, unique_hangs, max_depth, execs_per_sec
1700597281, 0, 0, 1, 1, 1, 1.08%, 0, 0, 1, 14.90
1700597286, 0, 0, 13, 13, 1, 1.42%, 0, 0, 2, 17.86
1700597291, 0, 0, 17, 17, 1, 1.44%, 0, 0, 2, 4.56
1700597296, 0, 0, 23, 23, 1, 1.94%, 0, 0, 2, 8.61
1700597302, 0, 0, 25, 25, 1, 1.94%, 0, 0, 2, 8.03
1700597307, 0, 0, 27, 27, 1, 1.95%, 0, 0, 2, 6.26
1700597312, 0, 0, 30, 30, 1, 1.95%, 0, 0, 2, 7.00
1700597317, 0, 0, 32, 32, 1, 1.95%, 0, 0, 2, 6.90
1700597322, 0, 0, 34, 34, 1, 1.95%, 0, 0, 2, 7.23
1700597327, 0, 0, 37, 37, 1, 1.98%, 0, 0, 2, 6.46
1700597333, 0, 0, 38, 38, 1, 1.98%, 0, 0, 2, 5.60
1700597338, 0, 0, 41, 41, 1, 2.84%, 0, 0, 2, 6.92
1700597343, 0, 0, 42, 42, 1, 2.84%, 0, 0, 2, 5.39
1700597353, 0, 0, 45, 45, 1, 2.87%, 0, 0, 2, 5.37
1700597364, 0, 0, 46, 46, 1, 2.87%, 0, 0, 2, 4.83
1700597369, 0, 0, 47, 47, 1, 2.87%, 0, 0, 2, 5.03
1700597374, 0, 0, 49, 49, 1, 2.87%, 0, 0, 2, 5.78
1700597379, 0, 0, 50, 50, 1, 2.87%, 0, 0, 2, 5.38
1700597389, 0, 0, 51, 51, 1, 2.89%, 0, 0, 2, 3.98
1700597394, 0, 0, 52, 52, 1, 2.89%, 0, 0, 2, 4.89
1700597430, 0, 0, 53, 53, 1, 2.89%, 0, 0, 2, 16.32
1700597441, 0, 0, 54, 54, 1, 2.89%, 0, 0, 2, 8.19
1700597451, 0, 0, 56, 56, 1, 2.95%, 0, 0, 2, 5.61
1700597476, 0, 0, 57, 57, 1, 2.95%, 0, 0, 2, 4.07
1700597487, 0, 0, 58, 58, 1, 2.99%, 0, 0, 2, 4.40
1700597528, 0, 0, 59, 59, 1, 2.99%, 0, 0, 2, 4.24
1700597533, 0, 0, 61, 61, 1, 2.99%, 0, 0, 2, 4.91
1700597584, 0, 5, 61, 60, 17, 2.99%, 0, 0, 2, 17.29
1700597610, 0, 18, 61, 59, 16, 2.99%, 0, 0, 2, 0.63
1700597620, 0, 18, 62, 60, 16, 5.05%, 0, 0, 3, 8.08
1700597625, 0, 18, 64, 62, 16, 5.06%, 0, 0, 3, 9.80
1700597635, 0, 18, 66, 64, 16, 5.06%, 0, 0, 3, 11.35
1700597640, 0, 18, 69, 67, 16, 5.06%, 0, 0, 3, 11.57
1700597651, 0, 18, 71, 69, 16, 5.06%, 0, 0, 3, 13.32
1700597712, 0, 18, 72, 70, 16, 5.06%, 0, 0, 3, 12.40
1700597722, 0, 18, 74, 72, 16, 5.10%, 0, 0, 3, 9.10
1700597727, 0, 18, 75, 73, 16, 5.10%, 0, 0, 3, 9.86
1700597737, 0, 18, 76, 74, 16, 5.11%, 0, 0, 3, 11.75
1700597743, 0, 18, 77, 75, 16, 5.11%, 0, 0, 3, 12.35
1700597748, 0, 18, 79, 77, 16, 5.11%, 0, 0, 3, 13.03
1700597820, 0, 18, 80, 78, 16, 5.11%, 0, 0, 3, 10.27
1700597825, 0, 18, 81, 79, 16, 5.11%, 0, 0, 3, 9.16
1700597835, 0, 18, 82, 80, 16, 5.11%, 0, 0, 3, 12.60
1700597937, 0, 18, 83, 81, 16, 5.12%, 0, 0, 3, 9.08
1700597978, 0, 18, 84, 82, 16, 5.12%, 0, 0, 3, 11.90
1700598009, 0, 18, 86, 84, 16, 5.13%, 0, 0, 3, 10.93
1700598014, 0, 18, 87, 85, 16, 5.13%, 0, 0, 3, 12.75
1700598065, 0, 18, 89, 87, 16, 5.13%, 0, 0, 3, 12.92
1700598532, 0, 18, 90, 88, 16, 5.13%, 0, 0, 3, 10.83
1700598537, 0, 18, 92, 90, 16, 5.15%, 0, 0, 3, 8.13
1700598542, 0, 18, 94, 92, 16, 5.15%, 0, 0, 3, 8.71
1700598557, 0, 18, 96, 94, 16, 5.27%, 0, 0, 3, 10.44
1700598562, 0, 18, 97, 95, 16, 5.28%, 0, 0, 3, 7.92
1700598568, 0, 18, 98, 96, 16, 5.28%, 0, 0, 3, 7.01
1700598573, 0, 18, 99, 97, 16, 5.29%, 0, 0, 3, 6.91
1700598578, 0, 18, 100, 98, 16, 5.31%, 0, 0, 3, 6.78
1700598645, 0, 18, 102, 100, 16, 5.35%, 0, 0, 3, 9.31
1700598650, 0, 18, 104, 102, 16, 5.38%, 0, 0, 3, 8.70
1700598655, 0, 18, 105, 103, 16, 5.39%, 0, 0, 3, 8.80
1700598660, 0, 18, 106, 104, 16, 5.40%, 0, 0, 3, 7.66
1700598670, 0, 18, 108, 106, 16, 5.40%, 0, 0, 3, 7.06
1700598675, 0, 18, 109, 107, 16, 5.41%, 0, 0, 3, 6.86
1700598762, 0, 18, 110, 108, 16, 5.41%, 0, 0, 3, 11.83
1700598767, 0, 18, 111, 109, 16, 5.41%, 0, 0, 3, 12.04
1700598798, 0, 18, 112, 110, 16, 5.42%, 0, 0, 3, 9.99
1700598804, 0, 18, 115, 113, 16, 5.46%, 0, 0, 3, 9.25
1700598809, 0, 18, 116, 114, 16, 5.47%, 0, 0, 3, 8.38
1700598814, 0, 18, 118, 116, 16, 5.47%, 0, 0, 3, 9.20
1700598819, 0, 18, 119, 117, 16, 5.47%, 0, 0, 3, 8.59
1700598824, 0, 18, 122, 120, 16, 5.49%, 0, 0, 3, 8.67
1700598829, 0, 18, 124, 122, 16, 5.50%, 0, 0, 3, 8.89
1700598835, 0, 18, 126, 124, 16, 5.59%, 0, 0, 3, 8.18
1700598840, 0, 18, 128, 126, 16, 5.62%, 0, 0, 3, 8.09
1700598845, 0, 18, 130, 128, 16, 5.65%, 0, 0, 3, 8.23
1700598850, 0, 18, 131, 129, 16, 5.65%, 0, 0, 3, 8.08
1700598860, 0, 18, 133, 131, 16, 5.66%, 0, 0, 3, 8.54
1700598866, 0, 18, 135, 133, 16, 5.68%, 0, 0, 3, 8.56
1700598871, 0, 18, 137, 135, 16, 5.68%, 0, 0, 3, 8.52
1700598876, 0, 18, 139, 137, 16, 5.69%, 0, 0, 3, 8.50
1700598881, 0, 18, 141, 139, 16, 5.71%, 0, 0, 3, 8.17
1700598886, 0, 18, 143, 141, 16, 5.71%, 0, 0, 3, 8.92
1700598896, 0, 18, 146, 144, 16, 5.71%, 0, 0, 3, 7.94
1700598901, 0, 18, 147, 145, 16, 5.71%, 0, 0, 3, 8.56
1700598906, 0, 18, 148, 146, 16, 5.71%, 0, 0, 3, 9.04
1700598911, 0, 18, 149, 147, 16, 5.71%, 0, 0, 3, 8.58
1700598916, 0, 18, 150, 148, 16, 5.71%, 0, 0, 3, 8.06
1700598922, 0, 18, 152, 150, 16, 5.71%, 0, 0, 3, 8.99
1700598927, 0, 18, 153, 151, 16, 5.71%, 0, 0, 3, 9.07
1700598937, 0, 18, 154, 152, 16, 5.71%, 0, 0, 3, 8.69
1700598942, 0, 18, 157, 155, 16, 5.72%, 0, 0, 3, 8.06
1700598952, 0, 18, 158, 156, 16, 5.72%, 0, 0, 3, 8.20
1700598963, 0, 18, 160, 158, 16, 5.73%, 0, 0, 3, 8.88
1700598968, 0, 18, 161, 159, 16, 5.73%, 0, 0, 3, 9.19
1700598973, 0, 18, 163, 161, 16, 5.94%, 0, 0, 3, 8.49
1700598978, 0, 18, 164, 162, 16, 5.94%, 0, 0, 3, 9.12
1700598983, 0, 18, 165, 163, 16, 5.94%, 0, 0, 3, 8.46
1700598988, 0, 18, 166, 164, 16, 5.94%, 0, 0, 3, 8.11
1700598999, 0, 18, 167, 165, 16, 5.95%, 0, 0, 3, 8.26
1700599004, 0, 18, 168, 166, 16, 5.96%, 0, 0, 3, 9.07
1700599009, 0, 18, 170, 168, 16, 5.96%, 0, 0, 3, 8.55
1700599014, 0, 18, 172, 170, 16, 5.97%, 0, 0, 3, 8.32
1700599019, 0, 18, 173, 171, 16, 5.97%, 0, 0, 3, 8.28
1700599025, 0, 18, 174, 172, 16, 5.97%, 0, 0, 3, 8.32
1700599030, 0, 18, 175, 173, 16, 5.97%, 0, 0, 3, 8.67
1700599035, 0, 18, 176, 174, 16, 5.97%, 0, 0, 3, 8.55
1700599040, 0, 18, 177, 175, 16, 5.97%, 0, 0, 3, 8.75
1700599045, 0, 18, 178, 176, 16, 5.97%, 0, 0, 3, 8.57
1700599056, 0, 18, 179, 177, 16, 5.98%, 0, 0, 3, 9.04
1700599061, 0, 18, 181, 179, 16, 5.98%, 0, 0, 3, 8.49
1700599071, 0, 18, 182, 180, 16, 5.98%, 0, 0, 3, 8.62
1700599076, 0, 18, 183, 181, 16, 5.98%, 0, 0, 3, 8.62
1700599082, 0, 18, 184, 182, 16, 5.98%, 0, 0, 3, 8.46
1700599087, 0, 18, 185, 183, 16, 5.99%, 0, 0, 3, 8.77
1700599092, 0, 18, 186, 184, 16, 5.99%, 0, 0, 3, 9.14
1700599097, 0, 18, 188, 186, 16, 5.99%, 0, 0, 3, 8.07
1700599102, 0, 18, 189, 187, 16, 6.01%, 0, 0, 3, 8.07
1700599107, 0, 18, 191, 189, 16, 6.06%, 0, 0, 3, 8.04
1700599112, 0, 18, 192, 190, 16, 6.06%, 0, 0, 3, 7.92
1700599117, 0, 18, 193, 191, 16, 6.07%, 0, 0, 3, 7.80
1700599123, 0, 18, 194, 192, 16, 6.07%, 0, 0, 3, 7.84
1700599128, 0, 18, 195, 193, 16, 6.07%, 0, 0, 3, 9.26
1700599143, 0, 18, 196, 194, 16, 6.08%, 0, 0, 3, 9.09
1700599154, 0, 18, 198, 196, 16, 6.08%, 0, 0, 3, 9.34
1700599169, 0, 18, 199, 197, 16, 6.08%, 0, 0, 3, 8.62
1700599174, 0, 18, 200, 198, 16, 6.08%, 0, 0, 3, 8.56
1700599180, 0, 18, 201, 199, 16, 6.08%, 0, 0, 3, 8.33
1700599190, 0, 18, 202, 200, 16, 6.08%, 0, 0, 3, 8.28
1700599195, 0, 18, 204, 202, 16, 6.09%, 0, 0, 3, 8.43
1700599210, 0, 18, 205, 203, 16, 6.09%, 0, 0, 3, 8.91
1700599221, 0, 18, 206, 204, 16, 6.10%, 0, 0, 3, 8.65
1700599231, 0, 18, 207, 205, 16, 6.11%, 0, 0, 3, 8.76
1700599246, 0, 18, 208, 206, 16, 6.11%, 0, 0, 3, 8.33
1700599262, 0, 18, 209, 207, 16, 6.11%, 0, 0, 3, 9.27
1700599272, 0, 18, 210, 208, 16, 6.11%, 0, 0, 3, 8.88
1700599282, 0, 18, 211, 209, 16, 6.11%, 0, 0, 3, 8.40
1700599287, 0, 18, 212, 210, 16, 6.11%, 0, 0, 3, 8.38
1700599298, 0, 18, 213, 211, 16, 6.11%, 0, 0, 3, 9.07
1700599303, 0, 18, 215, 213, 16, 6.11%, 0, 0, 3, 8.86
1700599308, 0, 18, 216, 214, 16, 6.11%, 0, 0, 3, 8.26
1700599313, 0, 18, 217, 215, 16, 6.11%, 0, 0, 3, 8.02
1700599323, 0, 18, 218, 216, 16, 6.11%, 0, 0, 3, 8.94
1700599339, 0, 18, 220, 218, 16, 6.11%, 0, 0, 3, 8.81
1700599374, 0, 18, 221, 219, 16, 6.11%, 0, 0, 3, 9.39
1700599395, 0, 18, 222, 220, 16, 6.11%, 0, 0, 3, 9.41
1700599416, 0, 18, 223, 221, 16, 6.11%, 0, 0, 3, 8.77
1700599421, 0, 18, 224, 222, 16, 6.11%, 0, 0, 3, 8.62
1700599431, 0, 18, 225, 223, 16, 6.12%, 0, 0, 3, 8.63
1700599442, 0, 18, 226, 224, 16, 6.12%, 0, 0, 3, 8.48
1700599447, 0, 18, 227, 225, 16, 6.12%, 0, 0, 3, 8.25
1700599485, 0, 23, 227, 224, 64, 6.12%, 0, 0, 3, 0.68
1700599526, 0, 25, 227, 223, 63, 6.12%, 0, 0, 3, 16.10
1700599536, 0, 27, 227, 222, 62, 6.12%, 0, 0, 3, 15.71
1700599552, 0, 28, 227, 221, 61, 6.12%, 0, 0, 3, 16.55
1700599587, 0, 31, 227, 220, 61, 6.12%, 0, 0, 3, 16.73
1700599598, 0, 36, 227, 219, 60, 6.12%, 0, 0, 3, 2.28
1700599748, 0, 36, 228, 220, 60, 6.19%, 0, 0, 3, 7.37
1700599763, 0, 36, 229, 221, 60, 6.20%, 0, 0, 3, 7.20
1700599784, 0, 36, 230, 222, 60, 6.20%, 0, 0, 3, 6.45
1700599804, 0, 36, 232, 224, 60, 6.23%, 0, 0, 3, 7.13
1700599820, 0, 36, 234, 226, 60, 6.25%, 0, 0, 3, 7.37
1700599871, 0, 36, 235, 227, 60, 6.26%, 0, 0, 3, 6.57
1700599891, 0, 36, 236, 228, 60, 6.30%, 0, 0, 3, 7.02
1700599927, 0, 36, 237, 229, 60, 6.30%, 0, 0, 3, 6.65
1700599948, 0, 36, 238, 230, 60, 6.30%, 0, 0, 3, 7.36
1700600025, 0, 36, 239, 231, 60, 6.37%, 0, 0, 3, 7.23
1700600086, 0, 36, 240, 232, 60, 6.37%, 0, 0, 3, 7.14
1700600122, 0, 36, 241, 233, 60, 6.37%, 0, 0, 3, 7.16
1700600127, 0, 36, 242, 234, 60, 6.37%, 0, 0, 3, 6.82
1700600132, 0, 36, 243, 235, 60, 6.40%, 0, 0, 3, 6.97
1700600153, 0, 36, 244, 236, 60, 6.40%, 0, 0, 3, 6.88
1700600158, 0, 36, 245, 237, 60, 6.41%, 0, 0, 3, 6.74
1700600209, 0, 36, 246, 238, 60, 6.41%, 0, 0, 3, 6.91
1700600255, 0, 36, 248, 240, 60, 6.43%, 0, 0, 3, 7.62
1700600276, 0, 36, 250, 242, 60, 6.44%, 0, 0, 3, 6.98
1700600374, 0, 36, 251, 243, 60, 6.44%, 0, 0, 3, 6.71
1700600477, 0, 36, 252, 244, 60, 6.44%, 0, 0, 3, 6.97
1700600498, 0, 36, 253, 245, 60, 6.46%, 0, 0, 3, 6.93
1700600508, 0, 40, 253, 244, 73, 6.46%, 0, 0, 3, 10.74
1700600519, 0, 40, 254, 245, 73, 6.46%, 0, 0, 3, 11.83
1700600529, 0, 40, 255, 246, 73, 6.46%, 0, 0, 3, 12.43
1700600534, 0, 40, 257, 248, 73, 6.47%, 0, 0, 3, 12.12
1700600539, 0, 40, 258, 249, 73, 6.47%, 0, 0, 3, 12.16
1700600544, 0, 40, 259, 250, 73, 6.47%, 0, 0, 3, 12.03
1700600616, 0, 40, 260, 251, 73, 6.47%, 0, 0, 3, 12.66
1700600754, 0, 40, 261, 252, 73, 6.48%, 0, 0, 3, 11.58
1700600898, 0, 40, 264, 255, 73, 6.50%, 0, 0, 3, 11.70
1700600955, 0, 40, 265, 256, 73, 6.50%, 0, 0, 3, 12.37
1700601964, 0, 40, 266, 257, 73, 6.53%, 0, 0, 3, 8.99
1700601969, 0, 40, 267, 258, 73, 6.53%, 0, 0, 3, 11.51
1700601974, 0, 40, 270, 261, 73, 6.54%, 0, 0, 3, 12.77
1700601999, 0, 40, 271, 262, 73, 6.54%, 0, 0, 3, 11.12
1700602046, 0, 40, 274, 265, 73, 6.54%, 0, 0, 3, 13.13
1700602164, 0, 40, 275, 266, 73, 6.54%, 0, 0, 3, 10.04
1700602461, 0, 40, 276, 267, 73, 6.56%, 0, 0, 3, 10.42
1700602486, 0, 40, 277, 268, 73, 6.56%, 0, 0, 3, 8.52
1700602491, 0, 40, 278, 269, 73, 6.56%, 0, 0, 3, 9.50
1700602517, 0, 40, 279, 270, 73, 6.56%, 0, 0, 3, 8.40
1700602522, 0, 40, 280, 271, 73, 6.56%, 0, 0, 3, 7.90
1700602532, 0, 40, 281, 272, 73, 6.65%, 0, 0, 3, 8.63
1700602543, 0, 40, 282, 273, 73, 6.65%, 0, 0, 3, 8.16
1700602568, 0, 40, 283, 274, 73, 6.67%, 0, 0, 3, 8.19
1700602573, 0, 40, 284, 275, 73, 6.67%, 0, 0, 3, 8.42
1700602578, 0, 40, 285, 276, 73, 6.67%, 0, 0, 3, 8.56
1700602584, 0, 40, 286, 277, 73, 6.67%, 0, 0, 3, 8.48
1700602609, 0, 40, 288, 279, 73, 6.75%, 0, 0, 3, 8.71
1700602615, 0, 40, 290, 281, 73, 6.75%, 0, 0, 3, 8.12
1700602620, 0, 40, 291, 282, 73, 6.75%, 0, 0, 3, 9.29
1700602625, 0, 40, 293, 284, 73, 6.75%, 0, 0, 3, 9.12
1700602630, 0, 40, 294, 285, 73, 6.78%, 0, 0, 3, 9.00
1700602640, 0, 40, 295, 286, 73, 6.78%, 0, 0, 3, 9.39
1700602707, 0, 40, 297, 288, 73, 6.98%, 0, 0, 3, 9.78
1700602733, 0, 40, 298, 289, 73, 6.99%, 0, 0, 3, 8.75
1700602759, 0, 40, 299, 290, 73, 6.99%, 0, 0, 3, 8.60
1700602770, 0, 40, 302, 293, 73, 6.99%, 0, 0, 3, 8.74
1700602775, 0, 40, 303, 294, 73, 7.00%, 0, 0, 3, 8.61
1700602805, 0, 40, 304, 295, 73, 7.00%, 0, 0, 3, 8.58
1700602811, 0, 40, 305, 296, 73, 7.00%, 0, 0, 3, 7.94
1700602856, 0, 40, 306, 297, 73, 7.00%, 0, 0, 3, 8.56
1700602867, 0, 40, 307, 298, 73, 7.00%, 0, 0, 3, 8.71
1700602872, 0, 40, 308, 299, 73, 7.00%, 0, 0, 3, 8.78
1700602887, 0, 40, 309, 300, 73, 7.00%, 0, 0, 3, 8.84
1700602892, 0, 40, 311, 302, 73, 7.03%, 0, 0, 3, 8.26
1700602897, 0, 40, 313, 304, 73, 7.03%, 0, 0, 3, 8.72
1700602902, 0, 40, 314, 305, 73, 7.03%, 0, 0, 3, 8.16
1700602913, 0, 40, 315, 306, 73, 7.04%, 0, 0, 3, 8.46
1700602949, 0, 40, 316, 307, 73, 7.04%, 0, 0, 3, 9.37
1700602964, 0, 40, 317, 308, 73, 7.04%, 0, 0, 3, 8.88
1700602969, 0, 40, 318, 309, 73, 7.04%, 0, 0, 3, 8.85
1700602974, 0, 40, 319, 310, 73, 7.07%, 0, 0, 3, 9.03
1700602995, 0, 40, 321, 312, 73, 7.08%, 0, 0, 3, 9.49
1700603000, 0, 40, 322, 313, 73, 7.08%, 0, 0, 3, 9.01
1700603010, 0, 40, 323, 314, 73, 7.09%, 0, 0, 3, 8.75
1700603030, 0, 40, 324, 315, 73, 7.10%, 0, 0, 3, 9.40
1700603082, 0, 40, 325, 316, 73, 7.10%, 0, 0, 3, 8.39
1700603092, 0, 40, 326, 317, 73, 7.10%, 0, 0, 3, 9.05
1700603128, 0, 40, 327, 318, 73, 7.10%, 0, 0, 3, 9.40
1700603138, 0, 40, 328, 319, 73, 7.10%, 0, 0, 3, 9.64
1700603143, 0, 40, 329, 320, 73, 7.11%, 0, 0, 3, 8.92
1700603159, 0, 40, 330, 321, 73, 7.13%, 0, 0, 3, 7.88
1700603185, 0, 40, 331, 322, 73, 7.13%, 0, 0, 3, 8.96
1700603200, 0, 40, 332, 323, 73, 7.13%, 0, 0, 3, 9.04
1700603216, 0, 40, 333, 324, 73, 7.13%, 0, 0, 3, 9.32
1700603241, 0, 40, 334, 325, 73, 7.13%, 0, 0, 3, 8.86
1700603263, 0, 49, 334, 324, 97, 7.13%, 0, 0, 3, 0.42
1700603596, 0, 49, 335, 325, 97, 7.13%, 0, 0, 3, 11.28
1700603648, 0, 49, 336, 326, 97, 7.13%, 0, 0, 3, 8.76
1700603746, 0, 55, 336, 325, 96, 7.13%, 0, 0, 3, 11.43
1700603900, 0, 55, 337, 326, 96, 7.13%, 0, 0, 3, 12.30
1700604365, 0, 55, 338, 327, 96, 7.13%, 0, 0, 3, 9.86
1700604590, 0, 56, 338, 326, 95, 7.13%, 0, 0, 3, 8.89
1700604801, 0, 56, 339, 327, 95, 7.13%, 0, 0, 3, 13.15
1700605159, 0, 56, 340, 328, 95, 7.13%, 0, 0, 3, 13.02
1700605378, 0, 57, 340, 327, 94, 7.13%, 0, 0, 3, 10.08
1700605388, 0, 57, 341, 328, 94, 7.13%, 0, 0, 3, 12.27
1700605465, 0, 57, 342, 329, 94, 7.14%, 0, 0, 3, 12.81
1700605664, 0, 57, 343, 330, 94, 7.14%, 0, 0, 3, 12.65
1700605725, 0, 57, 344, 331, 94, 7.14%, 0, 0, 3, 13.69
1700605731, 0, 57, 345, 332, 94, 7.14%, 0, 0, 3, 14.31
1700606907, 0, 57, 346, 333, 94, 7.14%, 0, 0, 3, 11.13
1700607224, 0, 57, 347, 334, 94, 7.14%, 0, 0, 3, 10.26
1700607235, 0, 57, 349, 336, 94, 7.14%, 0, 0, 3, 9.38
1700607240, 0, 57, 350, 337, 94, 7.14%, 0, 0, 3, 8.62
1700607245, 0, 57, 351, 338, 94, 7.14%, 0, 0, 3, 8.85
1700607250, 0, 57, 352, 339, 94, 7.14%, 0, 0, 3, 8.68
1700607271, 0, 57, 353, 340, 94, 7.14%, 0, 0, 3, 9.25
1700607286, 0, 57, 354, 341, 94, 7.21%, 0, 0, 3, 9.16
1700607327, 0, 57, 355, 342, 94, 7.21%, 0, 0, 3, 8.89
1700607353, 0, 57, 356, 343, 94, 7.22%, 0, 0, 3, 8.97
1700607363, 0, 57, 357, 344, 94, 7.23%, 0, 0, 3, 9.21
1700607414, 0, 57, 358, 345, 94, 7.23%, 0, 0, 3, 8.40
1700607419, 0, 57, 359, 346, 94, 7.23%, 0, 0, 3, 8.16
1700607434, 0, 57, 360, 347, 94, 7.23%, 0, 0, 3, 8.74
1700607440, 0, 57, 361, 348, 94, 7.23%, 0, 0, 3, 9.24
1700607460, 0, 57, 362, 349, 94, 7.23%, 0, 0, 3, 8.73
1700607501, 0, 57, 363, 350, 94, 7.24%, 0, 0, 3, 9.02
1700607517, 0, 57, 364, 351, 94, 7.24%, 0, 0, 3, 8.95
1700607563, 0, 57, 365, 352, 94, 7.29%, 0, 0, 3, 8.53
1700607573, 0, 57, 366, 353, 94, 7.29%, 0, 0, 3, 9.18
1700607599, 0, 57, 367, 354, 94, 7.29%, 0, 0, 3, 9.08
1700607614, 0, 57, 368, 355, 94, 7.29%, 0, 0, 3, 9.42
1700607645, 0, 57, 370, 357, 94, 7.29%, 0, 0, 3, 8.10
1700607727, 0, 57, 371, 358, 94, 7.30%, 0, 0, 3, 9.10
1700607742, 0, 57, 372, 359, 94, 7.30%, 0, 0, 3, 8.77
1700607758, 0, 57, 373, 360, 94, 7.30%, 0, 0, 3, 8.95
1700607763, 0, 57, 374, 361, 94, 7.30%, 0, 0, 3, 8.55
1700607768, 0, 57, 375, 362, 94, 7.30%, 0, 0, 3, 8.11
1700607845, 0, 57, 376, 363, 94, 7.30%, 0, 0, 3, 8.79
1700607865, 0, 57, 377, 364, 94, 7.30%, 0, 0, 3, 8.93
1700607875, 0, 57, 378, 365, 94, 7.30%, 0, 0, 3, 8.52
1700607958, 0, 57, 380, 367, 94, 7.30%, 0, 0, 3, 8.70
1700607988, 0, 59, 380, 366, 101, 7.30%, 0, 0, 3, 16.96
1700608008, 0, 60, 380, 365, 100, 7.30%, 0, 0, 3, 11.25
1700608070, 0, 60, 381, 366, 100, 7.30%, 0, 0, 3, 9.82
1700608470, 0, 62, 381, 365, 99, 7.30%, 0, 0, 3, 7.88
1700608946, 0, 74, 381, 364, 98, 7.30%, 0, 0, 3, 11.11
1700608966, 0, 74, 382, 365, 98, 7.31%, 0, 0, 4, 13.55
1700609293, 0, 74, 384, 367, 98, 7.32%, 0, 0, 4, 13.81
1700609298, 0, 74, 385, 368, 98, 7.32%, 0, 0, 4, 14.27
1700609969, 0, 74, 386, 369, 98, 7.32%, 0, 0, 4, 13.21
1700610011, 0, 101, 386, 368, 104, 7.32%, 0, 0, 4, 0.21
1700610022, 0, 101, 388, 370, 104, 7.32%, 0, 0, 4, 7.53
1700610149, 0, 101, 390, 372, 104, 7.32%, 0, 0, 4, 8.22
1700610272, 0, 101, 392, 374, 104, 7.33%, 0, 0, 4, 8.27
1700610448, 0, 101, 393, 375, 104, 7.34%, 0, 0, 4, 1.70
1700610454, 0, 101, 394, 376, 104, 7.34%, 0, 0, 4, 6.71
1700610581, 0, 101, 395, 377, 104, 7.34%, 0, 0, 4, 8.73
1700613427, 0, 101, 396, 378, 104, 7.34%, 0, 0, 4, 8.04
1700613452, 0, 102, 396, 377, 108, 7.34%, 0, 0, 4, 7.43
1700613468, 0, 102, 397, 378, 108, 7.35%, 0, 0, 4, 10.34
1700613549, 0, 102, 398, 379, 108, 7.35%, 0, 0, 4, 10.64
1700613749, 0, 102, 401, 382, 108, 7.38%, 0, 0, 4, 7.89
1700613754, 0, 102, 402, 383, 108, 7.39%, 0, 0, 4, 7.79
1700614006, 0, 102, 403, 384, 108, 7.39%, 0, 0, 4, 12.51
1700614730, 0, 104, 403, 383, 112, 7.39%, 0, 0, 4, 7.13
1700614782, 0, 104, 404, 384, 112, 7.39%, 0, 0, 4, 7.20
1700618320, 0, 104, 406, 386, 112, 7.40%, 0, 0, 4, 7.48
1700618860, 0, 104, 407, 387, 112, 7.44%, 0, 0, 4, 7.27
1700618886, 0, 104, 408, 388, 112, 7.44%, 0, 0, 4, 7.36
1700618891, 0, 104, 409, 389, 112, 7.44%, 0, 0, 4, 7.35
1700618896, 0, 104, 410, 390, 112, 7.45%, 0, 0, 4, 7.21
1700618922, 0, 104, 411, 391, 112, 7.46%, 0, 0, 4, 7.07
1700618927, 0, 104, 412, 392, 112, 7.46%, 0, 0, 4, 7.04
1700618968, 0, 104, 413, 393, 112, 7.46%, 0, 0, 4, 6.92
1700618999, 0, 104, 414, 394, 112, 7.46%, 0, 0, 4, 7.01
1700619015, 0, 104, 415, 395, 112, 7.46%, 0, 0, 4, 7.07
1700619030, 0, 104, 416, 396, 112, 7.46%, 0, 0, 4, 7.01
1700619180, 0, 104, 417, 397, 112, 7.46%, 0, 0, 4, 7.08
1700619185, 0, 104, 418, 398, 112, 7.46%, 0, 0, 4, 6.97
1700619258, 0, 104, 419, 399, 112, 7.46%, 0, 0, 4, 6.95
1700619263, 0, 104, 420, 400, 112, 7.46%, 0, 0, 4, 6.97
1700619273, 0, 104, 421, 401, 112, 7.46%, 0, 0, 4, 7.08
1700619319, 0, 104, 422, 402, 112, 7.46%, 0, 0, 4, 7.09
1700619345, 0, 104, 423, 403, 112, 7.47%, 0, 0, 4, 7.20
1700619355, 0, 104, 424, 404, 112, 7.47%, 0, 0, 4, 7.10
1700619365, 0, 104, 425, 405, 112, 7.47%, 0, 0, 4, 7.26
1700619432, 0, 104, 426, 406, 112, 7.47%, 0, 0, 4, 7.48
1700619474, 0, 104, 427, 407, 112, 7.47%, 0, 0, 4, 7.32
1700619562, 0, 104, 428, 408, 112, 7.47%, 0, 0, 4, 7.19
1700619572, 0, 104, 429, 409, 112, 7.47%, 0, 0, 4, 7.43
1700619577, 0, 104, 430, 410, 112, 7.47%, 0, 0, 4, 7.38
1700619783, 0, 104, 431, 411, 112, 7.47%, 0, 0, 4, 7.00
1700619798, 0, 114, 431, 410, 121, 7.47%, 0, 0, 4, 0.49
1700619958, 0, 114, 432, 411, 121, 7.47%, 0, 0, 4, 12.91
1700620668, 0, 116, 432, 410, 120, 7.47%, 0, 0, 4, 8.50
1700620704, 0, 116, 433, 411, 120, 7.47%, 0, 0, 4, 13.63
1700621492, 0, 116, 434, 412, 120, 7.47%, 0, 0, 4, 7.93
1700621518, 0, 118, 434, 411, 119, 7.47%, 0, 0, 4, 10.02
1700623536, 0, 121, 434, 410, 118, 7.47%, 0, 0, 4, 8.52
1700623541, 0, 121, 435, 411, 118, 7.48%, 0, 0, 4, 7.77
1700623561, 0, 121, 436, 412, 118, 7.50%, 0, 0, 4, 7.23
1700623894, 0, 121, 437, 413, 118, 7.50%, 0, 0, 4, 9.04
1700623899, 0, 121, 440, 416, 118, 7.50%, 0, 0, 4, 9.39
1700625546, 0, 121, 441, 417, 118, 7.51%, 0, 0, 4, 7.71
1700626004, 0, 121, 442, 418, 118, 7.51%, 0, 0, 4, 7.07
1700626014, 0, 121, 443, 419, 118, 7.51%, 0, 0, 4, 7.18
1700626025, 0, 121, 444, 420, 118, 7.51%, 0, 0, 4, 7.76
1700626030, 0, 121, 445, 421, 118, 7.51%, 0, 0, 4, 7.26
1700626060, 0, 121, 446, 422, 118, 7.51%, 0, 0, 4, 7.42
1700626071, 0, 121, 447, 423, 118, 7.51%, 0, 0, 4, 7.32
1700626081, 0, 121, 448, 424, 118, 7.51%, 0, 0, 4, 7.27
1700626112, 0, 121, 449, 425, 118, 7.52%, 0, 0, 4, 7.50
1700626251, 0, 121, 450, 426, 118, 7.52%, 0, 0, 4, 7.04
1700626266, 0, 121, 451, 427, 118, 7.52%, 0, 0, 4, 6.85
1700626271, 0, 121, 452, 428, 118, 7.52%, 0, 0, 4, 6.96
1700626323, 0, 121, 453, 429, 118, 7.52%, 0, 0, 4, 6.67
1700626389, 0, 121, 454, 430, 118, 7.52%, 0, 0, 4, 7.19
1700626420, 0, 121, 456, 432, 118, 7.53%, 0, 0, 4, 7.23
1700626538, 0, 121, 457, 433, 118, 7.53%, 0, 0, 4, 7.44
1700626579, 0, 121, 458, 434, 118, 7.54%, 0, 0, 4, 7.22
1700626636, 0, 121, 459, 435, 118, 7.54%, 0, 0, 4, 6.99
1700626718, 0, 121, 460, 436, 118, 7.54%, 0, 0, 4, 7.10
1700626749, 0, 121, 461, 437, 118, 7.54%, 0, 0, 4, 7.16
1700626754, 0, 121, 462, 438, 118, 7.54%, 0, 0, 4, 7.27
1700626822, 0, 121, 463, 439, 118, 7.54%, 0, 0, 4, 7.04
1700626847, 0, 121, 464, 440, 118, 7.54%, 0, 0, 4, 7.46
1700626945, 0, 121, 465, 441, 118, 7.54%, 0, 0, 4, 6.98
1700626952, 0, 137, 465, 440, 132, 7.54%, 0, 0, 4, 0.32
1700627202, 0, 137, 466, 441, 132, 7.54%, 0, 0, 4, 7.70
1700627977, 0, 137, 467, 442, 132, 7.54%, 0, 0, 4, 7.97
1700628058, 0, 137, 468, 443, 132, 7.55%, 0, 0, 4, 7.79
1700628646, 0, 137, 469, 444, 132, 7.55%, 0, 0, 4, 7.23
1700628656, 0, 137, 470, 445, 132, 7.55%, 0, 0, 4, 7.57
1700628682, 0, 137, 471, 446, 132, 7.56%, 0, 0, 4, 7.48
1700628851, 0, 138, 471, 445, 135, 7.56%, 0, 0, 4, 7.15
1700628872, 0, 138, 472, 446, 135, 7.56%, 0, 0, 4, 11.05
1700629287, 0, 138, 473, 447, 135, 7.56%, 0, 0, 4, 10.56
1700629656, 0, 138, 474, 448, 135, 7.56%, 0, 0, 4, 11.00
1700629713, 0, 143, 474, 447, 136, 7.56%, 0, 0, 4, 3.83
1700631497, 0, 148, 474, 446, 136, 7.56%, 0, 0, 4, 6.77
1700632016, 0, 148, 475, 447, 136, 7.56%, 0, 0, 4, 7.55
