# unix_time, cycles_done, cur_path, paths_total, pending_total, pending_favs, map_size, unique_crashes, unique_hangs, max_depth, execs_per_sec
1700952442, 0, 0, 1, 1, 1, 1.07%, 0, 0, 1, 7.16
1700952447, 0, 0, 19, 19, 1, 3.85%, 0, 0, 2, 26.87
1700952452, 0, 0, 26, 26, 1, 4.59%, 0, 0, 2, 17.04
1700952457, 0, 0, 32, 32, 1, 4.63%, 0, 0, 2, 15.17
1700952462, 0, 0, 37, 37, 1, 4.82%, 0, 0, 2, 15.34
1700952467, 0, 0, 42, 42, 1, 4.90%, 0, 0, 2, 13.89
1700952472, 0, 0, 45, 45, 1, 4.93%, 0, 0, 2, 12.56
1700952477, 0, 0, 48, 48, 1, 5.08%, 0, 0, 2, 10.87
1700952483, 0, 0, 49, 49, 1, 5.51%, 0, 0, 2, 9.34
1700952488, 0, 0, 52, 52, 1, 5.51%, 0, 0, 2, 11.34
1700952493, 0, 0, 56, 56, 1, 5.54%, 0, 0, 2, 12.00
1700952498, 0, 0, 58, 58, 1, 5.54%, 0, 0, 2, 11.53
1700952503, 0, 0, 62, 62, 1, 5.54%, 0, 0, 2, 12.16
1700952508, 0, 0, 63, 63, 1, 5.54%, 0, 0, 2, 10.05
1700952514, 0, 0, 66, 66, 1, 5.55%, 0, 0, 2, 11.54
1700952519, 0, 0, 67, 67, 1, 5.59%, 0, 0, 2, 9.78
1700952524, 0, 0, 70, 70, 1, 5.64%, 0, 0, 2, 9.73
1700952529, 0, 0, 72, 72, 1, 5.73%, 0, 0, 2, 9.13
1700952534, 0, 0, 74, 74, 1, 5.89%, 0, 0, 2, 9.20
1700952539, 0, 0, 76, 76, 1, 5.96%, 0, 0, 2, 10.17
1700952544, 0, 0, 78, 78, 1, 5.96%, 0, 0, 2, 9.45
1700952549, 0, 0, 79, 79, 1, 5.96%, 0, 0, 2, 9.10
1700952555, 0, 0, 82, 82, 1, 6.01%, 0, 0, 2, 11.22
1700952570, 0, 1, 82, 81, 30, 6.01%, 0, 0, 2, 39.55
1700952575, 0, 4, 82, 80, 29, 6.01%, 0, 0, 2, 7.56
1700952580, 0, 4, 84, 82, 29, 6.01%, 0, 0, 3, 11.22
1700952585, 0, 4, 86, 84, 29, 6.09%, 0, 0, 3, 14.24
1700952596, 0, 4, 87, 85, 29, 6.09%, 0, 0, 3, 15.17
1700952606, 0, 4, 88, 86, 29, 6.21%, 0, 0, 3, 14.98
1700952611, 0, 4, 90, 88, 29, 6.21%, 0, 0, 3, 12.09
1700952616, 0, 4, 91, 89, 29, 6.21%, 0, 0, 3, 11.50
1700952621, 0, 4, 93, 91, 29, 6.23%, 0, 0, 3, 15.31
1700952626, 0, 4, 94, 92, 29, 6.23%, 0, 0, 3, 15.17
1700952631, 0, 4, 96, 94, 29, 6.26%, 0, 0, 3, 14.11
1700952636, 0, 4, 97, 95, 29, 6.26%, 0, 0, 3, 16.72
1700952652, 0, 4, 98, 96, 29, 6.26%, 0, 0, 3, 15.01
1700952662, 0, 4, 100, 98, 29, 6.26%, 0, 0, 3, 15.03
1700952703, 0, 4, 101, 99, 29, 6.27%, 0, 0, 3, 14.33
1700952708, 0, 4, 102, 100, 29, 6.27%, 0, 0, 3, 14.85
1700952713, 0, 4, 105, 103, 29, 6.27%, 0, 0, 3, 14.61
1700952800, 0, 4, 106, 104, 29, 6.27%, 0, 0, 3, 10.81
1700952923, 0, 4, 107, 105, 29, 6.27%, 0, 0, 3, 13.65
1700952928, 0, 4, 108, 106, 29, 6.27%, 0, 0, 3, 13.58
1700952948, 0, 4, 109, 107, 29, 6.28%, 0, 0, 3, 12.51
1700952984, 0, 4, 110, 108, 29, 6.28%, 0, 0, 3, 13.84
1700952995, 0, 4, 111, 109, 29, 6.28%, 0, 0, 3, 14.01
1700953000, 0, 4, 112, 110, 29, 6.28%, 0, 0, 3, 13.96
1700953424, 0, 4, 115, 113, 29, 6.32%, 0, 0, 3, 13.91
1700953429, 0, 4, 116, 114, 29, 6.32%, 0, 0, 3, 12.68
1700953445, 0, 4, 119, 117, 29, 6.38%, 0, 0, 3, 13.33
1700953450, 0, 4, 121, 119, 29, 6.39%, 0, 0, 3, 11.49
1700953455, 0, 4, 122, 120, 29, 6.39%, 0, 0, 3, 12.76
1700953531, 0, 4, 123, 121, 29, 6.41%, 0, 0, 3, 10.00
1700953536, 0, 4, 126, 124, 29, 6.47%, 0, 0, 3, 12.56
1700953546, 0, 4, 127, 125, 29, 6.48%, 0, 0, 3, 12.96
1700953557, 0, 4, 128, 126, 29, 6.48%, 0, 0, 3, 13.05
1700953684, 0, 4, 134, 132, 29, 6.56%, 0, 0, 3, 13.66
1700953689, 0, 4, 142, 140, 29, 6.65%, 0, 0, 3, 13.77
1700953695, 0, 4, 147, 145, 29, 6.67%, 0, 0, 3, 12.34
1700953700, 0, 4, 152, 150, 29, 6.68%, 0, 0, 3, 12.48
1700953705, 0, 4, 156, 154, 29, 6.69%, 0, 0, 3, 12.70
1700953710, 0, 4, 161, 159, 29, 6.70%, 0, 0, 3, 11.95
1700953715, 0, 4, 166, 164, 29, 6.74%, 0, 0, 3, 13.35
1700953720, 0, 4, 171, 169, 29, 6.76%, 0, 0, 3, 12.88
1700953725, 0, 4, 175, 173, 29, 6.77%, 0, 0, 3, 12.37
1700953730, 0, 4, 179, 177, 29, 6.78%, 0, 0, 3, 12.63
1700953735, 0, 4, 184, 182, 29, 6.80%, 0, 0, 3, 12.46
1700953741, 0, 4, 188, 186, 29, 6.86%, 0, 0, 3, 11.77
1700953746, 0, 4, 191, 189, 29, 6.87%, 0, 0, 3, 12.30
1700953751, 0, 4, 194, 192, 29, 6.87%, 0, 0, 3, 12.36
1700953756, 0, 4, 198, 196, 29, 6.88%, 0, 0, 3, 11.65
1700953761, 0, 4, 201, 199, 29, 6.88%, 0, 0, 3, 9.89
1700953766, 0, 4, 203, 201, 29, 6.88%, 0, 0, 3, 11.03
1700953771, 0, 4, 206, 204, 29, 6.90%, 0, 0, 3, 11.49
1700953777, 0, 4, 207, 205, 29, 6.90%, 0, 0, 3, 10.92
1700953782, 0, 4, 210, 208, 29, 6.91%, 0, 0, 3, 12.48
1700953787, 0, 4, 214, 212, 29, 6.92%, 0, 0, 3, 11.95
1700953792, 0, 4, 218, 216, 29, 6.95%, 0, 0, 3, 10.69
1700953797, 0, 4, 221, 219, 29, 6.96%, 0, 0, 3, 11.66
1700953802, 0, 4, 222, 220, 29, 6.96%, 0, 0, 3, 12.19
1700953807, 0, 4, 224, 222, 29, 6.96%, 0, 0, 3, 13.05
1700953812, 0, 4, 227, 225, 29, 6.97%, 0, 0, 3, 12.75
1700953817, 0, 4, 228, 226, 29, 6.97%, 0, 0, 3, 11.29
1700953823, 0, 4, 229, 227, 29, 6.97%, 0, 0, 3, 10.71
1700953828, 0, 4, 232, 230, 29, 6.97%, 0, 0, 3, 11.89
1700953833, 0, 4, 233, 231, 29, 6.97%, 0, 0, 3, 12.20
1700953838, 0, 4, 235, 233, 29, 6.97%, 0, 0, 3, 12.22
1700953843, 0, 4, 238, 236, 29, 6.97%, 0, 0, 3, 12.65
1700953849, 0, 4, 240, 238, 29, 6.98%, 0, 0, 3, 10.91
1700953859, 0, 4, 243, 241, 29, 7.00%, 0, 0, 3, 11.84
1700953864, 0, 4, 246, 244, 29, 7.00%, 0, 0, 3, 11.75
1700953874, 0, 4, 248, 246, 29, 7.00%, 0, 0, 3, 11.52
1700953879, 0, 4, 250, 248, 29, 7.00%, 0, 0, 3, 12.80
1700953890, 0, 4, 252, 250, 29, 7.04%, 0, 0, 3, 11.57
1700953895, 0, 4, 253, 251, 29, 7.04%, 0, 0, 3, 11.90
1700953900, 0, 4, 255, 253, 29, 7.06%, 0, 0, 3, 11.63
1700953905, 0, 4, 257, 255, 29, 7.07%, 0, 0, 3, 11.99
1700953910, 0, 4, 259, 257, 29, 7.07%, 0, 0, 3, 11.39
1700953915, 0, 4, 260, 258, 29, 7.07%, 0, 0, 3, 11.90
1700953931, 0, 4, 263, 261, 29, 7.12%, 0, 0, 3, 10.78
1700953947, 0, 4, 264, 262, 29, 7.12%, 0, 0, 3, 9.35
1700953952, 0, 4, 265, 263, 29, 7.12%, 0, 0, 3, 11.30
1700953957, 0, 4, 266, 264, 29, 7.12%, 0, 0, 3, 11.84
1700953962, 0, 4, 268, 266, 29, 7.13%, 0, 0, 3, 11.86
1700953967, 0, 4, 271, 269, 29, 7.13%, 0, 0, 3, 12.15
1700953977, 0, 4, 272, 270, 29, 7.14%, 0, 0, 3, 13.00
1700953983, 0, 4, 273, 271, 29, 7.14%, 0, 0, 3, 10.22
1700953993, 0, 8, 274, 271, 101, 7.14%, 0, 0, 3, 26.90
1700954009, 0, 24, 274, 270, 100, 7.14%, 0, 0, 3, 2.43
1700954019, 0, 24, 275, 271, 100, 7.14%, 0, 0, 3, 10.71
1700954024, 0, 24, 277, 273, 100, 7.15%, 0, 0, 3, 10.23
1700954034, 0, 24, 278, 274, 100, 7.15%, 0, 0, 3, 9.20
1700954039, 0, 24, 281, 277, 100, 7.15%, 0, 0, 3, 11.86
1700954050, 0, 24, 284, 280, 100, 7.17%, 0, 0, 3, 9.64
1700954127, 0, 24, 285, 281, 100, 7.17%, 0, 0, 3, 8.84
1700954132, 0, 24, 286, 282, 100, 7.17%, 0, 0, 3, 9.51
1700954168, 0, 24, 287, 283, 100, 7.18%, 0, 0, 3, 9.59
1700954183, 0, 24, 288, 284, 100, 7.18%, 0, 0, 3, 10.94
1700954316, 0, 24, 289, 285, 100, 7.18%, 0, 0, 3, 12.08
1700954434, 0, 24, 290, 286, 100, 7.19%, 0, 0, 3, 9.98
1700954495, 0, 24, 291, 287, 100, 7.19%, 0, 0, 3, 7.89
1700954536, 0, 24, 294, 290, 100, 7.21%, 0, 0, 3, 10.01
1700954541, 0, 24, 297, 293, 100, 7.22%, 0, 0, 3, 12.55
1700954598, 0, 24, 298, 294, 100, 7.22%, 0, 0, 3, 9.28
1700954603, 0, 24, 299, 295, 100, 7.22%, 0, 0, 3, 9.28
1700955510, 0, 24, 300, 296, 100, 7.22%, 0, 0, 3, 10.62
1700955515, 0, 24, 301, 297, 100, 7.22%, 0, 0, 3, 10.30
1700955531, 0, 24, 303, 299, 100, 7.22%, 0, 0, 3, 9.93
1700955613, 0, 24, 304, 300, 100, 7.22%, 0, 0, 3, 8.91
1700955618, 0, 24, 306, 302, 100, 7.24%, 0, 0, 3, 9.40
1700955786, 0, 24, 307, 303, 100, 7.24%, 0, 0, 3, 10.59
1700955791, 0, 24, 309, 305, 100, 7.24%, 0, 0, 3, 10.72
1700955797, 0, 24, 311, 307, 100, 7.25%, 0, 0, 3, 14.10
1700955802, 0, 24, 313, 309, 100, 7.26%, 0, 0, 3, 13.48
1700955807, 0, 24, 314, 310, 100, 7.26%, 0, 0, 3, 12.00
1700955812, 0, 24, 315, 311, 100, 7.26%, 0, 0, 3, 13.36
1700955817, 0, 24, 318, 314, 100, 7.26%, 0, 0, 3, 12.84
1700955823, 0, 24, 319, 315, 100, 7.26%, 0, 0, 3, 11.97
1700955828, 0, 24, 320, 316, 100, 7.26%, 0, 0, 3, 11.33
1700955838, 0, 24, 321, 317, 100, 7.26%, 0, 0, 3, 11.83
1700955843, 0, 24, 322, 318, 100, 7.27%, 0, 0, 3, 11.88
1700955858, 0, 24, 324, 320, 100, 7.27%, 0, 0, 3, 9.75
1700955863, 0, 24, 325, 321, 100, 7.28%, 0, 0, 3, 9.81
1700955868, 0, 24, 326, 322, 100, 7.28%, 0, 0, 3, 11.89
1700955879, 0, 24, 327, 323, 100, 7.29%, 0, 0, 3, 11.75
1700955884, 0, 24, 328, 324, 100, 7.29%, 0, 0, 3, 11.68
1700955889, 0, 24, 330, 326, 100, 7.29%, 0, 0, 3, 12.01
1700955899, 0, 24, 332, 328, 100, 7.29%, 0, 0, 3, 11.80
1700955904, 0, 24, 333, 329, 100, 7.29%, 0, 0, 3, 12.81
1700955909, 0, 24, 334, 330, 100, 7.29%, 0, 0, 3, 10.84
1700955919, 0, 24, 335, 331, 100, 7.29%, 0, 0, 3, 11.73
1700955925, 0, 24, 336, 332, 100, 7.29%, 0, 0, 3, 11.84
1700955930, 0, 24, 337, 333, 100, 7.29%, 0, 0, 3, 12.52
1700955940, 0, 24, 338, 334, 100, 7.29%, 0, 0, 3, 11.60
1700955945, 0, 24, 340, 336, 100, 7.29%, 0, 0, 3, 12.46
1700955950, 0, 24, 341, 337, 100, 7.29%, 0, 0, 3, 11.00
1700955956, 0, 24, 342, 338, 100, 7.29%, 0, 0, 3, 10.95
1700955971, 0, 24, 344, 340, 100, 7.30%, 0, 0, 3, 12.37
1700955981, 0, 24, 345, 341, 100, 7.30%, 0, 0, 3, 10.78
1700955992, 0, 24, 346, 342, 100, 7.30%, 0, 0, 3, 12.13
1700955997, 0, 24, 347, 343, 100, 7.30%, 0, 0, 3, 11.73
1700956007, 0, 24, 348, 344, 100, 7.30%, 0, 0, 3, 11.49
1700956017, 0, 24, 349, 345, 100, 7.30%, 0, 0, 3, 12.76
1700956022, 0, 31, 349, 344, 123, 7.30%, 0, 0, 3, 16.03
1700956063, 0, 31, 350, 345, 123, 7.30%, 0, 0, 3, 12.12
1700956315, 0, 31, 351, 346, 123, 7.30%, 0, 0, 3, 14.68
1700956529, 0, 31, 352, 347, 123, 7.30%, 0, 0, 3, 11.38
1700957041, 0, 31, 353, 348, 123, 7.30%, 0, 0, 3, 8.68
1700957441, 0, 33, 354, 348, 124, 7.31%, 0, 0, 3, 10.49
1700957446, 0, 33, 355, 349, 124, 7.31%, 0, 0, 3, 9.62
1700957457, 0, 33, 356, 350, 124, 7.32%, 0, 0, 3, 12.80
1700957462, 0, 33, 357, 351, 124, 7.32%, 0, 0, 3, 13.98
1700957482, 0, 33, 358, 352, 124, 7.32%, 0, 0, 3, 13.92
1700957487, 0, 33, 359, 353, 124, 7.32%, 0, 0, 3, 13.58
1700957498, 0, 33, 360, 354, 124, 7.32%, 0, 0, 3, 13.52
1700957508, 0, 33, 363, 357, 124, 7.32%, 0, 0, 3, 13.43
1700957513, 0, 33, 365, 359, 124, 7.47%, 0, 0, 3, 12.89
1700957565, 0, 33, 367, 361, 124, 7.47%, 0, 0, 3, 13.73
1700957642, 0, 33, 368, 362, 124, 7.47%, 0, 0, 3, 13.35
1700957979, 0, 33, 369, 363, 124, 7.47%, 0, 0, 3, 10.24
1700958470, 0, 33, 370, 364, 124, 7.48%, 0, 0, 3, 12.16
1700958883, 0, 33, 371, 365, 124, 7.48%, 0, 0, 3, 11.79
1700958893, 0, 33, 372, 366, 124, 7.48%, 0, 0, 3, 11.46
1700958898, 0, 33, 373, 367, 124, 7.48%, 0, 0, 3, 11.64
1700958909, 0, 33, 374, 368, 124, 7.49%, 0, 0, 3, 12.07
1700958914, 0, 33, 375, 369, 124, 7.49%, 0, 0, 3, 11.45
1700958919, 0, 33, 377, 371, 124, 7.49%, 0, 0, 3, 9.34
1700958950, 0, 33, 378, 372, 124, 7.49%, 0, 0, 3, 10.13
1700958970, 0, 33, 380, 374, 124, 7.49%, 0, 0, 3, 10.41
1700958991, 0, 33, 381, 375, 124, 7.49%, 0, 0, 3, 12.60
1700959001, 0, 33, 382, 376, 124, 7.49%, 0, 0, 3, 10.37
1700959006, 0, 33, 383, 377, 124, 7.49%, 0, 0, 3, 12.16
1700959012, 0, 33, 384, 378, 124, 7.49%, 0, 0, 3, 12.95
1700959017, 0, 33, 386, 380, 124, 7.50%, 0, 0, 3, 11.73
1700959022, 0, 33, 387, 381, 124, 7.50%, 0, 0, 3, 10.66
1700959037, 0, 33, 388, 382, 124, 7.50%, 0, 0, 3, 11.97
1700959042, 0, 33, 389, 383, 124, 7.50%, 0, 0, 3, 11.92
1700959078, 0, 33, 391, 385, 124, 7.51%, 0, 0, 3, 11.71
1700959094, 0, 33, 392, 386, 124, 7.51%, 0, 0, 3, 12.06
1700959109, 0, 33, 393, 387, 124, 7.51%, 0, 0, 3, 12.33
1700959114, 0, 43, 393, 386, 137, 7.51%, 0, 0, 3, 19.77
1700959124, 0, 43, 394, 387, 137, 7.51%, 0, 0, 3, 18.72
1700959155, 0, 43, 395, 388, 137, 7.51%, 0, 0, 3, 9.73
1700959247, 0, 43, 396, 389, 137, 7.51%, 0, 0, 3, 16.14
1700959283, 0, 43, 397, 390, 137, 7.51%, 0, 0, 3, 12.97
1700959334, 0, 43, 399, 392, 137, 7.52%, 0, 0, 3, 10.71
1700959340, 0, 43, 400, 393, 137, 7.52%, 0, 0, 3, 10.27
1700959345, 0, 43, 401, 394, 137, 7.52%, 0, 0, 3, 10.18
1700959350, 0, 43, 402, 395, 137, 7.52%, 0, 0, 3, 9.90
1700959365, 0, 43, 403, 396, 137, 7.52%, 0, 0, 3, 9.11
1700959370, 0, 43, 404, 397, 137, 7.52%, 0, 0, 3, 10.22
1700959381, 0, 43, 406, 399, 137, 7.53%, 0, 0, 3, 9.34
1700959386, 0, 43, 407, 400, 137, 7.54%, 0, 0, 3, 10.04
1700959391, 0, 43, 408, 401, 137, 7.54%, 0, 0, 3, 10.17
1700959401, 0, 43, 409, 402, 137, 7.54%, 0, 0, 3, 10.83
1700959411, 0, 43, 410, 403, 137, 7.54%, 0, 0, 3, 11.32
1700959421, 0, 43, 413, 406, 137, 7.54%, 0, 0, 3, 9.52
1700959432, 0, 43, 415, 408, 137, 7.54%, 0, 0, 3, 9.86
1700959447, 0, 43, 416, 409, 137, 7.54%, 0, 0, 3, 10.40
1700959457, 0, 43, 417, 410, 137, 7.54%, 0, 0, 3, 11.14
1700959462, 0, 43, 418, 411, 137, 7.54%, 0, 0, 3, 10.08
1700959467, 0, 43, 419, 412, 137, 7.54%, 0, 0, 3, 10.56
1700959478, 0, 43, 420, 413, 137, 7.54%, 0, 0, 3, 8.91
1700959483, 0, 43, 421, 414, 137, 7.54%, 0, 0, 3, 8.05
1700959493, 0, 43, 423, 416, 137, 7.54%, 0, 0, 3, 10.37
1700959499, 0, 43, 425, 418, 137, 7.54%, 0, 0, 3, 9.35
1700959504, 0, 43, 426, 419, 137, 7.54%, 0, 0, 3, 10.26
1700959509, 0, 43, 427, 420, 137, 7.54%, 0, 0, 3, 9.70
1700959514, 0, 43, 428, 421, 137, 7.54%, 0, 0, 3, 10.38
1700959539, 0, 43, 429, 422, 137, 7.54%, 0, 0, 3, 10.71
1700959550, 0, 43, 430, 423, 137, 7.54%, 0, 0, 3, 10.48
1700959575, 0, 43, 432, 425, 137, 7.54%, 0, 0, 3, 10.79
1700959581, 0, 43, 433, 426, 137, 7.55%, 0, 0, 3, 9.49
1700959596, 0, 43, 435, 428, 137, 7.55%, 0, 0, 3, 9.39
1700959601, 0, 45, 435, 427, 140, 7.55%, 0, 0, 3, 10.00
1700960854, 0, 45, 436, 428, 140, 7.55%, 0, 0, 3, 14.63
1700961233, 0, 45, 437, 429, 140, 7.55%, 0, 0, 3, 14.55
1700961243, 0, 45, 438, 430, 140, 7.55%, 0, 0, 3, 13.95
1700961254, 0, 45, 439, 431, 140, 7.55%, 0, 0, 3, 13.97
1700961259, 0, 45, 440, 432, 140, 7.55%, 0, 0, 3, 13.77
1700961264, 0, 45, 441, 433, 140, 7.55%, 0, 0, 3, 13.95
1700961305, 0, 45, 442, 434, 140, 7.55%, 0, 0, 3, 15.01
1700961355, 0, 45, 443, 435, 140, 7.59%, 0, 0, 3, 14.10
1700961406, 0, 45, 444, 436, 140, 7.59%, 0, 0, 3, 13.07
1700961412, 0, 45, 445, 437, 140, 7.59%, 0, 0, 3, 13.04
1700961417, 0, 45, 447, 439, 140, 7.60%, 0, 0, 3, 13.63
1700961427, 0, 45, 448, 440, 140, 7.60%, 0, 0, 3, 14.52
1700961463, 0, 45, 449, 441, 140, 7.60%, 0, 0, 3, 14.12
1700961478, 0, 45, 450, 442, 140, 7.60%, 0, 0, 3, 13.67
1700961484, 0, 46, 450, 441, 141, 7.60%, 0, 0, 3, 11.53
1700961539, 0, 48, 450, 440, 140, 7.60%, 0, 0, 3, 17.25
1700961544, 0, 48, 451, 441, 140, 7.60%, 0, 0, 3, 19.86
1700961555, 0, 48, 452, 442, 140, 7.60%, 0, 0, 3, 22.29
1700961596, 0, 48, 453, 443, 140, 7.60%, 0, 0, 3, 23.60
1700961698, 0, 48, 454, 444, 140, 7.60%, 0, 0, 3, 23.54
1700961739, 0, 48, 456, 446, 140, 7.60%, 0, 0, 3, 23.36
1700962295, 0, 48, 457, 447, 140, 7.64%, 0, 0, 3, 23.46
1700962300, 0, 48, 458, 448, 140, 7.64%, 0, 0, 3, 25.86
1700962310, 0, 48, 459, 449, 140, 7.69%, 0, 0, 3, 19.01
1700962331, 0, 48, 460, 450, 140, 7.69%, 0, 0, 3, 26.61
1700962392, 0, 48, 461, 451, 140, 7.69%, 0, 0, 3, 20.46
1700962428, 0, 48, 462, 452, 140, 7.69%, 0, 0, 3, 27.46
1700962535, 0, 48, 464, 454, 140, 7.69%, 0, 0, 3, 22.36
1700962545, 0, 48, 465, 455, 140, 7.70%, 0, 0, 3, 14.95
1700962551, 0, 48, 466, 456, 140, 7.71%, 0, 0, 3, 16.42
1700962556, 0, 48, 467, 457, 140, 7.71%, 0, 0, 3, 18.80
1700962571, 0, 48, 468, 458, 140, 7.75%, 0, 0, 3, 17.56
1700962576, 0, 48, 469, 459, 140, 7.75%, 0, 0, 3, 17.42
1700962586, 0, 48, 470, 460, 140, 7.76%, 0, 0, 3, 17.09
1700962597, 0, 48, 471, 461, 140, 7.76%, 0, 0, 3, 16.80
1700962602, 0, 48, 473, 463, 140, 7.78%, 0, 0, 3, 16.86
1700962617, 0, 48, 474, 464, 140, 7.78%, 0, 0, 3, 17.55
1700962622, 0, 48, 475, 465, 140, 7.79%, 0, 0, 3, 17.86
1700962627, 0, 48, 477, 467, 140, 7.79%, 0, 0, 3, 17.20
1700962658, 0, 48, 478, 468, 140, 7.79%, 0, 0, 3, 16.19
1700962663, 0, 48, 479, 469, 140, 7.79%, 0, 0, 3, 16.10
1700962669, 0, 48, 480, 470, 140, 7.79%, 0, 0, 3, 17.03
1700962679, 0, 48, 481, 471, 140, 7.81%, 0, 0, 3, 17.90
1700962689, 0, 51, 481, 470, 143, 7.81%, 0, 0, 3, 17.20
1700962919, 0, 51, 482, 471, 143, 7.85%, 0, 0, 3, 19.78
1700962929, 0, 63, 482, 470, 143, 7.85%, 0, 0, 3, 12.46
1700963920, 0, 68, 482, 469, 142, 7.85%, 0, 0, 3, 11.11
1700963925, 0, 68, 483, 470, 142, 7.85%, 0, 0, 3, 11.34
1700963935, 0, 68, 484, 471, 142, 7.86%, 0, 0, 3, 11.43
1700964001, 0, 68, 485, 472, 142, 7.86%, 0, 0, 3, 10.28
1700964017, 0, 68, 486, 473, 142, 7.86%, 0, 0, 3, 9.32
1700964027, 0, 68, 487, 474, 142, 7.86%, 0, 0, 3, 10.96
1700964073, 0, 73, 487, 473, 144, 7.86%, 0, 0, 3, 10.64
1700964098, 0, 73, 488, 474, 144, 7.88%, 0, 0, 3, 10.25
1700964103, 0, 73, 490, 476, 144, 7.88%, 0, 0, 3, 9.61
1700964195, 0, 73, 491, 477, 144, 7.88%, 0, 0, 3, 10.19
1700964558, 0, 73, 492, 478, 144, 7.88%, 0, 0, 3, 8.55
1700964569, 0, 73, 493, 479, 144, 7.90%, 0, 0, 3, 9.17
1700965920, 0, 73, 494, 480, 144, 7.92%, 0, 0, 3, 9.39
1700965997, 0, 73, 495, 481, 144, 7.92%, 0, 0, 3, 9.61
1700966232, 0, 73, 496, 482, 144, 7.92%, 0, 0, 3, 9.23
1700966539, 0, 74, 496, 481, 145, 7.92%, 0, 0, 3, 20.61
1700966544, 0, 75, 496, 480, 144, 7.92%, 0, 0, 3, 28.05
1700966554, 0, 75, 497, 481, 144, 7.92%, 0, 0, 3, 27.86
1700966559, 0, 75, 498, 482, 144, 7.92%, 0, 0, 3, 28.87
1700966585, 0, 75, 499, 483, 144, 7.93%, 0, 0, 3, 25.64
1700966646, 0, 75, 500, 484, 144, 7.94%, 0, 0, 3, 28.45
1700966707, 0, 75, 502, 486, 144, 7.95%, 0, 0, 3, 27.76
1700966733, 0, 75, 503, 487, 144, 7.95%, 0, 0, 3, 27.69
1700967198, 0, 75, 504, 488, 144, 7.96%, 0, 0, 3, 23.81
1700967429, 0, 75, 505, 489, 144, 7.96%, 0, 0, 3, 21.43
1700967444, 0, 75, 506, 490, 144, 7.96%, 0, 0, 3, 17.39
1700967449, 0, 75, 507, 491, 144, 7.96%, 0, 0, 3, 16.88
1700967454, 0, 75, 508, 492, 144, 7.96%, 0, 0, 3, 16.68
1700967459, 0, 75, 509, 493, 144, 7.96%, 0, 0, 3, 18.34
1700967464, 0, 75, 510, 494, 144, 7.96%, 0, 0, 3, 18.31
1700967495, 0, 75, 511, 495, 144, 8.00%, 0, 0, 3, 19.50
1700967500, 0, 75, 512, 496, 144, 8.00%, 0, 0, 3, 17.56
1700967521, 0, 75, 513, 497, 144, 8.00%, 0, 0, 3, 18.25
1700967577, 0, 79, 514, 497, 150, 8.00%, 0, 0, 3, 13.08
1700968463, 0, 79, 515, 498, 150, 8.00%, 0, 0, 3, 10.17
1700968596, 0, 84, 515, 497, 149, 8.00%, 0, 0, 3, 12.54
1700969635, 0, 84, 516, 498, 149, 8.09%, 0, 0, 4, 12.46
1700969676, 0, 84, 517, 499, 149, 8.09%, 0, 0, 4, 12.17
1700969701, 0, 84, 518, 500, 149, 8.09%, 0, 0, 4, 13.15
1700969737, 0, 84, 519, 501, 149, 8.09%, 0, 0, 4, 11.67
1700969742, 0, 84, 520, 502, 149, 8.10%, 0, 0, 4, 12.86
1700969763, 0, 84, 521, 503, 149, 8.10%, 0, 0, 4, 11.16
1700969804, 0, 84, 522, 504, 149, 8.10%, 0, 0, 4, 10.36
1700969829, 0, 84, 523, 505, 149, 8.10%, 0, 0, 4, 11.68
1700969835, 0, 85, 523, 504, 147, 8.10%, 0, 0, 4, 13.83
1700969845, 0, 85, 524, 505, 147, 8.16%, 0, 0, 4, 15.73
1700970565, 0, 85, 525, 506, 147, 8.16%, 0, 0, 4, 15.85
1700970617, 0, 85, 526, 507, 147, 8.16%, 0, 0, 4, 16.43
1700970760, 0, 97, 526, 506, 146, 8.16%, 0, 0, 4, 12.95
1700971814, 0, 100, 526, 505, 145, 8.16%, 0, 0, 4, 12.63
1700972907, 0, 101, 526, 504, 144, 8.16%, 0, 0, 4, 12.71
1700973813, 0, 101, 527, 505, 144, 8.16%, 0, 0, 4, 14.34
1700973962, 0, 108, 527, 504, 144, 8.16%, 0, 0, 4, 13.13
1700975032, 0, 117, 527, 503, 143, 8.16%, 0, 0, 4, 12.17
1700976122, 0, 119, 527, 502, 142, 8.16%, 0, 0, 4, 13.41
1700976153, 0, 119, 528, 503, 142, 8.16%, 0, 0, 4, 13.19
1700977222, 0, 125, 528, 502, 141, 8.16%, 0, 0, 4, 12.48
1700978246, 0, 125, 529, 503, 141, 8.16%, 0, 0, 4, 13.60
1700978262, 0, 125, 530, 504, 141, 8.16%, 0, 0, 4, 12.16
1700978272, 0, 125, 531, 505, 141, 8.17%, 0, 0, 4, 12.68
1700978288, 0, 125, 532, 506, 141, 8.17%, 0, 0, 4, 12.68
1700978293, 0, 125, 533, 507, 141, 8.18%, 0, 0, 4, 12.54
1700978303, 0, 125, 534, 508, 141, 8.18%, 0, 0, 4, 11.60
1700978324, 0, 125, 535, 509, 141, 8.18%, 0, 0, 4, 12.16
1700978329, 0, 125, 536, 510, 141, 8.18%, 0, 0, 4, 13.52
1700978354, 0, 125, 537, 511, 141, 8.18%, 0, 0, 4, 11.65
1700978390, 0, 125, 538, 512, 141, 8.18%, 0, 0, 4, 11.62
1700978395, 0, 125, 539, 513, 141, 8.18%, 0, 0, 4, 12.23
1700978411, 0, 125, 540, 514, 141, 8.18%, 0, 0, 4, 9.87
1700978457, 0, 125, 542, 516, 141, 8.18%, 0, 0, 4, 12.53
1700978487, 0, 125, 543, 517, 141, 8.18%, 0, 0, 4, 13.73
1700978498, 0, 125, 544, 518, 141, 8.19%, 0, 0, 4, 13.69
1700978508, 0, 125, 545, 519, 141, 8.19%, 0, 0, 4, 13.82
1700978523, 0, 128, 546, 519, 145, 8.20%, 0, 0, 4, 12.60
1700978621, 0, 132, 546, 518, 144, 8.20%, 0, 0, 4, 12.77
1700978646, 0, 132, 547, 519, 144, 8.20%, 0, 0, 4, 12.05
1700978651, 0, 132, 548, 520, 144, 8.20%, 0, 0, 4, 12.52
1700978672, 0, 135, 549, 520, 143, 8.20%, 0, 0, 4, 11.79
1700978826, 0, 135, 550, 521, 143, 8.20%, 0, 0, 4, 9.47
1700978847, 0, 138, 550, 520, 143, 8.20%, 0, 0, 4, 11.67
1700979092, 0, 139, 550, 519, 142, 8.20%, 0, 0, 4, 12.85
1700979103, 0, 139, 551, 520, 142, 8.20%, 0, 0, 4, 13.30
1700979133, 0, 139, 552, 521, 142, 8.20%, 0, 0, 4, 12.72
1700979251, 0, 139, 553, 522, 142, 8.20%, 0, 0, 4, 12.07
1700979302, 0, 139, 554, 523, 142, 8.20%, 0, 0, 4, 13.73
1700979312, 0, 139, 556, 525, 142, 8.23%, 0, 0, 4, 12.97
1700979343, 0, 139, 557, 526, 142, 8.23%, 0, 0, 4, 12.77
1700979430, 0, 139, 558, 527, 142, 8.23%, 0, 0, 4, 12.30
1700979445, 0, 139, 559, 528, 142, 8.28%, 0, 0, 4, 11.31
1700979466, 0, 140, 559, 527, 147, 8.28%, 0, 0, 4, 11.65
1700979471, 0, 140, 560, 528, 147, 8.28%, 0, 0, 4, 13.75
1700979533, 0, 140, 562, 530, 147, 8.28%, 0, 0, 4, 12.92
1700979589, 0, 140, 563, 531, 147, 8.29%, 0, 0, 4, 12.01
1700979650, 0, 140, 564, 532, 147, 8.29%, 0, 0, 4, 13.32
1700979691, 0, 140, 565, 533, 147, 8.29%, 0, 0, 4, 16.24
1700981060, 0, 141, 565, 532, 146, 8.29%, 0, 0, 4, 11.85
1700981066, 0, 141, 566, 533, 146, 8.29%, 0, 0, 4, 11.42
1700981081, 0, 141, 567, 534, 146, 8.29%, 0, 0, 4, 12.00
1700981096, 0, 141, 568, 535, 146, 8.29%, 0, 0, 4, 12.37
1700981137, 0, 144, 568, 534, 147, 8.29%, 0, 0, 4, 11.72
1700981342, 0, 144, 569, 535, 147, 8.29%, 0, 0, 4, 10.79
1700981445, 0, 147, 569, 534, 147, 8.29%, 0, 0, 4, 11.33
1700981732, 0, 151, 569, 533, 146, 8.29%, 0, 0, 4, 11.04
1700982199, 0, 156, 569, 532, 145, 8.29%, 0, 0, 4, 11.54
1700982281, 0, 156, 570, 533, 145, 8.29%, 0, 0, 4, 10.64
1700982599, 0, 157, 570, 532, 144, 8.29%, 0, 0, 4, 11.04
1700982711, 0, 157, 571, 533, 144, 8.30%, 0, 0, 4, 10.79
1700982999, 0, 159, 571, 532, 144, 8.30%, 0, 0, 4, 10.92
1700983172, 0, 161, 571, 531, 143, 8.30%, 0, 0, 4, 11.44
1700983269, 0, 161, 572, 532, 143, 8.30%, 0, 0, 4, 12.18
1700983474, 0, 166, 572, 531, 143, 8.30%, 0, 0, 4, 9.55
1700983505, 0, 166, 573, 532, 143, 8.30%, 0, 0, 4, 10.41
1700985070, 0, 166, 574, 533, 143, 8.30%, 0, 0, 4, 15.54
1700985484, 0, 166, 575, 534, 143, 8.30%, 0, 0, 4, 11.47
1700985500, 0, 167, 575, 533, 143, 8.30%, 0, 0, 4, 12.18
1700985889, 0, 174, 575, 532, 142, 8.30%, 0, 0, 4, 10.70
1700986218, 0, 179, 575, 531, 141, 8.30%, 0, 0, 4, 11.43
1700986516, 0, 179, 576, 532, 141, 8.31%, 0, 0, 4, 11.43
1700986531, 0, 182, 576, 531, 140, 8.31%, 0, 0, 4, 11.48
1700986582, 0, 182, 577, 532, 140, 8.31%, 0, 0, 4, 11.86
1700987546, 0, 182, 578, 533, 140, 8.31%, 0, 0, 4, 11.62
1700987649, 0, 185, 578, 532, 141, 8.31%, 0, 0, 4, 12.61
1700987664, 0, 193, 578, 531, 140, 8.31%, 0, 0, 4, 11.12
1700988831, 0, 197, 578, 530, 139, 8.31%, 0, 0, 4, 13.89
1700989619, 0, 197, 579, 531, 139, 8.31%, 0, 0, 4, 14.65
1700989711, 0, 197, 580, 532, 139, 8.32%, 0, 0, 4, 14.41
1700989844, 0, 199, 580, 531, 140, 8.32%, 0, 0, 4, 11.49
1700989961, 0, 199, 581, 532, 140, 8.32%, 0, 0, 4, 10.85
1700990249, 0, 204, 581, 531, 139, 8.32%, 0, 0, 4, 10.86
1700990265, 0, 206, 581, 530, 138, 8.32%, 0, 0, 4, 11.63
1700991504, 0, 206, 582, 531, 138, 8.32%, 0, 0, 4, 13.46
1700991515, 0, 207, 582, 530, 138, 8.32%, 0, 0, 4, 11.48
1700991806, 0, 214, 582, 529, 137, 8.32%, 0, 0, 4, 15.36
1700992077, 0, 214, 583, 530, 137, 8.32%, 0, 0, 4, 15.55
1700992378, 0, 214, 584, 531, 137, 8.32%, 0, 0, 4, 15.05
1700992486, 0, 217, 584, 530, 138, 8.32%, 0, 0, 4, 13.07
1700992516, 0, 217, 585, 531, 138, 8.33%, 0, 0, 4, 11.44
1700992614, 0, 222, 585, 530, 137, 8.33%, 0, 0, 4, 12.80
1700994026, 0, 226, 585, 529, 136, 8.33%, 0, 0, 4, 13.01
1700994093, 0, 226, 586, 530, 136, 8.33%, 0, 0, 4, 14.28
1700994139, 0, 226, 587, 531, 136, 8.33%, 0, 0, 4, 14.68
1700995086, 0, 226, 588, 532, 136, 8.33%, 0, 0, 4, 14.55
1700995414, 0, 226, 589, 533, 136, 8.33%, 0, 0, 4, 14.59
1700995425, 0, 226, 590, 534, 136, 8.34%, 0, 0, 4, 13.34
1700995430, 0, 226, 593, 537, 136, 8.34%, 0, 0, 4, 13.50
1700995476, 0, 226, 594, 538, 136, 8.34%, 0, 0, 4, 13.47
1700995512, 0, 226, 595, 539, 136, 8.34%, 0, 0, 4, 14.56
1700995522, 0, 226, 596, 540, 136, 8.34%, 0, 0, 4, 14.32
1700995573, 0, 226, 597, 541, 136, 8.35%, 0, 0, 4, 14.39
1700995660, 0, 226, 598, 542, 136, 8.36%, 0, 0, 4, 12.77
1700995665, 0, 227, 598, 541, 138, 8.36%, 0, 0, 4, 10.88
1700995675, 0, 227, 599, 542, 138, 8.36%, 0, 0, 4, 8.93
1700996312, 0, 230, 599, 541, 137, 8.36%, 0, 0, 4, 12.18
1700996337, 0, 230, 600, 542, 137, 8.36%, 0, 0, 4, 9.58
1700996343, 0, 230, 601, 543, 137, 8.36%, 0, 0, 4, 11.51
1700996353, 0, 230, 602, 544, 137, 8.36%, 0, 0, 4, 10.23
1700996394, 0, 230, 603, 545, 137, 8.36%, 0, 0, 4, 10.09
1700996425, 0, 230, 604, 546, 137, 8.36%, 0, 0, 4, 12.65
1700996461, 0, 230, 605, 547, 137, 8.36%, 0, 0, 4, 12.43
1700996517, 0, 230, 606, 548, 137, 8.36%, 0, 0, 4, 10.57
1700996522, 0, 230, 607, 549, 137, 8.36%, 0, 0, 4, 11.38
1700996532, 0, 230, 608, 550, 137, 8.36%, 0, 0, 4, 13.09
1700996620, 0, 231, 608, 549, 138, 8.36%, 0, 0, 4, 13.13
1700996998, 0, 232, 608, 548, 137, 8.36%, 0, 0, 4, 10.80
1700997024, 0, 239, 608, 547, 136, 8.36%, 0, 0, 4, 10.74
1700997249, 0, 239, 609, 548, 136, 8.36%, 0, 0, 4, 12.21
1700998329, 0, 241, 609, 547, 136, 8.36%, 0, 0, 4, 11.62
1700998520, 0, 247, 609, 546, 135, 8.36%, 0, 0, 4, 10.63
1700998531, 0, 247, 610, 547, 135, 8.36%, 0, 0, 4, 10.97
1700998536, 0, 247, 611, 548, 135, 8.37%, 0, 0, 4, 11.65
1700998566, 0, 250, 612, 548, 134, 8.38%, 0, 0, 4, 10.54
1700998577, 0, 250, 613, 549, 134, 8.39%, 0, 0, 4, 10.09
1700998597, 0, 251, 613, 548, 134, 8.39%, 0, 0, 4, 13.23
1700998602, 0, 251, 615, 550, 134, 8.40%, 0, 0, 4, 13.32
1700998622, 0, 251, 616, 551, 134, 8.40%, 0, 0, 4, 16.34
1700998633, 0, 251, 617, 552, 134, 8.40%, 0, 0, 4, 17.48
1700999012, 0, 251, 618, 553, 134, 8.41%, 0, 0, 4, 15.44
1700999048, 0, 251, 619, 554, 134, 8.41%, 0, 0, 4, 13.92
1700999079, 0, 251, 620, 555, 134, 8.41%, 0, 0, 4, 17.45
1700999094, 0, 252, 620, 554, 139, 8.41%, 0, 0, 4, 12.57
1701000736, 0, 254, 620, 553, 138, 8.41%, 0, 0, 4, 11.85
1701000864, 0, 254, 621, 554, 138, 8.42%, 0, 0, 4, 11.14
1701001207, 0, 256, 621, 553, 138, 8.42%, 0, 0, 4, 11.72
1701001248, 0, 256, 622, 554, 138, 8.42%, 0, 0, 4, 12.47
1701002535, 0, 261, 622, 553, 138, 8.42%, 0, 0, 4, 11.42
1701002688, 0, 261, 623, 554, 138, 8.42%, 0, 0, 4, 12.75
1701003672, 0, 261, 624, 555, 138, 8.42%, 0, 0, 4, 13.27
1701003677, 0, 261, 625, 556, 138, 8.42%, 0, 0, 4, 12.00
1701003698, 0, 262, 625, 555, 139, 8.42%, 0, 0, 4, 12.05
1701003723, 0, 262, 626, 556, 139, 8.42%, 0, 0, 4, 13.28
1701004087, 0, 265, 626, 555, 138, 8.42%, 0, 0, 4, 11.44
1701004502, 0, 268, 626, 554, 137, 8.42%, 0, 0, 4, 12.49
1701004512, 0, 268, 627, 555, 137, 8.42%, 0, 0, 4, 14.70
1701004655, 0, 268, 628, 556, 137, 8.44%, 0, 0, 4, 14.23
1701005284, 0, 271, 628, 555, 137, 8.44%, 0, 0, 4, 11.78
1701006309, 0, 275, 628, 554, 136, 8.44%, 0, 0, 4, 12.93
1701006545, 0, 280, 628, 553, 135, 8.44%, 0, 0, 4, 4.60
1701008270, 0, 286, 628, 552, 134, 8.44%, 0, 0, 4, 11.44
1701008296, 0, 286, 629, 553, 134, 8.46%, 0, 0, 4, 11.29
1701008762, 0, 286, 630, 554, 134, 8.46%, 0, 0, 4, 9.90
1701008768, 0, 286, 632, 556, 134, 8.47%, 0, 0, 4, 11.58
1701009985, 0, 290, 632, 555, 137, 8.47%, 0, 0, 4, 11.02
1701010016, 0, 290, 633, 556, 137, 8.47%, 0, 0, 4, 9.74
1701010021, 0, 290, 634, 557, 137, 8.47%, 0, 0, 4, 9.45
1701010542, 0, 290, 635, 558, 137, 8.47%, 0, 0, 4, 10.60
1701010562, 0, 290, 637, 560, 137, 8.47%, 0, 0, 4, 9.63
1701011708, 0, 294, 637, 559, 137, 8.47%, 0, 0, 4, 9.99
1701011867, 0, 294, 638, 560, 137, 8.49%, 0, 0, 4, 11.52
1701012000, 0, 294, 639, 561, 137, 8.50%, 0, 0, 4, 11.32
1701012204, 0, 294, 641, 563, 137, 8.52%, 0, 0, 4, 10.84
1701013434, 0, 299, 641, 562, 139, 8.52%, 0, 0, 4, 7.64
1701013454, 0, 299, 642, 563, 139, 8.55%, 0, 0, 4, 13.06
1701013921, 0, 299, 645, 566, 139, 8.56%, 0, 0, 4, 10.04
1701015116, 0, 305, 645, 565, 142, 8.56%, 0, 0, 4, 10.36
1701016698, 0, 324, 645, 564, 141, 8.56%, 0, 0, 4, 5.17
1701018534, 0, 329, 645, 563, 140, 8.56%, 0, 0, 4, 10.17
1701019205, 0, 329, 646, 564, 140, 8.56%, 0, 0, 4, 12.62
1701019742, 0, 329, 647, 565, 140, 8.57%, 0, 0, 4, 12.76
1701021575, 0, 329, 648, 566, 140, 8.57%, 0, 0, 4, 11.69
1701021580, 0, 329, 649, 567, 140, 8.57%, 0, 0, 4, 11.44
1701021591, 0, 329, 651, 569, 140, 8.57%, 0, 0, 4, 10.20
1701021596, 0, 329, 652, 570, 140, 8.57%, 0, 0, 4, 11.59
1701021601, 0, 329, 654, 572, 140, 8.57%, 0, 0, 4, 12.80
1701021612, 0, 329, 655, 573, 140, 8.57%, 0, 0, 4, 12.25
1701021617, 0, 329, 656, 574, 140, 8.57%, 0, 0, 4, 12.30
1701021693, 0, 329, 657, 575, 140, 8.57%, 0, 0, 4, 13.21
1701021846, 0, 332, 657, 574, 140, 8.57%, 0, 0, 4, 12.08
1701023867, 0, 345, 657, 573, 139, 8.57%, 0, 0, 4, 12.29
1701027849, 0, 350, 657, 572, 138, 8.57%, 0, 0, 4, 11.85
1701029179, 0, 352, 657, 571, 137, 8.57%, 0, 0, 4, 11.95
1701029405, 0, 352, 658, 572, 137, 8.57%, 0, 0, 4, 11.40
1701029410, 0, 352, 659, 573, 137, 8.57%, 0, 0, 4, 14.72
1701030899, 0, 356, 659, 572, 135, 8.57%, 0, 0, 4, 11.77
1701032249, 0, 360, 659, 571, 134, 8.57%, 0, 0, 4, 11.20
1701032356, 0, 360, 660, 572, 134, 8.57%, 0, 0, 4, 14.19
1701033605, 0, 365, 661, 572, 134, 8.57%, 0, 0, 4, 14.28
1701033616, 0, 365, 663, 574, 134, 8.57%, 0, 0, 4, 17.49
1701033692, 0, 365, 664, 575, 134, 8.57%, 0, 0, 4, 16.15
1701033799, 0, 365, 665, 576, 134, 8.57%, 0, 0, 4, 12.29
1701034724, 0, 369, 665, 575, 135, 8.57%, 0, 0, 4, 15.04
1701035983, 0, 371, 665, 574, 134, 8.57%, 0, 0, 4, 12.24
1701036978, 0, 371, 666, 575, 134, 8.57%, 0, 0, 4, 12.59
1701037157, 0, 371, 667, 576, 134, 8.58%, 0, 0, 4, 12.36
1701037167, 0, 374, 670, 578, 135, 8.58%, 0, 0, 4, 12.30
1701037239, 0, 374, 671, 579, 135, 8.59%, 0, 0, 4, 11.79
1701037244, 0, 374, 672, 580, 135, 8.59%, 0, 0, 4, 12.14
1701037599, 0, 378, 672, 579, 135, 8.59%, 0, 0, 4, 7.69
1701037681, 0, 379, 672, 578, 134, 8.59%, 0, 0, 4, 7.04
1701037696, 0, 385, 672, 577, 133, 8.59%, 0, 0, 4, 7.57
1701038141, 0, 386, 672, 576, 132, 8.59%, 0, 0, 4, 7.31
1701038167, 0, 386, 673, 577, 132, 8.59%, 0, 0, 4, 8.22
1701038223, 0, 386, 674, 578, 132, 8.59%, 0, 0, 4, 7.72
1701040390, 0, 386, 675, 579, 132, 8.59%, 0, 0, 4, 10.01
1701040405, 0, 387, 675, 578, 133, 8.59%, 0, 0, 4, 10.19
1701040492, 0, 387, 676, 579, 133, 8.59%, 0, 0, 4, 14.77
1701040932, 0, 389, 676, 578, 132, 8.59%, 0, 0, 4, 13.13
1701041061, 0, 389, 677, 579, 132, 8.59%, 0, 0, 4, 13.25
1701041664, 0, 389, 679, 581, 132, 8.61%, 0, 0, 4, 15.06
1701041792, 0, 390, 679, 580, 134, 8.61%, 0, 0, 4, 11.24
1701041797, 0, 390, 680, 581, 134, 8.61%, 0, 0, 4, 11.64
1701042777, 0, 391, 680, 580, 134, 8.61%, 0, 0, 4, 9.03
1701042864, 0, 394, 680, 579, 133, 8.61%, 0, 0, 4, 9.12
1701043289, 0, 399, 680, 578, 132, 8.61%, 0, 0, 4, 9.12
1701043366, 0, 399, 681, 579, 132, 8.61%, 0, 0, 4, 11.49
1701043515, 0, 399, 682, 580, 132, 8.61%, 0, 0, 4, 9.28
1701043535, 0, 400, 682, 579, 131, 8.61%, 0, 0, 4, 9.90
1701043561, 0, 400, 683, 580, 131, 8.62%, 0, 0, 4, 11.40
1701043813, 0, 406, 683, 579, 131, 8.62%, 0, 0, 4, 9.43
1701044640, 0, 411, 683, 578, 130, 8.62%, 0, 0, 4, 8.12
1701044702, 0, 411, 684, 579, 130, 8.62%, 0, 0, 4, 6.28
1701044759, 0, 411, 685, 580, 130, 8.62%, 0, 0, 4, 6.36
1701045208, 0, 412, 685, 579, 129, 8.62%, 0, 0, 4, 8.46
1701045213, 0, 412, 687, 581, 129, 8.62%, 0, 0, 4, 9.21
1701045218, 0, 412, 690, 584, 129, 8.62%, 0, 0, 4, 9.00
1701045223, 0, 412, 691, 585, 129, 8.62%, 0, 0, 4, 9.14
1701045352, 0, 412, 692, 586, 129, 8.62%, 0, 0, 4, 8.46
1701045357, 0, 412, 693, 587, 129, 8.62%, 0, 0, 4, 9.48
1701045372, 0, 412, 694, 588, 129, 8.62%, 0, 0, 4, 10.00
1701045829, 0, 429, 694, 587, 131, 8.62%, 0, 0, 4, 1.12
1701045886, 0, 429, 695, 588, 131, 8.62%, 0, 0, 4, 6.69
1701045901, 0, 429, 696, 589, 131, 8.62%, 0, 0, 4, 7.82
1701046384, 0, 434, 696, 588, 129, 8.62%, 0, 0, 4, 8.48
1701046467, 0, 445, 696, 587, 128, 8.62%, 0, 0, 4, 7.74
1701047326, 0, 445, 697, 588, 128, 8.62%, 0, 0, 4, 14.83
1701047864, 0, 449, 698, 588, 127, 8.65%, 0, 0, 4, 11.99
1701047993, 0, 450, 698, 587, 127, 8.65%, 0, 0, 4, 16.37
1701048008, 0, 450, 699, 588, 127, 8.65%, 0, 0, 4, 27.56
1701048764, 0, 450, 700, 589, 127, 8.65%, 0, 0, 4, 24.96
1701048912, 0, 453, 700, 588, 127, 8.65%, 0, 0, 4, 25.88
1701048922, 0, 453, 701, 589, 127, 8.65%, 0, 0, 4, 27.99
1701049836, 0, 458, 701, 588, 127, 8.65%, 0, 0, 4, 8.63
1701051569, 0, 464, 701, 587, 126, 8.65%, 0, 0, 4, 13.58
1701051994, 0, 464, 702, 588, 126, 8.65%, 0, 0, 4, 14.66
1701052148, 0, 465, 702, 587, 125, 8.65%, 0, 0, 4, 12.96
1701052153, 0, 465, 703, 588, 125, 8.67%, 0, 0, 4, 13.09
1701052194, 0, 465, 704, 589, 125, 8.67%, 0, 0, 4, 12.60
1701052828, 0, 465, 706, 591, 125, 8.67%, 0, 0, 4, 14.86
1701053162, 0, 465, 707, 592, 125, 8.68%, 0, 0, 4, 12.91
1701053172, 0, 468, 707, 591, 128, 8.68%, 0, 0, 4, 13.32
1701053279, 0, 468, 708, 592, 128, 8.69%, 0, 0, 4, 23.72
1701053500, 0, 468, 709, 593, 128, 8.69%, 0, 0, 4, 29.72
1701053556, 0, 469, 709, 592, 128, 8.69%, 0, 0, 4, 18.23
1701053607, 0, 469, 710, 593, 128, 8.69%, 0, 0, 4, 23.62
1701053720, 0, 469, 711, 594, 128, 8.69%, 0, 0, 4, 20.51
1701053781, 0, 469, 712, 595, 128, 8.69%, 0, 0, 4, 23.67
1701054083, 0, 470, 712, 594, 128, 8.69%, 0, 0, 4, 19.76
1701054113, 0, 470, 713, 595, 128, 8.71%, 0, 0, 4, 25.77
1701054143, 0, 470, 714, 596, 128, 8.71%, 0, 0, 4, 27.57
1701054154, 0, 470, 715, 597, 128, 8.72%, 0, 0, 4, 26.55
1701054215, 0, 470, 716, 598, 128, 8.72%, 0, 0, 4, 23.46
1701054256, 0, 470, 717, 599, 128, 8.73%, 0, 0, 4, 27.08
1701054578, 0, 470, 718, 600, 128, 8.73%, 0, 0, 4, 24.91
1701054736, 0, 470, 719, 601, 128, 8.73%, 0, 0, 4, 18.89
1701054746, 0, 470, 720, 602, 128, 8.73%, 0, 0, 4, 16.70
1701054752, 0, 470, 721, 603, 128, 8.73%, 0, 0, 4, 16.80
1701054772, 0, 470, 722, 604, 128, 8.73%, 0, 0, 4, 16.99
1701054890, 0, 471, 722, 603, 134, 8.73%, 0, 0, 4, 15.31
1701054910, 0, 471, 725, 606, 134, 8.73%, 0, 0, 4, 19.60
1701054936, 0, 471, 726, 607, 134, 8.73%, 0, 0, 4, 21.21
1701054946, 0, 471, 727, 608, 134, 8.73%, 0, 0, 4, 19.43
1701054972, 0, 471, 729, 610, 134, 8.73%, 0, 0, 4, 21.39
1701054977, 0, 471, 734, 615, 134, 8.73%, 0, 0, 4, 21.56
1701055197, 0, 471, 735, 616, 134, 8.73%, 0, 0, 4, 17.04
1701055402, 0, 471, 736, 617, 134, 8.73%, 0, 0, 4, 19.25
1701055407, 0, 471, 737, 618, 134, 8.73%, 0, 0, 4, 19.61
1701055468, 0, 471, 738, 619, 134, 8.73%, 0, 0, 4, 20.36
1701055473, 0, 471, 739, 620, 134, 8.73%, 0, 0, 4, 21.73
1701055529, 0, 471, 740, 621, 134, 8.73%, 0, 0, 4, 22.63
1701055570, 0, 473, 740, 620, 135, 8.73%, 0, 0, 4, 5.77
1701055775, 0, 474, 740, 619, 134, 8.73%, 0, 0, 4, 16.93
1701055893, 0, 474, 741, 620, 134, 8.73%, 0, 0, 4, 28.32
1701056311, 0, 474, 742, 621, 134, 8.73%, 0, 0, 4, 26.78
1701056337, 0, 477, 742, 620, 134, 8.73%, 0, 0, 4, 9.75
1701057346, 0, 477, 743, 621, 134, 8.73%, 0, 0, 4, 17.04
1701057606, 0, 478, 743, 620, 133, 8.73%, 0, 0, 4, 16.18
1701057744, 0, 478, 746, 623, 133, 8.75%, 0, 0, 4, 28.98
1701058199, 0, 478, 747, 624, 133, 8.75%, 0, 0, 4, 28.71
1701058225, 0, 480, 747, 623, 136, 8.75%, 0, 0, 4, 17.20
1701058230, 0, 480, 748, 624, 136, 8.75%, 0, 0, 4, 19.71
1701058819, 0, 480, 749, 625, 136, 8.75%, 0, 0, 4, 14.70
1701058829, 0, 482, 749, 624, 135, 8.75%, 0, 0, 4, 11.92
1701058911, 0, 483, 749, 623, 134, 8.75%, 0, 0, 4, 11.27
1701058957, 0, 483, 750, 624, 134, 8.75%, 0, 0, 4, 10.55
1701058967, 0, 483, 751, 625, 134, 8.75%, 0, 0, 4, 11.16
1701058998, 0, 483, 753, 627, 134, 8.75%, 0, 0, 4, 10.86
1701059029, 0, 484, 753, 626, 134, 8.75%, 0, 0, 4, 11.23
1701059054, 0, 490, 753, 625, 133, 8.75%, 0, 0, 4, 12.12
1701061114, 0, 490, 754, 626, 133, 8.75%, 0, 0, 4, 11.66
1701061447, 0, 494, 754, 625, 133, 8.75%, 0, 0, 4, 9.55
1701061468, 0, 494, 754, 625, 133, 8.75%, 0, 1, 4, 1.52
1701061596, 0, 494, 755, 626, 133, 8.75%, 0, 1, 4, 8.73
1701062550, 0, 494, 756, 627, 133, 8.75%, 0, 1, 4, 9.63
1701062812, 0, 494, 759, 630, 133, 8.75%, 0, 1, 4, 12.57
1701062822, 0, 494, 760, 631, 133, 8.75%, 0, 1, 4, 8.08
1701062935, 0, 494, 762, 633, 133, 8.75%, 0, 1, 4, 10.36
1701062986, 0, 497, 762, 632, 134, 8.75%, 0, 1, 4, 15.80
1701063915, 0, 497, 763, 633, 134, 8.75%, 0, 1, 4, 20.56
1701063931, 0, 499, 763, 632, 133, 8.75%, 0, 1, 4, 19.91
1701064099, 0, 499, 764, 633, 133, 8.76%, 0, 1, 4, 29.38
1701064120, 0, 499, 766, 635, 133, 8.76%, 0, 1, 4, 27.73
1701064125, 0, 499, 767, 636, 133, 8.76%, 0, 1, 4, 29.18
1701064334, 0, 499, 769, 638, 133, 8.76%, 0, 1, 4, 29.98
1701064830, 0, 500, 769, 637, 136, 8.76%, 0, 1, 4, 18.53
1701065767, 0, 501, 769, 636, 135, 8.76%, 0, 1, 4, 22.80
1701065772, 0, 501, 770, 637, 135, 8.76%, 0, 1, 4, 27.31
1701065808, 0, 501, 771, 638, 135, 8.81%, 0, 1, 4, 26.11
1701065844, 0, 501, 772, 639, 135, 8.82%, 0, 1, 4, 28.44
1701065962, 0, 501, 775, 642, 135, 8.82%, 0, 1, 4, 27.61
1701066651, 0, 502, 775, 641, 138, 8.82%, 0, 1, 4, 22.36
1701067540, 0, 503, 775, 640, 137, 8.82%, 0, 1, 4, 23.04
1701068088, 0, 503, 776, 641, 137, 8.82%, 0, 1, 4, 27.18
1701068108, 0, 505, 776, 640, 137, 8.82%, 0, 1, 4, 17.43
1701068119, 0, 505, 777, 641, 137, 8.83%, 0, 1, 4, 13.26
1701068324, 0, 510, 780, 643, 137, 8.83%, 0, 1, 4, 23.36
1701068329, 0, 510, 783, 646, 137, 8.83%, 0, 1, 4, 22.82
1701068334, 0, 510, 785, 648, 137, 8.83%, 0, 1, 4, 23.37
1701068340, 0, 510, 786, 649, 137, 8.83%, 0, 1, 4, 23.50
1701068350, 0, 510, 787, 650, 137, 8.83%, 0, 1, 4, 23.11
1701068370, 0, 510, 788, 651, 137, 8.83%, 0, 1, 4, 24.60
1701068375, 0, 510, 789, 652, 137, 8.83%, 0, 1, 4, 23.68
1701068401, 0, 510, 790, 653, 137, 8.83%, 0, 1, 4, 23.03
1701068421, 0, 510, 791, 654, 137, 8.83%, 0, 1, 4, 23.33
1701068519, 0, 510, 793, 656, 137, 8.83%, 0, 1, 4, 22.54
1701068722, 0, 510, 794, 657, 137, 8.83%, 0, 1, 4, 25.00
1701069364, 0, 510, 795, 658, 137, 8.83%, 0, 1, 4, 20.64
1701069569, 0, 513, 795, 657, 139, 8.83%, 0, 1, 4, 15.06
1701070115, 0, 513, 796, 658, 139, 8.83%, 0, 1, 4, 26.86
1701070499, 0, 514, 796, 657, 139, 8.83%, 0, 1, 4, 13.96
1701071406, 0, 516, 799, 659, 138, 8.83%, 0, 1, 5, 13.82
1701071426, 0, 516, 800, 660, 138, 8.84%, 0, 1, 5, 13.88
1701071456, 0, 516, 801, 661, 138, 8.87%, 0, 1, 5, 13.89
1701071477, 0, 523, 801, 660, 141, 8.87%, 0, 1, 5, 16.95
1701071487, 0, 523, 803, 662, 141, 8.87%, 0, 1, 5, 18.24
1701071492, 0, 523, 804, 663, 141, 8.89%, 0, 1, 5, 19.00
1701072090, 0, 523, 805, 664, 141, 8.89%, 0, 1, 5, 17.97
1701072125, 0, 523, 807, 666, 141, 8.93%, 0, 1, 5, 19.02
1701072161, 0, 523, 808, 667, 141, 8.94%, 0, 1, 5, 19.56
1701072207, 0, 523, 809, 668, 141, 8.94%, 0, 1, 5, 17.99
1701072289, 0, 523, 810, 669, 141, 8.94%, 0, 1, 5, 14.71
1701072294, 0, 523, 811, 670, 141, 8.94%, 0, 1, 5, 14.43
1701072309, 0, 523, 812, 671, 141, 8.95%, 0, 1, 5, 14.60
1701072314, 0, 523, 814, 673, 141, 8.96%, 0, 1, 5, 15.85
1701072319, 0, 523, 815, 674, 141, 8.96%, 0, 1, 5, 14.94
1701072340, 0, 523, 816, 675, 141, 8.96%, 0, 1, 5, 13.80
1701072355, 0, 523, 817, 676, 141, 8.97%, 0, 1, 5, 14.09
1701072370, 0, 523, 818, 677, 141, 8.97%, 0, 1, 5, 12.23
1701072416, 0, 523, 819, 678, 141, 8.97%, 0, 1, 5, 14.35
1701072487, 0, 523, 820, 679, 141, 8.97%, 0, 1, 5, 13.32
1701072508, 0, 523, 821, 680, 141, 8.98%, 0, 1, 5, 15.33
1701072529, 0, 525, 821, 679, 155, 8.98%, 0, 1, 5, 15.88
1701073404, 0, 526, 821, 678, 154, 8.98%, 0, 1, 5, 13.38
1701073991, 0, 526, 822, 679, 154, 8.98%, 0, 1, 5, 18.20
1701074006, 0, 527, 822, 678, 153, 8.98%, 0, 1, 5, 16.09
1701075021, 0, 527, 823, 679, 153, 8.98%, 0, 1, 5, 12.91
1701075047, 0, 528, 823, 678, 154, 8.98%, 0, 1, 5, 10.76
1701075083, 0, 528, 824, 679, 154, 8.98%, 0, 1, 5, 11.75
1701075262, 0, 529, 824, 678, 154, 8.98%, 0, 1, 5, 12.18
1701075283, 0, 529, 825, 679, 154, 8.98%, 0, 1, 5, 14.89
1701076230, 0, 529, 827, 681, 154, 9.03%, 0, 1, 5, 15.24
1701076348, 0, 532, 827, 680, 156, 9.03%, 0, 1, 5, 12.16
1701078458, 0, 532, 831, 684, 156, 9.03%, 0, 1, 5, 18.56
1701078463, 0, 532, 832, 685, 156, 9.03%, 0, 1, 5, 18.72
1701078468, 0, 532, 833, 686, 156, 9.03%, 0, 1, 5, 19.33
1701078473, 0, 532, 835, 688, 156, 9.03%, 0, 1, 5, 18.03
1701078478, 0, 532, 836, 689, 156, 9.03%, 0, 1, 5, 16.83
1701078494, 0, 532, 837, 690, 156, 9.03%, 0, 1, 5, 16.79
1701078514, 0, 532, 838, 691, 156, 9.03%, 0, 1, 5, 16.83
1701078519, 0, 532, 839, 692, 156, 9.03%, 0, 1, 5, 16.16
1701078525, 0, 532, 840, 693, 156, 9.03%, 0, 1, 5, 15.75
1701078540, 0, 532, 841, 694, 156, 9.03%, 0, 1, 5, 18.29
1701078566, 0, 532, 842, 695, 156, 9.04%, 0, 1, 5, 17.74
1701078581, 0, 532, 843, 696, 156, 9.04%, 0, 1, 5, 18.71
1701078601, 0, 532, 844, 697, 156, 9.04%, 0, 1, 5, 19.11
1701078637, 0, 532, 845, 698, 156, 9.04%, 0, 1, 5, 18.11
1701078642, 0, 532, 846, 699, 156, 9.04%, 0, 1, 5, 19.49
1701078647, 0, 535, 846, 698, 156, 9.04%, 0, 1, 5, 18.04
1701078658, 0, 535, 847, 699, 156, 9.04%, 0, 1, 5, 22.88
1701079086, 0, 535, 848, 700, 156, 9.04%, 0, 1, 5, 18.46
1701079106, 0, 537, 848, 699, 155, 9.04%, 0, 1, 5, 15.05
1701079111, 0, 537, 849, 700, 155, 9.05%, 0, 1, 5, 13.85
1701079265, 0, 542, 849, 699, 155, 9.05%, 0, 1, 5, 15.47
1701079674, 0, 542, 850, 700, 155, 9.05%, 0, 1, 5, 17.65
1701079700, 0, 544, 850, 699, 154, 9.05%, 0, 1, 5, 14.54
1701081446, 0, 544, 851, 700, 154, 9.05%, 0, 1, 5, 14.89
1701081456, 0, 544, 852, 701, 154, 9.05%, 0, 1, 5, 14.80
1701081466, 0, 544, 853, 702, 154, 9.05%, 0, 1, 5, 13.15
1701081471, 0, 544, 854, 703, 154, 9.06%, 0, 1, 5, 13.64
1701081482, 0, 544, 855, 704, 154, 9.06%, 0, 1, 5, 16.25
1701081589, 0, 544, 856, 705, 154, 9.06%, 0, 1, 5, 14.03
1701081661, 0, 545, 856, 704, 154, 9.06%, 0, 1, 5, 13.59
1701081861, 0, 545, 857, 705, 154, 9.07%, 0, 1, 5, 30.32
1701081907, 0, 548, 857, 704, 154, 9.07%, 0, 1, 5, 13.72
1701081917, 0, 548, 858, 705, 154, 9.08%, 0, 1, 5, 12.82
1701082071, 0, 550, 858, 704, 154, 9.08%, 0, 1, 5, 13.75
1701082393, 0, 552, 858, 703, 153, 9.08%, 0, 1, 5, 17.01
1701082603, 0, 553, 858, 702, 152, 9.08%, 0, 1, 5, 13.89
1701082921, 0, 554, 858, 701, 151, 9.08%, 0, 1, 5, 14.89
1701083243, 0, 555, 858, 700, 150, 9.08%, 0, 1, 5, 14.73
1701083427, 0, 555, 859, 701, 150, 9.08%, 0, 1, 5, 17.13
1701083452, 0, 557, 859, 700, 149, 9.08%, 0, 1, 5, 14.20
1701083611, 0, 557, 860, 701, 149, 9.08%, 0, 1, 5, 14.54
1701083687, 0, 558, 861, 701, 149, 9.09%, 0, 1, 5, 17.57
1701083692, 0, 558, 862, 702, 149, 9.09%, 0, 1, 5, 17.84
1701083697, 0, 558, 863, 703, 149, 9.11%, 0, 1, 5, 20.81
1701083754, 0, 558, 866, 706, 149, 9.12%, 0, 1, 5, 17.91
1701083780, 0, 558, 868, 708, 149, 9.12%, 0, 1, 5, 16.50
1701083795, 0, 558, 869, 709, 149, 9.17%, 0, 1, 5, 11.31
1701083800, 0, 558, 870, 710, 149, 9.17%, 0, 1, 5, 10.90
1701083816, 0, 558, 871, 711, 149, 9.17%, 0, 1, 5, 11.23
1701083821, 0, 558, 872, 712, 149, 9.17%, 0, 1, 5, 15.63
1701083826, 0, 558, 873, 713, 149, 9.17%, 0, 1, 5, 14.90
1701083836, 0, 558, 874, 714, 149, 9.17%, 0, 1, 5, 15.80
1701083842, 0, 558, 875, 715, 149, 9.17%, 0, 1, 5, 15.05
1701083852, 0, 558, 876, 716, 149, 9.17%, 0, 1, 5, 15.93
1701083862, 0, 558, 877, 717, 149, 9.17%, 0, 1, 5, 15.22
1701083919, 0, 558, 878, 718, 149, 9.17%, 0, 1, 5, 15.12
1701083964, 0, 558, 879, 719, 149, 9.17%, 0, 1, 5, 12.76
1701084000, 0, 558, 880, 720, 149, 9.17%, 0, 1, 5, 15.27
1701084015, 0, 558, 881, 721, 149, 9.17%, 0, 1, 5, 13.63
1701084031, 0, 559, 881, 720, 158, 9.17%, 0, 1, 5, 17.07
1701084738, 0, 559, 882, 721, 158, 9.17%, 0, 1, 5, 21.51
1701084866, 0, 559, 883, 722, 158, 9.17%, 0, 1, 5, 16.64
1701084886, 0, 564, 883, 721, 158, 9.17%, 0, 1, 5, 18.61
1701085618, 0, 564, 884, 722, 158, 9.17%, 0, 1, 5, 18.25
1701085750, 0, 566, 884, 721, 157, 9.17%, 0, 1, 5, 15.82
1701085776, 0, 566, 885, 722, 157, 9.18%, 0, 1, 5, 12.20
1701085909, 0, 568, 885, 721, 157, 9.18%, 0, 1, 5, 11.26
1701085919, 0, 568, 886, 722, 157, 9.18%, 0, 1, 5, 11.75
1701086191, 0, 568, 887, 723, 157, 9.18%, 0, 1, 5, 13.07
1701086216, 0, 570, 887, 722, 158, 9.18%, 0, 1, 5, 11.52
1701086324, 0, 570, 888, 723, 158, 9.20%, 0, 1, 5, 11.83
1701086606, 0, 571, 888, 722, 158, 9.20%, 0, 1, 5, 12.71
1701086821, 0, 575, 888, 721, 157, 9.20%, 0, 1, 5, 12.32
1701087041, 0, 577, 888, 720, 156, 9.20%, 0, 1, 5, 10.48
1701088033, 0, 578, 888, 719, 155, 9.20%, 0, 1, 5, 15.22
1701088944, 0, 580, 888, 718, 154, 9.20%, 0, 1, 5, 16.89
1701089005, 0, 580, 889, 719, 154, 9.21%, 0, 1, 5, 18.80
1701089134, 0, 580, 891, 721, 154, 9.22%, 0, 1, 5, 17.17
1701089164, 0, 580, 892, 722, 154, 9.23%, 0, 1, 5, 16.11
1701089180, 0, 580, 893, 723, 154, 9.23%, 0, 1, 5, 13.28
1701089200, 0, 580, 894, 724, 154, 9.23%, 0, 1, 5, 17.20
1701089221, 0, 581, 894, 723, 159, 9.23%, 0, 1, 5, 14.11
1701089277, 0, 581, 895, 724, 159, 9.23%, 0, 1, 5, 12.85
1701090136, 0, 584, 895, 723, 158, 9.23%, 0, 1, 5, 10.95
1701090157, 0, 584, 896, 724, 158, 9.23%, 0, 1, 5, 11.54
1701090259, 0, 585, 896, 723, 158, 9.23%, 0, 1, 5, 13.91
1701090269, 0, 585, 897, 724, 158, 9.34%, 0, 1, 5, 15.49
1701090310, 0, 585, 898, 725, 158, 9.36%, 0, 1, 5, 17.66
1701090336, 0, 585, 899, 726, 158, 9.41%, 0, 1, 5, 16.42
1701091216, 0, 585, 900, 727, 158, 9.42%, 0, 1, 5, 17.50
1701091493, 0, 585, 901, 728, 158, 9.42%, 0, 1, 5, 17.11
1701091513, 0, 586, 901, 727, 162, 9.42%, 0, 1, 5, 16.33
1701092699, 0, 588, 901, 726, 161, 9.42%, 0, 1, 5, 17.84
1701093764, 0, 588, 902, 727, 161, 9.42%, 0, 1, 5, 15.70
1701093995, 0, 592, 902, 726, 160, 9.42%, 0, 1, 5, 16.20
1701095411, 0, 595, 902, 725, 159, 9.42%, 0, 1, 5, 15.83
1701095416, 0, 595, 903, 726, 159, 9.43%, 0, 1, 5, 17.21
1701095595, 0, 595, 904, 727, 159, 9.43%, 0, 1, 5, 17.97
1701096578, 0, 596, 904, 726, 160, 9.43%, 0, 1, 5, 14.82
1701096588, 0, 596, 906, 728, 160, 9.43%, 0, 1, 5, 21.00
1701096690, 0, 596, 907, 729, 160, 9.43%, 0, 1, 5, 21.52
1701096696, 0, 596, 908, 730, 160, 9.48%, 0, 1, 5, 21.57
1701096721, 0, 596, 910, 732, 160, 9.51%, 0, 1, 5, 20.32
1701097288, 0, 597, 910, 731, 164, 9.51%, 0, 1, 5, 15.21
1701097355, 0, 597, 911, 732, 164, 9.51%, 0, 1, 5, 14.72
1701097421, 0, 597, 912, 733, 164, 9.52%, 0, 1, 5, 16.20
1701097498, 0, 597, 913, 734, 164, 9.52%, 0, 1, 5, 16.53
1701098643, 0, 597, 914, 735, 164, 9.54%, 0, 1, 5, 19.05
1701098864, 0, 600, 914, 734, 165, 9.54%, 0, 1, 5, 19.40
1701098910, 0, 601, 914, 733, 164, 9.54%, 0, 1, 5, 20.53
1701099109, 0, 601, 915, 734, 164, 9.54%, 0, 1, 5, 17.57
1701099140, 0, 602, 915, 733, 164, 9.54%, 0, 1, 5, 19.88
1701099221, 0, 605, 915, 732, 163, 9.54%, 0, 1, 5, 25.40
1701099232, 0, 605, 916, 733, 163, 9.54%, 0, 1, 5, 29.24
1701099288, 0, 605, 917, 734, 163, 9.54%, 0, 1, 5, 34.29
1701099386, 0, 608, 917, 733, 163, 9.54%, 0, 1, 5, 15.50
1701099406, 0, 608, 919, 735, 163, 9.54%, 0, 1, 5, 14.31
1701099682, 0, 608, 921, 737, 163, 9.55%, 0, 1, 5, 14.84
1701100538, 0, 610, 921, 736, 165, 9.55%, 0, 1, 5, 18.04
1701100845, 0, 610, 922, 737, 165, 9.55%, 0, 1, 5, 14.07
1701100870, 0, 610, 923, 738, 165, 9.55%, 0, 1, 5, 15.42
1701100875, 0, 610, 924, 739, 165, 9.55%, 0, 1, 5, 16.27
1701100886, 0, 610, 925, 740, 165, 9.55%, 0, 1, 5, 14.82
1701100952, 0, 610, 926, 741, 165, 9.55%, 0, 1, 5, 14.35
1701101014, 0, 610, 927, 742, 165, 9.55%, 0, 1, 5, 13.87
1701101075, 0, 611, 927, 741, 165, 9.55%, 0, 1, 5, 11.25
1701101090, 0, 611, 928, 742, 165, 9.55%, 0, 1, 5, 12.19
1701101095, 0, 611, 929, 743, 165, 9.56%, 0, 1, 5, 10.18
1701101116, 0, 611, 930, 744, 165, 9.56%, 0, 1, 5, 12.44
1701101136, 0, 611, 931, 745, 165, 9.56%, 0, 1, 5, 12.47
1701101152, 0, 611, 932, 746, 165, 9.56%, 0, 1, 5, 12.00
1701101157, 0, 611, 934, 748, 165, 9.56%, 0, 1, 5, 12.18
1701101193, 0, 611, 935, 749, 165, 9.56%, 0, 1, 5, 12.91
1701101234, 0, 611, 936, 750, 165, 9.56%, 0, 1, 5, 11.77
1701101255, 0, 611, 937, 751, 165, 9.56%, 0, 1, 5, 11.91
1701101363, 0, 611, 938, 752, 165, 9.56%, 0, 1, 5, 12.67
1701101373, 0, 613, 938, 751, 166, 9.56%, 0, 1, 5, 16.97
1701101817, 0, 614, 938, 750, 165, 9.56%, 0, 1, 5, 18.10
1701102278, 0, 615, 938, 749, 164, 9.56%, 0, 1, 5, 16.04
1701102755, 0, 616, 938, 748, 163, 9.56%, 0, 1, 5, 16.75
1701103210, 0, 617, 938, 747, 162, 9.56%, 0, 1, 5, 13.54
1701103697, 0, 617, 939, 748, 162, 9.56%, 0, 1, 5, 11.73
1701103718, 0, 618, 939, 747, 162, 9.56%, 0, 1, 5, 20.28
1701103723, 0, 618, 941, 749, 162, 9.56%, 0, 1, 5, 22.72
1701104061, 0, 618, 942, 750, 162, 9.56%, 0, 1, 5, 19.72
1701104132, 0, 618, 943, 751, 162, 9.56%, 0, 1, 5, 16.38
1701104158, 0, 619, 943, 750, 163, 9.56%, 0, 1, 5, 14.19
1701104199, 0, 620, 943, 749, 162, 9.56%, 0, 1, 5, 11.96
1701104281, 0, 620, 944, 750, 162, 9.56%, 0, 1, 5, 12.64
1701104348, 0, 620, 945, 751, 162, 9.56%, 0, 1, 5, 10.24
1701104666, 0, 621, 945, 750, 163, 9.56%, 0, 1, 5, 12.84
1701105858, 0, 621, 946, 751, 163, 9.56%, 0, 1, 5, 13.04
1701105884, 0, 622, 946, 750, 162, 9.56%, 0, 1, 5, 13.31
1701107035, 0, 623, 946, 749, 161, 9.56%, 0, 1, 5, 13.55
1701107071, 0, 623, 947, 750, 161, 9.56%, 0, 1, 5, 12.40
1701107076, 0, 623, 948, 751, 161, 9.56%, 0, 1, 5, 11.84
1701107101, 0, 623, 949, 752, 161, 9.56%, 0, 1, 5, 13.12
1701107250, 0, 627, 949, 751, 161, 9.56%, 0, 1, 5, 11.93
1701107357, 0, 627, 950, 752, 161, 9.56%, 0, 1, 5, 20.11
1701107849, 0, 628, 950, 751, 160, 9.56%, 0, 1, 5, 11.47
1701110386, 0, 629, 950, 750, 159, 9.56%, 0, 1, 5, 9.95
1701112874, 0, 630, 950, 749, 158, 9.56%, 0, 1, 5, 12.22
1701115284, 0, 631, 950, 748, 157, 9.56%, 0, 1, 5, 11.81
1701117724, 0, 634, 950, 747, 156, 9.56%, 0, 1, 5, 10.93
1701117872, 0, 634, 951, 748, 156, 9.60%, 0, 1, 5, 12.79
1701119517, 0, 637, 951, 747, 155, 9.60%, 0, 1, 5, 11.83
1701119548, 0, 637, 952, 748, 155, 9.60%, 0, 1, 5, 10.54
1701120025, 0, 637, 953, 749, 155, 9.62%, 0, 1, 5, 20.08
1701121269, 0, 638, 953, 748, 156, 9.62%, 0, 1, 5, 9.53
1701121294, 0, 638, 954, 749, 156, 9.63%, 0, 1, 5, 11.38
1701121775, 0, 638, 955, 750, 156, 9.63%, 0, 1, 5, 11.08
1701121780, 0, 638, 956, 751, 156, 9.63%, 0, 1, 5, 15.41
1701123052, 0, 639, 956, 750, 158, 9.63%, 0, 1, 5, 11.76
1701123083, 0, 639, 957, 751, 158, 9.63%, 0, 1, 5, 10.79
1701125018, 0, 640, 957, 750, 157, 9.63%, 0, 1, 5, 12.01
