# unix_time, cycles_done, cur_path, paths_total, pending_total, pending_favs, map_size, unique_crashes, unique_hangs, max_depth, execs_per_sec
1700597288, 0, 0, 1, 1, 1, 1.39%, 0, 0, 1, 3.28
1700597293, 0, 0, 7, 7, 1, 1.49%, 0, 0, 2, 8.41
1700597298, 0, 0, 12, 12, 1, 1.70%, 0, 0, 2, 8.00
1700597303, 0, 0, 16, 16, 1, 1.72%, 0, 0, 2, 8.67
1700597308, 0, 0, 20, 20, 1, 1.89%, 0, 0, 2, 7.04
1700597313, 0, 0, 24, 24, 1, 1.91%, 0, 0, 2, 8.17
1700597318, 0, 0, 28, 28, 1, 2.14%, 0, 0, 2, 7.81
1700597324, 0, 0, 30, 30, 1, 2.15%, 0, 0, 2, 7.10
1700597329, 0, 0, 31, 31, 1, 2.15%, 0, 0, 2, 5.08
1700597334, 0, 0, 33, 33, 1, 2.16%, 0, 0, 2, 5.39
1700597339, 0, 0, 35, 35, 1, 2.19%, 0, 0, 2, 4.87
1700597344, 0, 0, 37, 37, 1, 2.23%, 0, 0, 2, 5.31
1700597349, 0, 0, 39, 39, 1, 2.24%, 0, 0, 2, 5.81
1700597354, 0, 0, 41, 41, 1, 2.26%, 0, 0, 2, 5.96
1700597360, 0, 0, 42, 42, 1, 2.26%, 0, 0, 2, 5.10
1700597370, 0, 0, 43, 43, 1, 2.26%, 0, 0, 2, 4.29
1700597375, 0, 0, 44, 44, 1, 2.26%, 0, 0, 2, 4.87
1700597380, 0, 0, 45, 45, 1, 2.26%, 0, 0, 2, 5.15
1700597385, 0, 0, 47, 47, 1, 2.28%, 0, 0, 2, 6.13
1700597395, 0, 0, 49, 49, 1, 2.29%, 0, 0, 2, 6.09
1700597411, 0, 0, 51, 51, 1, 2.29%, 0, 0, 2, 5.45
1700597416, 0, 0, 53, 53, 1, 2.29%, 0, 0, 2, 6.53
1700597421, 0, 0, 55, 55, 1, 2.29%, 0, 0, 2, 6.43
1700597457, 0, 0, 57, 57, 1, 2.29%, 0, 0, 2, 5.24
1700597493, 0, 0, 58, 58, 1, 2.29%, 0, 0, 2, 5.09
1700597550, 0, 0, 59, 59, 1, 2.29%, 0, 0, 2, 8.04
1700597555, 0, 0, 61, 61, 1, 2.29%, 0, 0, 2, 5.58
1700597560, 0, 0, 64, 64, 1, 2.29%, 0, 0, 2, 4.67
1700597565, 0, 0, 66, 66, 1, 2.29%, 0, 0, 2, 4.57
1700597570, 0, 0, 69, 69, 1, 2.29%, 0, 0, 2, 4.58
1700597575, 0, 0, 72, 72, 1, 2.29%, 0, 0, 2, 4.70
1700597580, 0, 0, 74, 74, 1, 2.29%, 0, 0, 2, 4.72
1700597586, 0, 0, 77, 77, 1, 2.29%, 0, 0, 2, 4.86
1700597591, 0, 0, 80, 80, 1, 2.29%, 0, 0, 2, 4.68
1700597596, 0, 0, 83, 83, 1, 2.29%, 0, 0, 2, 4.86
1700597601, 0, 0, 85, 85, 1, 2.29%, 0, 0, 2, 4.79
1700597606, 0, 0, 88, 88, 1, 2.29%, 0, 0, 2, 4.73
1700597611, 0, 0, 90, 90, 1, 2.29%, 0, 0, 2, 4.61
1700597616, 0, 0, 93, 93, 1, 2.29%, 0, 0, 2, 4.66
1700597621, 0, 0, 96, 96, 1, 2.29%, 0, 0, 2, 4.69
1700597626, 0, 0, 98, 98, 1, 2.29%, 0, 0, 2, 4.73
1700597632, 0, 0, 101, 101, 1, 2.29%, 0, 0, 2, 4.79
1700597637, 0, 0, 103, 103, 1, 2.29%, 0, 0, 2, 4.79
1700597642, 0, 0, 106, 106, 1, 2.29%, 0, 0, 2, 4.74
1700597647, 0, 0, 109, 109, 1, 2.29%, 0, 0, 2, 4.69
1700597652, 0, 0, 112, 112, 1, 2.29%, 0, 0, 2, 5.17
1700597657, 0, 0, 115, 115, 1, 2.29%, 0, 0, 2, 5.20
1700597662, 0, 0, 118, 118, 1, 2.29%, 0, 0, 2, 5.10
1700597667, 0, 0, 120, 120, 1, 2.29%, 0, 0, 2, 5.21
1700597673, 0, 0, 123, 123, 1, 2.29%, 0, 0, 2, 5.02
1700597678, 0, 0, 125, 125, 1, 2.29%, 0, 0, 2, 4.93
1700597683, 0, 0, 128, 128, 1, 2.29%, 0, 0, 2, 4.96
1700597688, 0, 0, 131, 131, 1, 2.29%, 0, 0, 2, 4.99
1700597693, 0, 0, 133, 133, 1, 2.29%, 0, 0, 2, 4.73
1700597699, 0, 0, 136, 136, 1, 2.29%, 0, 0, 2, 4.91
1700597704, 0, 0, 138, 138, 1, 2.29%, 0, 0, 2, 4.87
1700597709, 0, 0, 140, 140, 1, 2.29%, 0, 0, 2, 4.80
1700597714, 0, 0, 143, 143, 1, 2.29%, 0, 0, 2, 5.00
1700597719, 0, 0, 145, 145, 1, 2.29%, 0, 0, 2, 5.08
1700597724, 0, 0, 148, 148, 1, 2.29%, 0, 0, 2, 4.93
1700597729, 0, 0, 151, 151, 1, 2.29%, 0, 0, 2, 5.09
1700597735, 0, 0, 153, 153, 1, 2.29%, 0, 0, 2, 5.00
1700597740, 0, 0, 156, 156, 1, 2.29%, 0, 0, 2, 4.86
1700597745, 0, 0, 158, 158, 1, 2.29%, 0, 0, 2, 4.90
1700597750, 0, 0, 161, 161, 1, 2.29%, 0, 0, 2, 4.88
1700597755, 0, 0, 163, 163, 1, 2.29%, 0, 0, 2, 4.93
1700597760, 0, 0, 164, 164, 1, 2.29%, 0, 0, 2, 4.94
1700597766, 0, 0, 166, 166, 1, 2.29%, 0, 0, 2, 4.83
1700597771, 0, 0, 167, 167, 1, 2.29%, 0, 0, 2, 4.90
1700597776, 0, 0, 169, 169, 1, 2.29%, 0, 0, 2, 4.94
1700597781, 0, 0, 172, 172, 1, 2.29%, 0, 0, 2, 4.95
1700597786, 0, 0, 174, 174, 1, 2.29%, 0, 0, 2, 5.07
1700597791, 0, 0, 177, 177, 1, 2.29%, 0, 0, 2, 5.02
1700597796, 0, 0, 179, 179, 1, 2.29%, 0, 0, 2, 4.94
1700597807, 0, 0, 181, 181, 1, 2.29%, 0, 0, 2, 5.19
1700597858, 0, 0, 183, 183, 1, 2.29%, 0, 0, 2, 7.53
1700597863, 0, 0, 185, 185, 1, 2.29%, 0, 0, 2, 5.83
1700597868, 0, 0, 187, 187, 1, 2.29%, 0, 0, 2, 5.25
1700597873, 0, 0, 189, 189, 1, 2.29%, 0, 0, 2, 4.84
1700597879, 0, 0, 192, 192, 1, 2.29%, 0, 0, 2, 4.94
1700597884, 0, 0, 194, 194, 1, 2.29%, 0, 0, 2, 4.94
1700597889, 0, 0, 196, 196, 1, 2.29%, 0, 0, 2, 4.94
1700597987, 0, 0, 197, 197, 1, 2.29%, 0, 0, 2, 10.83
1700597992, 0, 0, 198, 198, 1, 2.29%, 0, 0, 2, 10.00
1700597997, 0, 0, 199, 199, 1, 2.29%, 0, 0, 2, 9.99
1700598013, 0, 0, 200, 200, 1, 2.29%, 0, 0, 2, 10.65
1700598018, 0, 0, 201, 201, 1, 2.33%, 0, 0, 2, 10.09
1700598033, 0, 0, 202, 202, 1, 2.33%, 0, 0, 2, 9.67
1700598038, 0, 0, 203, 203, 1, 2.33%, 0, 0, 2, 7.80
1700598044, 0, 0, 205, 205, 1, 2.33%, 0, 0, 2, 6.50
1700598049, 0, 0, 207, 207, 1, 2.33%, 0, 0, 2, 5.87
1700598054, 0, 0, 210, 210, 1, 2.33%, 0, 0, 2, 5.44
1700598059, 0, 0, 212, 212, 1, 2.33%, 0, 0, 2, 5.16
1700598065, 0, 0, 215, 215, 1, 2.33%, 0, 0, 2, 5.48
1700598070, 0, 0, 217, 217, 1, 2.33%, 0, 0, 2, 5.45
1700598075, 0, 0, 219, 219, 1, 2.33%, 0, 0, 2, 5.25
1700598080, 0, 0, 222, 222, 1, 2.33%, 0, 0, 2, 5.41
1700598085, 0, 0, 224, 224, 1, 2.33%, 0, 0, 2, 5.20
1700598090, 0, 0, 225, 225, 1, 2.33%, 0, 0, 2, 5.17
1700598095, 0, 0, 226, 226, 1, 2.33%, 0, 0, 2, 8.12
1700598111, 0, 0, 228, 228, 1, 2.33%, 0, 0, 2, 9.04
1700598116, 0, 0, 231, 231, 1, 2.33%, 0, 0, 2, 6.76
1700598121, 0, 0, 233, 233, 1, 2.33%, 0, 0, 2, 5.77
1700598136, 0, 0, 234, 234, 1, 2.33%, 0, 0, 2, 10.70
1700598141, 0, 0, 235, 235, 1, 2.33%, 0, 0, 2, 7.07
1700598146, 0, 0, 238, 238, 1, 2.33%, 0, 0, 2, 5.85
1700598162, 0, 0, 240, 240, 1, 2.33%, 0, 0, 2, 7.60
1700598168, 0, 0, 242, 242, 1, 2.33%, 0, 0, 2, 5.86
1700598173, 0, 0, 244, 244, 1, 2.33%, 0, 0, 2, 5.43
1700598183, 0, 0, 245, 245, 1, 2.33%, 0, 0, 2, 5.53
1700598188, 0, 0, 247, 247, 1, 2.33%, 0, 0, 2, 5.01
1700598193, 0, 0, 248, 248, 1, 2.33%, 0, 0, 2, 4.96
1700598198, 0, 0, 250, 250, 1, 2.33%, 0, 0, 2, 4.84
1700598204, 0, 0, 252, 252, 1, 2.33%, 0, 0, 2, 5.02
1700598209, 0, 0, 253, 253, 1, 2.33%, 0, 0, 2, 5.55
1700598214, 0, 0, 255, 255, 1, 2.33%, 0, 0, 2, 5.20
1700598219, 0, 0, 257, 257, 1, 2.33%, 0, 0, 2, 5.28
1700598225, 0, 0, 258, 258, 1, 2.33%, 0, 0, 2, 5.90
1700598230, 0, 0, 259, 259, 1, 2.33%, 0, 0, 2, 6.73
1700598235, 0, 0, 260, 260, 1, 2.33%, 0, 0, 2, 5.66
1700598240, 0, 0, 261, 261, 1, 2.33%, 0, 0, 2, 5.84
1700598245, 0, 0, 263, 263, 1, 2.33%, 0, 0, 2, 6.23
1700598251, 0, 0, 264, 264, 1, 2.33%, 0, 0, 2, 5.43
1700598256, 0, 0, 266, 266, 1, 2.33%, 0, 0, 2, 5.41
1700598261, 0, 0, 267, 267, 1, 2.33%, 0, 0, 2, 5.67
1700598266, 0, 0, 268, 268, 1, 2.33%, 0, 0, 2, 6.61
1700598271, 0, 0, 269, 269, 1, 2.33%, 0, 0, 2, 6.06
1700598277, 0, 0, 271, 271, 1, 2.33%, 0, 0, 2, 5.63
1700598298, 0, 0, 272, 272, 1, 2.33%, 0, 0, 2, 6.36
1700598308, 0, 0, 274, 274, 1, 2.33%, 0, 0, 2, 5.51
1700598314, 0, 0, 275, 275, 1, 2.33%, 0, 0, 2, 5.12
1700598319, 0, 0, 276, 276, 1, 2.33%, 0, 0, 2, 5.67
1700598335, 0, 0, 277, 277, 1, 2.33%, 0, 0, 2, 5.41
1700598356, 0, 0, 278, 278, 1, 2.33%, 0, 0, 2, 5.61
1700598361, 0, 0, 279, 279, 1, 2.33%, 0, 0, 2, 5.06
1700598418, 0, 0, 280, 280, 1, 2.33%, 0, 0, 2, 5.23
1700598460, 0, 0, 281, 281, 1, 2.33%, 0, 0, 2, 5.30
1700598506, 0, 0, 282, 282, 1, 2.33%, 0, 0, 2, 8.05
1700598511, 0, 0, 283, 283, 1, 2.33%, 0, 0, 2, 6.35
1700598516, 0, 0, 284, 284, 1, 2.33%, 0, 0, 2, 5.71
1700598620, 0, 0, 285, 285, 1, 2.33%, 0, 0, 2, 9.92
1700598640, 0, 0, 286, 286, 1, 2.33%, 0, 0, 2, 9.61
1700598660, 0, 0, 287, 287, 1, 2.33%, 0, 0, 2, 9.64
1700598671, 0, 0, 289, 289, 1, 2.33%, 0, 0, 2, 7.21
1700598681, 0, 0, 290, 290, 1, 2.33%, 0, 0, 2, 5.63
1700598702, 0, 0, 291, 291, 1, 2.33%, 0, 0, 2, 9.42
1700598738, 0, 0, 292, 292, 1, 2.33%, 0, 0, 2, 5.90
1700598768, 0, 0, 294, 294, 1, 2.33%, 0, 0, 2, 6.01
1700598774, 0, 0, 295, 295, 1, 2.33%, 0, 0, 2, 6.00
1700598830, 0, 0, 296, 296, 1, 2.33%, 0, 0, 2, 5.80
1700599108, 0, 0, 297, 297, 1, 2.34%, 0, 0, 2, 10.34
1700599211, 0, 0, 298, 298, 1, 2.34%, 0, 0, 2, 7.51
1700599242, 0, 0, 299, 299, 1, 2.34%, 0, 0, 2, 6.89
1700599247, 0, 0, 300, 300, 1, 2.34%, 0, 0, 2, 7.12
1700599427, 0, 0, 301, 301, 1, 2.34%, 0, 0, 2, 7.17
1700599468, 0, 0, 302, 302, 1, 2.34%, 0, 0, 2, 9.02
1700600124, 0, 0, 303, 303, 1, 2.34%, 0, 0, 2, 6.42
1700600284, 0, 0, 304, 304, 1, 2.34%, 0, 0, 2, 10.30
1700600310, 0, 0, 307, 307, 1, 2.35%, 0, 0, 2, 8.13
1700600315, 0, 0, 309, 309, 1, 2.35%, 0, 0, 2, 6.91
1700600320, 0, 0, 311, 311, 1, 2.35%, 0, 0, 2, 7.33
1700600325, 0, 0, 313, 313, 1, 2.35%, 0, 0, 2, 10.09
1700600330, 0, 0, 314, 314, 1, 2.35%, 0, 0, 2, 9.28
1700600341, 0, 0, 315, 315, 1, 2.35%, 0, 0, 2, 12.22
1700600480, 0, 0, 316, 316, 1, 2.35%, 0, 0, 2, 9.19
1700600495, 0, 0, 317, 317, 1, 2.35%, 0, 0, 2, 9.67
1700600638, 0, 0, 318, 318, 1, 2.35%, 0, 0, 2, 10.36
1700600817, 0, 0, 319, 319, 1, 2.35%, 0, 0, 2, 9.92
1700600823, 0, 0, 320, 320, 1, 2.35%, 0, 0, 2, 8.55
1700601147, 0, 0, 321, 321, 1, 2.36%, 0, 0, 2, 5.29
1700601251, 0, 0, 323, 323, 1, 2.36%, 0, 0, 2, 6.40
1700601256, 0, 0, 324, 324, 1, 2.36%, 0, 0, 2, 5.73
1700601266, 0, 0, 325, 325, 1, 2.36%, 0, 0, 2, 7.46
1700603710, 0, 0, 326, 326, 1, 2.36%, 0, 0, 2, 11.45
1700603766, 0, 0, 327, 327, 1, 2.36%, 0, 0, 2, 7.16
1700603910, 0, 0, 328, 328, 1, 2.36%, 0, 0, 2, 6.62
1700603935, 0, 0, 329, 329, 1, 2.38%, 0, 0, 2, 10.44
1700604528, 0, 0, 330, 330, 1, 2.38%, 0, 0, 2, 7.33
1700604543, 0, 0, 331, 331, 1, 2.38%, 0, 0, 2, 8.57
1700604794, 0, 0, 332, 332, 1, 2.38%, 0, 0, 2, 10.96
1700606069, 0, 0, 333, 333, 1, 2.38%, 0, 0, 2, 9.03
1700606192, 0, 0, 335, 335, 1, 2.38%, 0, 0, 2, 11.66
1700606259, 0, 0, 336, 336, 1, 2.38%, 0, 0, 2, 5.68
1700606387, 0, 0, 337, 337, 1, 2.38%, 0, 0, 2, 11.51
1700606392, 0, 0, 338, 338, 1, 2.38%, 0, 0, 2, 7.75
1700606398, 0, 0, 339, 339, 1, 2.38%, 0, 0, 2, 6.40
1700606459, 0, 0, 340, 340, 1, 2.39%, 0, 0, 2, 13.45
1700606856, 0, 7, 340, 339, 37, 2.39%, 0, 0, 2, 0.22
1700606877, 0, 7, 341, 340, 37, 2.39%, 0, 0, 3, 13.41
1700606928, 0, 7, 342, 341, 37, 2.40%, 0, 0, 3, 13.52
1700606959, 0, 7, 344, 343, 37, 2.41%, 0, 0, 3, 13.04
1700606964, 0, 7, 345, 344, 37, 2.41%, 0, 0, 3, 12.66
1700606969, 0, 7, 347, 346, 37, 2.42%, 0, 0, 3, 12.97
1700606989, 0, 7, 348, 347, 37, 2.42%, 0, 0, 3, 13.24
1700606995, 0, 7, 349, 348, 37, 2.43%, 0, 0, 3, 12.82
1700607000, 0, 7, 350, 349, 37, 2.43%, 0, 0, 3, 12.66
1700607005, 0, 7, 351, 350, 37, 2.43%, 0, 0, 3, 13.32
1700607031, 0, 7, 352, 351, 37, 2.43%, 0, 0, 3, 13.34
1700607082, 0, 7, 353, 352, 37, 2.43%, 0, 0, 3, 13.15
1700607118, 0, 7, 355, 354, 37, 2.44%, 0, 0, 3, 12.89
1700607164, 0, 7, 356, 355, 37, 2.45%, 0, 0, 3, 12.91
1700607215, 0, 8, 356, 354, 45, 2.45%, 0, 0, 3, 12.84
1700607312, 0, 8, 357, 355, 45, 2.45%, 0, 0, 3, 13.34
1700607317, 0, 9, 357, 354, 45, 2.45%, 0, 0, 3, 13.23
1700607364, 0, 10, 357, 353, 44, 2.45%, 0, 0, 3, 13.02
1700607942, 0, 10, 358, 354, 44, 2.46%, 0, 0, 3, 13.29
1700608904, 0, 12, 358, 353, 43, 2.46%, 0, 0, 3, 12.66
1700609006, 0, 12, 359, 354, 43, 2.46%, 0, 0, 3, 14.05
1700609011, 0, 13, 359, 353, 42, 2.46%, 0, 0, 3, 13.32
1700609056, 0, 15, 359, 352, 41, 2.46%, 0, 0, 3, 3.91
1700609103, 0, 19, 359, 351, 40, 2.46%, 0, 0, 3, 12.85
1700609138, 0, 19, 361, 353, 40, 2.46%, 0, 0, 3, 11.36
1700609144, 0, 19, 362, 354, 40, 2.46%, 0, 0, 3, 10.48
1700609262, 0, 19, 363, 355, 40, 2.46%, 0, 0, 3, 10.00
1700609267, 0, 19, 365, 357, 40, 2.46%, 0, 0, 3, 11.95
1700609283, 0, 19, 368, 360, 40, 2.46%, 0, 0, 3, 11.92
1700609324, 0, 19, 369, 361, 40, 2.46%, 0, 0, 3, 12.50
1700609344, 0, 19, 370, 362, 40, 2.46%, 0, 0, 3, 10.93
1700609534, 0, 19, 372, 364, 40, 2.46%, 0, 0, 3, 12.67
1700609811, 0, 19, 374, 366, 40, 2.46%, 0, 0, 3, 12.59
1700610526, 0, 19, 379, 371, 40, 2.46%, 0, 0, 3, 11.54
1700610531, 0, 19, 382, 374, 40, 2.46%, 0, 0, 3, 10.87
1700610536, 0, 19, 388, 380, 40, 2.46%, 0, 0, 3, 12.05
1700610541, 0, 19, 389, 381, 40, 2.46%, 0, 0, 3, 12.97
1700610546, 0, 19, 394, 386, 40, 2.52%, 0, 0, 3, 11.28
1700610551, 0, 19, 399, 391, 40, 2.52%, 0, 0, 3, 9.75
1700610557, 0, 19, 402, 394, 40, 2.52%, 0, 0, 3, 8.45
1700610562, 0, 19, 403, 395, 40, 2.52%, 0, 0, 3, 8.59
1700611313, 0, 19, 404, 396, 40, 2.52%, 0, 0, 3, 11.76
1700614955, 0, 19, 405, 397, 40, 2.52%, 0, 0, 3, 11.62
1700615339, 0, 20, 405, 396, 43, 2.52%, 0, 0, 3, 12.38
1700615390, 0, 23, 405, 395, 42, 2.52%, 0, 0, 3, 12.63
1700615503, 0, 27, 405, 394, 41, 2.52%, 0, 0, 3, 11.40
1700615538, 0, 27, 408, 397, 41, 2.52%, 0, 0, 3, 10.19
1700615544, 0, 27, 412, 401, 41, 2.53%, 0, 0, 3, 8.67
1700615549, 0, 27, 417, 406, 41, 2.53%, 0, 0, 3, 8.37
1700615554, 0, 27, 421, 410, 41, 2.53%, 0, 0, 3, 8.67
1700615559, 0, 27, 426, 415, 41, 2.53%, 0, 0, 3, 8.52
1700615564, 0, 27, 430, 419, 41, 2.53%, 0, 0, 3, 8.71
1700615569, 0, 27, 434, 423, 41, 2.53%, 0, 0, 3, 8.51
1700615574, 0, 27, 438, 427, 41, 2.53%, 0, 0, 3, 8.37
1700615580, 0, 27, 441, 430, 41, 2.53%, 0, 0, 3, 8.26
1700615585, 0, 27, 445, 434, 41, 2.53%, 0, 0, 3, 8.31
1700615590, 0, 27, 449, 438, 41, 2.53%, 0, 0, 3, 8.45
1700615595, 0, 27, 452, 441, 41, 2.53%, 0, 0, 3, 8.36
1700615600, 0, 27, 455, 444, 41, 2.53%, 0, 0, 3, 8.41
1700615605, 0, 27, 457, 446, 41, 2.53%, 0, 0, 3, 8.61
1700615610, 0, 27, 460, 449, 41, 2.53%, 0, 0, 3, 8.52
1700615620, 0, 27, 461, 450, 41, 2.53%, 0, 0, 3, 8.51
1700615625, 0, 27, 463, 452, 41, 2.53%, 0, 0, 3, 8.38
1700615661, 0, 27, 465, 454, 41, 2.53%, 0, 0, 3, 9.07
1700615666, 0, 27, 466, 455, 41, 2.53%, 0, 0, 3, 8.73
1700615733, 0, 27, 467, 456, 41, 2.53%, 0, 0, 3, 12.99
1700615748, 0, 27, 468, 457, 41, 2.53%, 0, 0, 3, 12.95
1700615763, 0, 27, 471, 460, 41, 2.53%, 0, 0, 3, 10.93
1700615768, 0, 27, 473, 462, 41, 2.53%, 0, 0, 3, 9.91
1700615773, 0, 27, 476, 465, 41, 2.53%, 0, 0, 3, 8.87
1700615778, 0, 27, 479, 468, 41, 2.53%, 0, 0, 3, 8.85
1700615784, 0, 27, 482, 471, 41, 2.53%, 0, 0, 3, 8.63
1700615789, 0, 27, 486, 475, 41, 2.53%, 0, 0, 3, 8.54
1700615809, 0, 27, 488, 477, 41, 2.53%, 0, 0, 3, 11.18
1700615824, 0, 27, 489, 478, 41, 2.53%, 0, 0, 3, 11.37
1700615829, 0, 27, 490, 479, 41, 2.53%, 0, 0, 3, 12.14
1700615840, 0, 27, 492, 481, 41, 2.53%, 0, 0, 3, 10.33
1700615845, 0, 27, 494, 483, 41, 2.53%, 0, 0, 3, 9.72
1700615860, 0, 27, 495, 484, 41, 2.53%, 0, 0, 3, 9.03
1700615865, 0, 27, 496, 485, 41, 2.53%, 0, 0, 3, 9.71
1700615870, 0, 27, 498, 487, 41, 2.53%, 0, 0, 3, 9.40
1700615902, 0, 27, 499, 488, 41, 2.53%, 0, 0, 3, 10.07
1700615907, 0, 27, 500, 489, 41, 2.53%, 0, 0, 3, 9.94
1700615912, 0, 27, 501, 490, 41, 2.53%, 0, 0, 3, 9.30
1700615917, 0, 27, 502, 491, 41, 2.53%, 0, 0, 3, 9.38
1700615927, 0, 27, 503, 492, 41, 2.53%, 0, 0, 3, 9.33
1700615973, 0, 27, 504, 493, 41, 2.53%, 0, 0, 3, 8.82
1700616086, 0, 27, 506, 495, 41, 2.53%, 0, 0, 3, 11.18
1700616107, 0, 27, 507, 496, 41, 2.53%, 0, 0, 3, 12.86
1700616127, 0, 27, 509, 498, 41, 2.53%, 0, 0, 3, 10.58
1700616132, 0, 27, 510, 499, 41, 2.53%, 0, 0, 3, 10.17
1700616168, 0, 27, 511, 500, 41, 2.53%, 0, 0, 3, 11.62
1700616199, 0, 27, 512, 501, 41, 2.53%, 0, 0, 3, 10.18
1700616235, 0, 27, 513, 502, 41, 2.53%, 0, 0, 3, 9.47
1700616409, 0, 27, 515, 504, 41, 2.53%, 0, 0, 3, 11.45
1700616450, 0, 27, 516, 505, 41, 2.53%, 0, 0, 3, 11.49
1700616455, 0, 27, 517, 506, 41, 2.53%, 0, 0, 3, 10.55
1700616562, 0, 27, 519, 508, 41, 2.53%, 0, 0, 3, 9.73
1700616624, 0, 27, 520, 509, 41, 2.53%, 0, 0, 3, 10.48
1700616895, 0, 27, 521, 510, 41, 2.53%, 0, 0, 3, 8.93
1700617227, 0, 27, 524, 513, 41, 2.53%, 0, 0, 3, 11.12
1700617232, 0, 27, 528, 517, 41, 2.53%, 0, 0, 3, 10.95
1700617237, 0, 27, 534, 523, 41, 2.53%, 0, 0, 3, 12.09
1700617242, 0, 27, 536, 525, 41, 2.53%, 0, 0, 3, 13.04
1700617248, 0, 27, 539, 528, 41, 2.53%, 0, 0, 3, 10.38
1700617253, 0, 27, 541, 530, 41, 2.53%, 0, 0, 3, 8.88
1700617258, 0, 27, 544, 533, 41, 2.53%, 0, 0, 3, 6.37
1700617263, 0, 27, 546, 535, 41, 2.53%, 0, 0, 3, 4.74
1700617503, 0, 27, 547, 536, 41, 2.53%, 0, 0, 3, 13.09
1700617769, 0, 27, 548, 537, 41, 2.53%, 0, 0, 3, 12.76
1700622069, 0, 27, 549, 538, 41, 2.53%, 0, 0, 3, 11.88
1700622346, 0, 29, 549, 537, 44, 2.53%, 0, 0, 3, 12.86
1700622366, 0, 29, 550, 538, 44, 2.53%, 0, 0, 3, 13.29
1700622453, 0, 30, 550, 537, 43, 2.53%, 0, 0, 3, 12.82
1700622499, 0, 35, 550, 536, 42, 2.53%, 0, 0, 3, 12.55
1700622611, 0, 36, 550, 535, 41, 2.53%, 0, 0, 3, 12.66
1700622642, 0, 36, 551, 536, 41, 2.53%, 0, 0, 3, 11.51
1700622647, 0, 36, 552, 537, 41, 2.53%, 0, 0, 3, 10.39
1700622673, 0, 36, 554, 539, 41, 2.53%, 0, 0, 3, 9.92
1700622678, 0, 36, 555, 540, 41, 2.53%, 0, 0, 3, 10.08
1700622795, 0, 36, 556, 541, 41, 2.53%, 0, 0, 3, 12.85
1700622821, 0, 36, 557, 542, 41, 2.53%, 0, 0, 3, 12.40
1700622862, 0, 36, 558, 543, 41, 2.53%, 0, 0, 3, 10.22
1700623077, 0, 36, 559, 544, 41, 2.53%, 0, 0, 3, 12.90
1700624038, 0, 36, 560, 545, 41, 2.53%, 0, 0, 3, 13.12
1700624063, 0, 36, 563, 548, 41, 2.53%, 0, 0, 3, 12.85
1700624069, 0, 36, 564, 549, 41, 2.53%, 0, 0, 3, 11.67
1700624074, 0, 36, 566, 551, 41, 2.53%, 0, 0, 3, 8.27
1700629003, 0, 37, 566, 550, 41, 2.53%, 0, 0, 3, 12.63
1700629050, 0, 38, 566, 549, 40, 2.53%, 0, 0, 3, 13.54
1700630407, 0, 38, 567, 550, 40, 2.53%, 0, 0, 3, 14.15
1700630412, 0, 38, 568, 551, 40, 2.54%, 0, 0, 3, 12.75
