# unix_time, cycles_done, cur_path, paths_total, pending_total, pending_favs, map_size, unique_crashes, unique_hangs, max_depth, execs_per_sec
1701298061, 0, 0, 1, 1, 1, 1.63%, 0, 0, 1, 5.18
1701298066, 0, 0, 4, 4, 1, 1.65%, 0, 0, 2, 15.20
1701298071, 0, 0, 8, 8, 1, 1.75%, 0, 0, 2, 14.10
1701298077, 0, 0, 13, 13, 1, 1.76%, 0, 0, 2, 14.36
1701298082, 0, 0, 18, 18, 1, 1.77%, 0, 0, 2, 12.64
1701298097, 0, 0, 19, 19, 1, 1.77%, 0, 0, 2, 9.17
1701298199, 0, 0, 20, 20, 1, 1.77%, 0, 0, 2, 9.62
1701298209, 0, 0, 21, 21, 1, 1.77%, 0, 0, 2, 8.05
1701298225, 0, 0, 22, 22, 1, 1.77%, 0, 0, 2, 9.44
1701298322, 0, 0, 23, 23, 1, 1.77%, 0, 0, 2, 9.52
1701298327, 0, 0, 25, 25, 1, 1.78%, 0, 0, 2, 10.92
1701298445, 0, 0, 26, 26, 1, 1.78%, 0, 0, 2, 10.06
1701298450, 0, 0, 27, 27, 1, 1.78%, 0, 0, 2, 11.07
1701298511, 0, 0, 28, 28, 1, 1.78%, 0, 0, 2, 9.48
1701298516, 0, 0, 29, 29, 1, 1.78%, 0, 0, 2, 10.98
1701298526, 0, 0, 31, 31, 1, 1.78%, 0, 0, 2, 10.12
1701298670, 0, 0, 32, 32, 1, 1.78%, 0, 0, 2, 12.21
1701298727, 0, 0, 34, 34, 1, 1.79%, 0, 0, 2, 9.32
1701298732, 0, 0, 35, 35, 1, 1.79%, 0, 0, 2, 8.78
1701298742, 0, 0, 36, 36, 1, 1.79%, 0, 0, 2, 9.06
1701298773, 0, 0, 37, 37, 1, 1.79%, 0, 0, 2, 8.67
1701298917, 0, 0, 39, 39, 1, 1.79%, 0, 0, 2, 12.54
1701299122, 0, 0, 41, 41, 1, 1.79%, 0, 0, 2, 10.13
1701299127, 0, 0, 43, 43, 1, 1.79%, 0, 0, 2, 9.43
1701299137, 0, 0, 45, 45, 1, 1.79%, 0, 0, 2, 9.51
1701299142, 0, 0, 50, 50, 1, 1.79%, 0, 0, 2, 9.03
1701299147, 0, 0, 54, 54, 1, 1.79%, 0, 0, 2, 9.42
1701299152, 0, 0, 56, 56, 1, 1.79%, 0, 0, 2, 9.49
1701299157, 0, 0, 59, 59, 1, 1.80%, 0, 0, 2, 11.12
1701299162, 0, 0, 63, 63, 1, 1.80%, 0, 0, 2, 10.80
1701299173, 0, 0, 65, 65, 1, 1.80%, 0, 0, 2, 10.15
1701299178, 0, 0, 66, 66, 1, 1.80%, 0, 0, 2, 9.10
1701299183, 0, 0, 68, 68, 1, 1.80%, 0, 0, 2, 8.68
1701299188, 0, 0, 71, 71, 1, 1.80%, 0, 0, 2, 10.01
1701299193, 0, 0, 74, 74, 1, 1.80%, 0, 0, 2, 11.05
1701299198, 0, 0, 77, 77, 1, 1.80%, 0, 0, 2, 11.94
1701299203, 0, 0, 79, 79, 1, 1.80%, 0, 0, 2, 11.64
1701299214, 0, 0, 81, 81, 1, 1.80%, 0, 0, 2, 10.25
1701299219, 0, 0, 83, 83, 1, 1.80%, 0, 0, 2, 11.56
1701299229, 0, 0, 85, 85, 1, 1.80%, 0, 0, 2, 12.13
1701299234, 0, 0, 88, 88, 1, 1.80%, 0, 0, 2, 11.92
1701299239, 0, 0, 90, 90, 1, 1.80%, 0, 0, 2, 10.85
1701299244, 0, 0, 91, 91, 1, 1.80%, 0, 0, 2, 10.57
1701299260, 0, 0, 93, 93, 1, 1.80%, 0, 0, 2, 10.29
1701299270, 0, 0, 96, 96, 1, 1.80%, 0, 0, 2, 9.74
1701299275, 0, 0, 97, 97, 1, 1.80%, 0, 0, 2, 10.27
1701299280, 0, 0, 100, 100, 1, 1.80%, 0, 0, 2, 9.25
1701299291, 0, 0, 101, 101, 1, 1.80%, 0, 0, 2, 11.24
1701299306, 0, 0, 103, 103, 1, 1.80%, 0, 0, 2, 12.50
1701299321, 0, 0, 104, 104, 1, 1.80%, 0, 0, 2, 11.77
1701299332, 0, 0, 105, 105, 1, 1.80%, 0, 0, 2, 10.53
1701299342, 0, 0, 106, 106, 1, 1.80%, 0, 0, 2, 8.66
1701299347, 0, 0, 107, 107, 1, 1.80%, 0, 0, 2, 9.03
1701299352, 0, 0, 108, 108, 1, 1.80%, 0, 0, 2, 8.82
1701299393, 0, 0, 110, 110, 1, 1.80%, 0, 0, 2, 11.20
1701299398, 0, 0, 111, 111, 1, 1.80%, 0, 0, 2, 11.64
1701299413, 0, 0, 112, 112, 1, 1.80%, 0, 0, 2, 11.83
1701299433, 0, 0, 114, 114, 1, 1.80%, 0, 0, 2, 11.43
1701299438, 0, 0, 116, 116, 1, 1.80%, 0, 0, 2, 11.08
1701299469, 0, 0, 117, 117, 1, 1.80%, 0, 0, 2, 10.25
1701299474, 0, 0, 118, 118, 1, 1.80%, 0, 0, 2, 9.84
1701299490, 0, 0, 119, 119, 1, 1.80%, 0, 0, 2, 10.88
1701299500, 0, 0, 120, 120, 1, 1.80%, 0, 0, 2, 11.39
1701299505, 0, 2, 120, 119, 20, 1.80%, 0, 0, 2, 8.44
1701300557, 0, 7, 120, 118, 19, 1.80%, 0, 0, 2, 11.68
1701301690, 0, 11, 120, 117, 18, 1.80%, 0, 0, 2, 9.23
1701302705, 0, 24, 120, 116, 17, 1.80%, 0, 0, 2, 11.50
1701303120, 0, 24, 121, 117, 17, 1.80%, 0, 0, 3, 10.77
1701303125, 0, 24, 122, 118, 17, 1.80%, 0, 0, 3, 11.19
1701303279, 0, 24, 123, 119, 17, 1.80%, 0, 0, 3, 9.54
1701303773, 0, 24, 125, 121, 17, 1.81%, 0, 0, 3, 10.19
1701303793, 0, 24, 126, 122, 17, 1.81%, 0, 0, 3, 11.16
1701303798, 0, 24, 127, 123, 17, 2.40%, 0, 0, 3, 9.76
1701303819, 0, 24, 128, 124, 17, 2.40%, 0, 0, 3, 11.36
1701303829, 0, 24, 129, 125, 17, 2.40%, 0, 0, 3, 9.42
1701303849, 0, 24, 130, 126, 17, 2.40%, 0, 0, 3, 8.23
1701303880, 0, 24, 131, 127, 17, 2.40%, 0, 0, 3, 9.34
1701303891, 0, 24, 133, 129, 17, 2.40%, 0, 0, 3, 9.75
1701303911, 0, 24, 134, 130, 17, 2.40%, 0, 0, 3, 12.25
1701303947, 0, 24, 135, 131, 17, 2.40%, 0, 0, 3, 11.22
1701304004, 0, 24, 136, 132, 17, 2.40%, 0, 0, 3, 8.87
1701304014, 0, 24, 137, 133, 17, 2.40%, 0, 0, 3, 10.90
1701304019, 0, 24, 138, 134, 17, 2.40%, 0, 0, 3, 11.29
1701304060, 0, 24, 139, 135, 17, 2.40%, 0, 0, 3, 10.08
1701304081, 0, 24, 140, 136, 17, 2.40%, 0, 0, 3, 9.50
1701304086, 0, 24, 141, 137, 17, 2.40%, 0, 0, 3, 9.47
1701304091, 0, 27, 141, 136, 20, 2.40%, 0, 0, 3, 8.08
1701305239, 0, 27, 143, 138, 20, 2.40%, 0, 0, 3, 11.74
1701305280, 0, 27, 144, 139, 20, 2.40%, 0, 0, 3, 9.69
1701305290, 0, 27, 145, 140, 20, 2.40%, 0, 0, 3, 10.52
1701305367, 0, 27, 146, 141, 20, 2.49%, 0, 0, 3, 12.49
1701305408, 0, 27, 147, 142, 20, 2.49%, 0, 0, 3, 10.38
1701305465, 0, 27, 148, 143, 20, 2.49%, 0, 0, 3, 8.80
1701305511, 0, 27, 149, 144, 20, 2.49%, 0, 0, 3, 11.47
1701305547, 0, 27, 150, 145, 20, 2.49%, 0, 0, 3, 11.17
1701305557, 0, 28, 150, 144, 21, 2.49%, 0, 0, 3, 10.93
1701306623, 0, 28, 151, 145, 21, 2.49%, 0, 0, 3, 10.00
1701306633, 0, 29, 151, 144, 20, 2.49%, 0, 0, 3, 9.71
1701307687, 0, 30, 151, 143, 19, 2.49%, 0, 0, 3, 9.33
1701308722, 0, 30, 152, 144, 19, 2.49%, 0, 0, 3, 11.28
1701308732, 0, 30, 153, 145, 19, 2.49%, 0, 0, 3, 11.86
1701308753, 0, 32, 153, 144, 18, 2.49%, 0, 0, 3, 11.63
1701309788, 0, 32, 154, 145, 18, 2.49%, 0, 0, 3, 10.16
1701309799, 0, 34, 154, 144, 17, 2.49%, 0, 0, 3, 11.02
1701310250, 0, 34, 155, 145, 17, 2.49%, 0, 0, 3, 9.94
1701310449, 0, 34, 156, 146, 17, 2.49%, 0, 0, 3, 11.22
1701310843, 0, 34, 157, 147, 17, 2.49%, 0, 0, 3, 9.62
1701310848, 0, 34, 158, 148, 17, 2.49%, 0, 0, 3, 10.72
1701310884, 0, 34, 159, 149, 17, 2.49%, 0, 0, 3, 8.67
1701310924, 0, 43, 159, 148, 18, 2.49%, 0, 0, 3, 11.66
1701311519, 0, 53, 159, 147, 17, 2.49%, 0, 0, 3, 11.83
1701311534, 0, 76, 159, 146, 16, 2.49%, 0, 0, 3, 10.32
1701312196, 0, 91, 159, 145, 15, 2.49%, 0, 0, 3, 8.69
1701313811, 0, 91, 160, 146, 15, 2.49%, 0, 0, 3, 11.21
1701313827, 0, 93, 160, 145, 15, 2.49%, 0, 0, 3, 10.74
1701314338, 0, 94, 160, 144, 14, 2.49%, 0, 0, 3, 12.05
1701314348, 0, 94, 161, 145, 14, 2.49%, 0, 0, 3, 11.63
1701314451, 0, 94, 162, 146, 14, 2.49%, 0, 0, 3, 9.78
1701315087, 0, 94, 163, 147, 14, 2.49%, 0, 0, 3, 11.21
1701315108, 0, 112, 163, 146, 14, 2.49%, 0, 0, 3, 8.38
1701315302, 0, 120, 163, 145, 13, 2.49%, 0, 0, 3, 10.56
1701315727, 0, 120, 164, 146, 13, 2.49%, 0, 0, 4, 11.70
1701316362, 0, 126, 164, 145, 13, 2.49%, 0, 0, 4, 9.23
1701316372, 0, 126, 166, 147, 13, 2.49%, 0, 0, 4, 9.79
1701316454, 0, 126, 167, 148, 13, 2.50%, 0, 0, 4, 11.45
1701316459, 0, 126, 172, 153, 13, 2.51%, 0, 0, 4, 10.39
1701316465, 0, 126, 176, 157, 13, 2.53%, 0, 0, 4, 8.64
1701316470, 0, 126, 179, 160, 13, 2.61%, 0, 0, 4, 8.47
1701316475, 0, 126, 183, 164, 13, 2.62%, 0, 0, 4, 8.07
1701316480, 0, 126, 187, 168, 13, 2.65%, 0, 0, 4, 8.07
1701316485, 0, 126, 190, 171, 13, 2.66%, 0, 0, 4, 8.55
1701316490, 0, 126, 192, 173, 13, 2.66%, 0, 0, 4, 8.98
1701316495, 0, 126, 194, 175, 13, 2.67%, 0, 0, 4, 8.60
1701316500, 0, 126, 196, 177, 13, 2.67%, 0, 0, 4, 8.43
1701316505, 0, 126, 199, 180, 13, 2.67%, 0, 0, 4, 9.17
1701316510, 0, 126, 203, 184, 13, 2.67%, 0, 0, 4, 8.88
1701316521, 0, 126, 205, 186, 13, 2.67%, 0, 0, 4, 7.05
1701316526, 0, 126, 206, 187, 13, 2.67%, 0, 0, 4, 6.58
1701316531, 0, 126, 209, 190, 13, 2.67%, 0, 0, 4, 6.94
1701316536, 0, 126, 211, 192, 13, 2.67%, 0, 0, 4, 6.52
1701316541, 0, 126, 212, 193, 13, 2.67%, 0, 0, 4, 6.20
1701316546, 0, 126, 215, 196, 13, 2.68%, 0, 0, 4, 5.83
1701316649, 0, 126, 216, 197, 13, 2.68%, 0, 0, 4, 10.61
1701316654, 0, 126, 217, 198, 13, 2.68%, 0, 0, 4, 9.59
1701316659, 0, 126, 218, 199, 13, 2.69%, 0, 0, 4, 9.17
1701316664, 0, 126, 219, 200, 13, 2.69%, 0, 0, 4, 8.86
1701316669, 0, 126, 220, 201, 13, 2.69%, 0, 0, 4, 8.77
1701316685, 0, 126, 221, 202, 13, 2.69%, 0, 0, 4, 7.71
1701316690, 0, 126, 222, 203, 13, 2.69%, 0, 0, 4, 7.65
1701316787, 0, 126, 223, 204, 13, 2.69%, 0, 0, 4, 9.94
1701316792, 0, 126, 224, 205, 13, 2.69%, 0, 0, 4, 8.61
1701316797, 0, 126, 225, 206, 13, 2.70%, 0, 0, 4, 8.87
1701316802, 0, 126, 226, 207, 13, 2.70%, 0, 0, 4, 9.54
1701316808, 0, 126, 227, 208, 13, 2.70%, 0, 0, 4, 9.67
1701316818, 0, 126, 228, 209, 13, 2.70%, 0, 0, 4, 8.93
1701316823, 0, 126, 229, 210, 13, 2.71%, 0, 0, 4, 9.12
1701316828, 0, 126, 230, 211, 13, 2.71%, 0, 0, 4, 8.32
1701316859, 0, 126, 231, 212, 13, 2.71%, 0, 0, 4, 8.30
1701316879, 0, 126, 232, 213, 13, 2.71%, 0, 0, 4, 8.32
1701317149, 0, 126, 233, 214, 13, 2.72%, 0, 0, 4, 8.56
1701317298, 0, 126, 234, 215, 13, 2.72%, 0, 0, 4, 11.41
1701317303, 0, 126, 237, 218, 13, 2.72%, 0, 0, 4, 10.04
1701317313, 0, 126, 238, 219, 13, 2.72%, 0, 0, 4, 9.17
1701317359, 0, 126, 239, 220, 13, 2.72%, 0, 0, 4, 8.77
1701317364, 0, 126, 240, 221, 13, 2.72%, 0, 0, 4, 8.15
1701317395, 0, 126, 241, 222, 13, 2.72%, 0, 0, 4, 9.31
1701317457, 0, 126, 242, 223, 13, 2.72%, 0, 0, 4, 9.36
1701317472, 0, 126, 243, 224, 13, 2.72%, 0, 0, 4, 9.57
1701317482, 0, 126, 244, 225, 13, 2.72%, 0, 0, 4, 8.83
1701317508, 0, 126, 245, 226, 13, 2.72%, 0, 0, 4, 8.99
1701317513, 0, 126, 246, 227, 13, 2.72%, 0, 0, 4, 9.21
1701317518, 0, 126, 247, 228, 13, 2.72%, 0, 0, 4, 10.06
1701317523, 0, 126, 249, 230, 13, 2.72%, 0, 0, 4, 9.89
1701317533, 0, 126, 250, 231, 13, 2.72%, 0, 0, 4, 9.30
1701317538, 0, 126, 251, 232, 13, 2.72%, 0, 0, 4, 9.00
1701317543, 0, 126, 252, 233, 13, 2.73%, 0, 0, 4, 8.51
1701317559, 0, 126, 253, 234, 13, 2.73%, 0, 0, 4, 8.18
1701317564, 0, 126, 254, 235, 13, 2.73%, 0, 0, 4, 9.20
1701317569, 0, 126, 255, 236, 13, 2.73%, 0, 0, 4, 9.14
1701317579, 0, 126, 256, 237, 13, 2.73%, 0, 0, 4, 7.90
1701317585, 0, 126, 258, 239, 13, 2.73%, 0, 0, 4, 9.05
1701317590, 0, 126, 260, 241, 13, 2.73%, 0, 0, 4, 7.42
1701317595, 0, 126, 261, 242, 13, 2.73%, 0, 0, 4, 8.54
1701317913, 0, 126, 262, 243, 13, 2.73%, 0, 0, 4, 10.87
1701318611, 0, 126, 263, 244, 13, 2.73%, 0, 0, 4, 7.70
1701318621, 0, 126, 264, 245, 13, 2.73%, 0, 0, 4, 8.62
1701318662, 0, 126, 265, 246, 13, 2.73%, 0, 0, 4, 8.64
1701318668, 0, 126, 266, 247, 13, 2.73%, 0, 0, 4, 8.41
1701318683, 0, 126, 267, 248, 13, 2.73%, 0, 0, 4, 6.86
1701318688, 0, 126, 269, 250, 13, 2.73%, 0, 0, 4, 6.35
1701318693, 0, 126, 270, 251, 13, 2.73%, 0, 0, 4, 7.90
1701318704, 0, 126, 274, 255, 13, 2.73%, 0, 0, 4, 7.39
1701318709, 0, 126, 275, 256, 13, 2.73%, 0, 0, 4, 8.39
1701318714, 0, 126, 277, 258, 13, 2.73%, 0, 0, 4, 8.65
1701318719, 0, 126, 278, 259, 13, 2.73%, 0, 0, 4, 8.94
1701318730, 0, 126, 280, 261, 13, 2.73%, 0, 0, 4, 10.73
1701318735, 0, 126, 282, 263, 13, 2.73%, 0, 0, 4, 10.42
1701318740, 0, 126, 284, 265, 13, 2.73%, 0, 0, 4, 9.63
1701318745, 0, 126, 285, 266, 13, 2.73%, 0, 0, 4, 10.57
1701318755, 0, 126, 287, 268, 13, 2.73%, 0, 0, 4, 8.65
1701318760, 0, 126, 288, 269, 13, 2.73%, 0, 0, 4, 8.00
1701318765, 0, 126, 289, 270, 13, 2.73%, 0, 0, 4, 7.76
1701318771, 0, 126, 290, 271, 13, 2.73%, 0, 0, 4, 7.93
1701318776, 0, 126, 291, 272, 13, 2.73%, 0, 0, 4, 8.08
1701318786, 0, 126, 292, 273, 13, 2.74%, 0, 0, 4, 7.89
1701318806, 0, 126, 293, 274, 13, 2.74%, 0, 0, 4, 9.77
1701318822, 0, 126, 294, 275, 13, 2.74%, 0, 0, 4, 9.14
1701318832, 0, 126, 295, 276, 13, 2.74%, 0, 0, 4, 8.91
1701318837, 0, 126, 296, 277, 13, 2.74%, 0, 0, 4, 10.27
1701318842, 0, 126, 297, 278, 13, 2.74%, 0, 0, 4, 11.17
1701318847, 0, 126, 298, 279, 13, 2.74%, 0, 0, 4, 11.57
1701318852, 0, 126, 300, 281, 13, 2.74%, 0, 0, 4, 10.80
1701318857, 0, 126, 303, 284, 13, 2.74%, 0, 0, 4, 10.69
1701318863, 0, 126, 304, 285, 13, 2.74%, 0, 0, 4, 11.21
1701318868, 0, 126, 305, 286, 13, 2.74%, 0, 0, 4, 9.43
1701318873, 0, 126, 306, 287, 13, 2.74%, 0, 0, 4, 10.86
1701318883, 0, 126, 307, 288, 13, 2.74%, 0, 0, 4, 10.56
1701318894, 0, 126, 308, 289, 13, 2.74%, 0, 0, 4, 10.12
1701318909, 0, 126, 309, 290, 13, 2.74%, 0, 0, 4, 9.69
1701318914, 0, 127, 309, 289, 38, 2.74%, 0, 0, 4, 10.75
1701318940, 0, 127, 310, 290, 38, 2.74%, 0, 0, 4, 11.80
1701319104, 0, 127, 311, 291, 38, 2.74%, 0, 0, 4, 8.46
1701320906, 0, 131, 311, 290, 38, 2.74%, 0, 0, 4, 10.84
1701321870, 0, 133, 311, 289, 37, 2.74%, 0, 0, 4, 10.28
1701322225, 0, 133, 312, 290, 37, 2.74%, 0, 0, 4, 11.31
1701322676, 0, 133, 313, 291, 37, 2.74%, 0, 0, 4, 11.99
1701322681, 0, 133, 314, 292, 37, 2.74%, 0, 0, 4, 11.79
1701322686, 0, 133, 315, 293, 37, 2.74%, 0, 0, 4, 10.88
1701322763, 0, 134, 315, 292, 38, 2.74%, 0, 0, 4, 8.89
1701323870, 0, 134, 316, 293, 38, 2.74%, 0, 0, 4, 8.93
1701323891, 0, 142, 316, 292, 37, 2.74%, 0, 0, 4, 9.11
1701324629, 0, 147, 316, 291, 36, 2.74%, 0, 0, 4, 10.31
1701324675, 0, 147, 317, 292, 36, 2.74%, 0, 0, 4, 11.27
1701325312, 0, 147, 318, 293, 36, 2.74%, 0, 0, 4, 12.13
1701325332, 0, 151, 318, 292, 36, 2.74%, 0, 0, 4, 11.56
1701325343, 0, 151, 320, 294, 36, 2.74%, 0, 0, 4, 10.96
1701326087, 0, 154, 320, 293, 36, 2.74%, 0, 0, 4, 11.04
1701327354, 0, 155, 320, 292, 35, 2.74%, 0, 0, 4, 9.97
1701328390, 0, 155, 321, 293, 35, 2.74%, 0, 0, 4, 9.34
1701328410, 0, 160, 321, 292, 34, 2.74%, 0, 0, 4, 9.09
1701328998, 0, 160, 322, 293, 34, 2.74%, 0, 0, 4, 11.29
1701329024, 0, 163, 322, 292, 33, 2.74%, 0, 0, 4, 11.77
1701330075, 0, 163, 323, 293, 33, 2.74%, 0, 0, 5, 10.37
1701330110, 0, 163, 324, 294, 33, 2.74%, 0, 0, 5, 12.15
1701330146, 0, 169, 324, 293, 32, 2.74%, 0, 0, 5, 11.02
1701330981, 0, 169, 325, 294, 32, 2.74%, 0, 0, 5, 10.04
1701332217, 0, 169, 326, 295, 32, 2.74%, 0, 0, 5, 10.10
1701332253, 0, 173, 326, 294, 31, 2.74%, 0, 0, 5, 8.68
1701332397, 0, 173, 327, 295, 31, 2.74%, 0, 0, 5, 8.48
1701334532, 0, 173, 329, 297, 31, 2.74%, 0, 0, 5, 8.46
1701334548, 0, 173, 330, 298, 31, 2.74%, 0, 0, 5, 7.88
1701334578, 0, 173, 331, 299, 31, 2.74%, 0, 0, 5, 9.36
1701334619, 0, 173, 332, 300, 31, 2.75%, 0, 0, 5, 8.60
1701334624, 0, 173, 333, 301, 31, 2.75%, 0, 0, 5, 8.76
1701334635, 0, 173, 334, 302, 31, 2.75%, 0, 0, 5, 10.27
1701334645, 0, 173, 335, 303, 31, 2.75%, 0, 0, 5, 10.30
1701334665, 0, 173, 336, 304, 31, 2.75%, 0, 0, 5, 9.72
1701334742, 0, 173, 337, 305, 31, 2.75%, 0, 0, 5, 8.74
1701334783, 0, 173, 338, 306, 31, 2.75%, 0, 0, 5, 9.13
1701334865, 0, 173, 339, 307, 31, 2.75%, 0, 0, 5, 8.70
1701334880, 0, 174, 339, 306, 34, 2.75%, 0, 0, 5, 11.02
1701334993, 0, 174, 340, 307, 34, 2.75%, 0, 0, 5, 8.88
1701335008, 0, 174, 341, 308, 34, 2.75%, 0, 0, 5, 7.46
1701335989, 0, 174, 342, 309, 34, 2.75%, 0, 0, 5, 8.67
1701337155, 0, 174, 343, 310, 34, 2.75%, 0, 0, 5, 8.79
1701337170, 0, 174, 345, 312, 34, 2.75%, 0, 0, 5, 9.28
1701337175, 0, 174, 346, 313, 34, 2.75%, 0, 0, 5, 8.85
1701337181, 0, 174, 347, 314, 34, 2.75%, 0, 0, 5, 7.98
1701337191, 0, 174, 349, 316, 34, 2.75%, 0, 0, 5, 8.87
1701337201, 0, 174, 350, 317, 34, 2.75%, 0, 0, 5, 7.95
1701337211, 0, 174, 351, 318, 34, 2.75%, 0, 0, 5, 10.48
1701337222, 0, 174, 352, 319, 34, 2.75%, 0, 0, 5, 10.22
1701337299, 0, 174, 353, 320, 34, 2.75%, 0, 0, 5, 8.75
1701337304, 0, 174, 354, 321, 34, 2.75%, 0, 0, 5, 10.34
1701337334, 0, 174, 355, 322, 34, 2.75%, 0, 0, 5, 8.48
1701337380, 0, 174, 356, 323, 34, 2.75%, 0, 0, 5, 9.97
1701337447, 0, 174, 357, 324, 34, 2.75%, 0, 0, 5, 10.05
1701337473, 0, 174, 358, 325, 34, 2.75%, 0, 0, 5, 9.12
1701337508, 0, 187, 358, 324, 33, 2.75%, 0, 0, 5, 8.57
1701337616, 0, 187, 359, 325, 33, 2.75%, 0, 0, 5, 11.13
1701339735, 0, 187, 360, 326, 33, 2.75%, 0, 0, 5, 9.78
1701339740, 0, 187, 361, 327, 33, 2.75%, 0, 0, 5, 9.67
1701339771, 0, 187, 362, 328, 33, 2.75%, 0, 0, 5, 8.16
1701339796, 0, 187, 363, 329, 33, 2.75%, 0, 0, 5, 9.65
1701339822, 0, 187, 364, 330, 33, 2.75%, 0, 0, 5, 8.28
1701339863, 0, 187, 365, 331, 33, 2.77%, 0, 0, 5, 8.52
1701339945, 0, 187, 367, 333, 33, 2.77%, 0, 0, 5, 10.58
1701339960, 0, 187, 368, 334, 33, 2.77%, 0, 0, 5, 9.32
1701339976, 0, 187, 369, 335, 33, 2.77%, 0, 0, 5, 9.57
1701340011, 0, 187, 370, 336, 33, 2.77%, 0, 0, 5, 11.16
1701340037, 0, 187, 371, 337, 33, 2.77%, 0, 0, 5, 10.14
1701340073, 0, 197, 371, 336, 32, 2.77%, 0, 0, 5, 9.94
1701340176, 0, 197, 373, 338, 32, 2.78%, 0, 0, 5, 10.75
1701342073, 0, 197, 374, 339, 32, 2.78%, 0, 0, 5, 10.93
1701342104, 0, 200, 374, 338, 32, 2.78%, 0, 0, 5, 9.18
1701342212, 0, 200, 375, 339, 32, 2.78%, 0, 0, 5, 7.48
1701342540, 0, 200, 376, 340, 32, 2.78%, 0, 0, 5, 9.29
1701343142, 0, 200, 377, 341, 32, 2.78%, 0, 0, 5, 9.05
1701343173, 0, 200, 378, 342, 32, 2.78%, 0, 0, 5, 7.88
1701343188, 0, 200, 379, 343, 32, 2.78%, 0, 0, 5, 7.21
1701343255, 0, 200, 380, 344, 32, 2.79%, 0, 0, 5, 9.58
1701343286, 0, 200, 381, 345, 32, 2.79%, 0, 0, 5, 10.06
1701344387, 0, 200, 382, 346, 32, 2.79%, 0, 0, 5, 11.09
1701344413, 0, 217, 382, 345, 35, 2.79%, 0, 0, 5, 9.63
1701344649, 0, 217, 383, 346, 35, 2.80%, 0, 0, 5, 8.35
1701344654, 0, 217, 384, 347, 35, 2.80%, 0, 0, 5, 9.37
1701344659, 0, 217, 385, 348, 35, 2.80%, 0, 0, 5, 9.53
1701345314, 0, 217, 386, 349, 35, 2.80%, 0, 0, 5, 8.77
1701345320, 0, 217, 387, 350, 35, 2.80%, 0, 0, 5, 8.12
1701345325, 0, 217, 388, 351, 35, 2.80%, 0, 0, 5, 8.75
1701345621, 0, 217, 389, 352, 35, 2.81%, 0, 0, 5, 8.91
1701345626, 0, 217, 390, 353, 35, 2.81%, 0, 0, 5, 8.51
1701346595, 0, 217, 391, 354, 35, 2.81%, 0, 0, 5, 9.26
1701346637, 0, 225, 391, 353, 37, 2.81%, 0, 0, 5, 8.74
1701347610, 0, 225, 392, 354, 37, 2.81%, 0, 0, 5, 8.25
1701348886, 0, 225, 393, 355, 37, 2.81%, 0, 0, 5, 10.84
1701348902, 0, 225, 394, 356, 37, 2.81%, 0, 0, 5, 9.39
1701348958, 0, 228, 394, 355, 37, 2.81%, 0, 0, 5, 9.27
1701349373, 0, 228, 395, 356, 37, 2.81%, 0, 0, 5, 8.60
1701351272, 0, 228, 396, 357, 37, 2.81%, 0, 0, 5, 10.64
1701351297, 0, 228, 397, 358, 37, 2.81%, 0, 0, 5, 9.88
1701351302, 0, 228, 398, 359, 37, 2.81%, 0, 0, 5, 9.36
1701351307, 0, 228, 399, 360, 37, 2.81%, 0, 0, 5, 8.99
1701351354, 0, 228, 400, 361, 37, 2.81%, 0, 0, 5, 8.48
1701351385, 0, 228, 401, 362, 37, 2.81%, 0, 0, 5, 8.77
1701351390, 0, 228, 402, 363, 37, 2.81%, 0, 0, 5, 9.32
1701351416, 0, 228, 403, 364, 37, 2.81%, 0, 0, 5, 9.08
1701351426, 0, 228, 404, 365, 37, 2.81%, 0, 0, 5, 9.77
1701351482, 0, 228, 405, 366, 37, 2.81%, 0, 0, 5, 9.46
1701351518, 0, 228, 406, 367, 37, 2.81%, 0, 0, 5, 11.40
1701351544, 0, 228, 407, 368, 37, 2.81%, 0, 0, 5, 9.93
1701351585, 0, 228, 408, 369, 37, 2.81%, 0, 0, 5, 10.67
1701351605, 0, 232, 408, 368, 36, 2.81%, 0, 0, 5, 8.52
1701351662, 0, 232, 409, 369, 36, 2.90%, 0, 0, 5, 8.18
1701354042, 0, 236, 409, 368, 35, 2.90%, 0, 0, 5, 9.44
1701354918, 0, 236, 410, 369, 35, 2.90%, 0, 0, 5, 8.82
1701356313, 0, 236, 411, 370, 35, 2.90%, 0, 0, 5, 8.52
1701356323, 0, 236, 412, 371, 35, 2.90%, 0, 0, 5, 8.17
1701356334, 0, 236, 413, 372, 35, 2.90%, 0, 0, 5, 7.36
1701356354, 0, 236, 414, 373, 35, 2.90%, 0, 0, 5, 10.37
1701356416, 0, 236, 415, 374, 35, 2.90%, 0, 0, 5, 8.38
1701356673, 0, 244, 415, 373, 35, 2.90%, 0, 0, 5, 9.21
1701357796, 0, 244, 416, 374, 35, 2.90%, 0, 0, 5, 9.90
1701357806, 0, 244, 417, 375, 35, 2.90%, 0, 0, 5, 8.36
1701358949, 0, 244, 418, 376, 35, 2.90%, 0, 0, 5, 9.36
1701358995, 0, 247, 418, 375, 34, 2.90%, 0, 0, 5, 8.89
1701359108, 0, 247, 419, 376, 34, 2.90%, 0, 0, 5, 7.68
1701359134, 0, 247, 420, 377, 34, 2.90%, 0, 0, 5, 8.82
1701360053, 0, 247, 421, 378, 34, 2.90%, 0, 0, 5, 8.22
1701360058, 0, 247, 422, 379, 34, 2.91%, 0, 0, 5, 9.03
1701361201, 0, 251, 422, 378, 34, 2.91%, 0, 0, 5, 9.94
1701362402, 0, 251, 423, 379, 34, 2.91%, 0, 0, 5, 9.66
1701363657, 0, 283, 423, 378, 34, 2.91%, 0, 0, 5, 8.55
1701363755, 0, 283, 424, 379, 34, 2.91%, 0, 0, 5, 8.32
1701363785, 0, 283, 425, 380, 34, 2.91%, 0, 0, 5, 8.13
1701363796, 0, 283, 426, 381, 34, 2.91%, 0, 0, 5, 7.16
1701363821, 0, 283, 427, 382, 34, 2.91%, 0, 0, 5, 6.75
1701364083, 0, 283, 428, 383, 34, 2.91%, 0, 0, 5, 7.86
1701365302, 0, 283, 429, 384, 34, 2.91%, 0, 0, 5, 7.06
1701365307, 0, 283, 430, 385, 34, 2.91%, 0, 0, 5, 7.18
1701365368, 0, 283, 431, 386, 34, 2.91%, 0, 0, 5, 7.66
1701365379, 0, 283, 433, 388, 34, 2.91%, 0, 0, 5, 7.08
1701365939, 0, 283, 434, 389, 34, 2.91%, 0, 0, 5, 7.89
1701367116, 0, 283, 436, 391, 34, 2.91%, 0, 0, 5, 7.86
1701367132, 0, 283, 437, 392, 34, 2.91%, 0, 0, 5, 7.69
1701367157, 0, 283, 438, 393, 34, 2.91%, 0, 0, 5, 8.27
1701367167, 0, 283, 439, 394, 34, 2.91%, 0, 0, 5, 9.83
1701367173, 0, 283, 440, 395, 34, 2.91%, 0, 0, 5, 10.90
1701367183, 0, 283, 441, 396, 34, 2.91%, 0, 0, 5, 8.24
1701367188, 0, 283, 442, 397, 34, 2.91%, 0, 0, 5, 8.45
1701367198, 0, 283, 443, 398, 34, 2.91%, 0, 0, 5, 7.90
1701367203, 0, 283, 444, 399, 34, 2.91%, 0, 0, 5, 8.54
1701367213, 0, 283, 445, 400, 34, 2.91%, 0, 0, 5, 10.02
1701367218, 0, 283, 446, 401, 34, 2.91%, 0, 0, 5, 9.65
1701367229, 0, 283, 447, 402, 34, 2.91%, 0, 0, 5, 8.49
1701367239, 0, 283, 448, 403, 34, 2.91%, 0, 0, 5, 7.75
1701367244, 0, 283, 449, 404, 34, 2.91%, 0, 0, 5, 8.07
1701367290, 0, 283, 450, 405, 34, 2.91%, 0, 0, 5, 8.06
1701367295, 0, 283, 451, 406, 34, 2.91%, 0, 0, 5, 8.24
1701367311, 0, 283, 452, 407, 34, 2.91%, 0, 0, 5, 9.11
1701367336, 0, 283, 453, 408, 34, 2.91%, 0, 0, 5, 9.38
1701367402, 0, 283, 454, 409, 34, 2.91%, 0, 0, 5, 7.44
1701367444, 0, 283, 455, 410, 34, 2.91%, 0, 0, 5, 7.38
1701367475, 0, 283, 456, 411, 34, 2.91%, 0, 0, 5, 10.16
1701367480, 0, 283, 457, 412, 34, 2.92%, 0, 0, 5, 8.84
1701367491, 0, 283, 460, 415, 34, 2.93%, 0, 0, 5, 8.37
1701367516, 0, 291, 460, 414, 35, 2.93%, 0, 0, 5, 8.79
1701367629, 0, 291, 461, 415, 35, 2.93%, 0, 0, 5, 8.13
1701367639, 0, 291, 462, 416, 35, 2.93%, 0, 0, 5, 8.42
1701368891, 0, 291, 463, 417, 35, 2.93%, 0, 0, 5, 8.03
1701368927, 0, 292, 463, 416, 35, 2.93%, 0, 0, 5, 10.23
1701369307, 0, 292, 464, 417, 35, 2.93%, 0, 0, 5, 9.24
1701371534, 0, 292, 465, 418, 35, 2.93%, 0, 0, 5, 9.71
1701371580, 0, 298, 465, 417, 34, 2.93%, 0, 0, 5, 7.92
1701371739, 0, 298, 466, 418, 34, 2.93%, 0, 0, 5, 11.75
1701371775, 0, 311, 466, 417, 33, 2.93%, 0, 0, 5, 10.95
1701372595, 0, 313, 466, 416, 32, 2.93%, 0, 0, 5, 11.90
1701372677, 0, 313, 467, 417, 32, 2.93%, 0, 0, 5, 11.48
1701373324, 0, 313, 468, 418, 32, 2.93%, 0, 0, 5, 9.75
1701373913, 0, 313, 470, 420, 32, 2.93%, 0, 0, 5, 11.68
1701373918, 0, 313, 471, 421, 32, 2.93%, 0, 0, 5, 10.99
1701373944, 0, 313, 472, 422, 32, 2.93%, 0, 0, 5, 11.46
1701373959, 0, 313, 473, 423, 32, 2.93%, 0, 0, 5, 11.89
1701374016, 0, 313, 474, 424, 32, 2.93%, 0, 0, 5, 11.18
1701374052, 0, 313, 475, 425, 32, 2.93%, 0, 0, 5, 9.12
1701374072, 0, 313, 476, 426, 32, 2.93%, 0, 0, 5, 10.78
1701374159, 0, 313, 478, 428, 32, 2.93%, 0, 0, 5, 12.22
1701374170, 0, 313, 479, 429, 32, 2.93%, 0, 0, 5, 8.38
1701374205, 0, 313, 480, 430, 32, 2.93%, 0, 0, 5, 11.84
1701374215, 0, 316, 480, 429, 32, 2.93%, 0, 0, 5, 9.15
1701374923, 0, 316, 481, 430, 32, 2.93%, 0, 0, 5, 12.75
1701374944, 0, 316, 482, 431, 32, 2.93%, 0, 0, 5, 11.87
1701374990, 0, 316, 484, 433, 32, 2.93%, 0, 0, 5, 9.66
1701375072, 0, 316, 485, 434, 32, 2.93%, 0, 0, 5, 11.14
1701375227, 0, 316, 486, 435, 32, 2.93%, 0, 0, 5, 10.46
1701375232, 0, 319, 486, 434, 32, 2.93%, 0, 0, 5, 10.65
1701376006, 0, 319, 487, 435, 32, 2.93%, 0, 0, 5, 12.01
1701376016, 0, 319, 488, 436, 32, 2.93%, 0, 0, 5, 10.48
1701376078, 0, 321, 488, 435, 31, 2.93%, 0, 0, 5, 10.18
1701376263, 0, 321, 490, 437, 31, 2.93%, 0, 0, 5, 8.65
1701376273, 0, 321, 491, 438, 31, 2.93%, 0, 0, 5, 9.26
1701376807, 0, 330, 491, 437, 31, 2.93%, 0, 0, 5, 8.76
1701377357, 0, 330, 492, 438, 31, 2.93%, 0, 0, 6, 7.04
1701377964, 0, 330, 493, 439, 31, 2.93%, 0, 0, 6, 11.00
1701377995, 0, 350, 493, 438, 31, 2.93%, 0, 0, 6, 7.60
1701380170, 0, 350, 494, 439, 31, 2.93%, 0, 0, 6, 9.82
1701380205, 0, 355, 494, 438, 30, 2.93%, 0, 0, 6, 8.66
1701380292, 0, 355, 495, 439, 30, 2.93%, 0, 0, 6, 8.43
1701380313, 0, 355, 496, 440, 30, 2.93%, 0, 0, 6, 9.55
1701380334, 0, 355, 498, 442, 30, 2.93%, 0, 0, 6, 8.85
1701380339, 0, 355, 499, 443, 30, 2.93%, 0, 0, 6, 8.14
1701380600, 0, 355, 500, 444, 30, 2.93%, 0, 0, 6, 8.82
1701380616, 0, 355, 502, 446, 30, 2.93%, 0, 0, 6, 9.71
1701381405, 0, 355, 503, 447, 30, 2.93%, 0, 0, 6, 8.52
1701381415, 0, 355, 504, 448, 30, 2.93%, 0, 0, 6, 8.51
1701381507, 0, 355, 505, 449, 30, 2.93%, 0, 0, 6, 9.41
1701381523, 0, 355, 506, 450, 30, 2.93%, 0, 0, 6, 7.17
1701383118, 0, 355, 508, 452, 30, 2.93%, 0, 0, 6, 8.04
1701383200, 0, 369, 508, 451, 30, 2.93%, 0, 0, 6, 8.83
1701384566, 0, 372, 508, 450, 29, 2.93%, 0, 0, 6, 7.63
1701384966, 0, 372, 509, 451, 29, 2.93%, 0, 0, 6, 8.05
1701386745, 0, 372, 510, 452, 29, 2.93%, 0, 0, 6, 9.79
1701386750, 0, 372, 511, 453, 29, 2.93%, 0, 0, 6, 9.14
1701386832, 0, 377, 511, 452, 29, 2.93%, 0, 0, 6, 7.57
1701386966, 0, 377, 512, 453, 29, 2.93%, 0, 0, 6, 9.12
1701387921, 0, 377, 513, 454, 29, 2.94%, 0, 0, 6, 8.02
1701387926, 0, 377, 515, 456, 29, 2.94%, 0, 0, 6, 7.85
1701387937, 0, 377, 516, 457, 29, 2.94%, 0, 0, 6, 7.59
1701387947, 0, 377, 517, 458, 29, 2.94%, 0, 0, 6, 8.96
1701389147, 0, 379, 517, 457, 32, 2.94%, 0, 0, 6, 7.94
1701389296, 0, 379, 518, 458, 32, 2.95%, 0, 0, 6, 8.00
1701390300, 0, 379, 519, 459, 32, 2.95%, 0, 0, 6, 8.07
1701391435, 0, 380, 519, 458, 33, 2.95%, 0, 0, 6, 9.26
1701393756, 0, 382, 519, 457, 32, 2.95%, 0, 0, 6, 8.98
1701396037, 0, 382, 520, 458, 32, 2.95%, 0, 0, 6, 10.22
1701396074, 0, 383, 520, 457, 31, 2.95%, 0, 0, 6, 8.43
1701398361, 0, 383, 521, 458, 31, 2.95%, 0, 0, 6, 10.38
1701398381, 0, 385, 521, 457, 30, 2.95%, 0, 0, 6, 9.69
1701400662, 0, 385, 522, 458, 30, 2.95%, 0, 0, 6, 9.34
1701400667, 0, 385, 523, 459, 30, 2.95%, 0, 0, 6, 8.89
1701400728, 0, 387, 523, 458, 30, 2.95%, 0, 0, 6, 9.69
1701403001, 0, 387, 524, 459, 30, 2.95%, 0, 0, 6, 8.09
1701403017, 0, 387, 525, 460, 30, 2.95%, 0, 0, 6, 10.30
1701403037, 0, 387, 526, 461, 30, 2.95%, 0, 0, 6, 7.97
1701403078, 0, 387, 527, 462, 30, 2.95%, 0, 0, 6, 8.55
1701403334, 0, 387, 528, 463, 30, 2.95%, 0, 0, 6, 11.46
1701403339, 0, 388, 528, 462, 29, 2.95%, 0, 0, 6, 10.01
1701405590, 0, 388, 529, 463, 29, 2.95%, 0, 0, 6, 10.50
1701405605, 0, 388, 530, 464, 29, 2.95%, 0, 0, 6, 9.73
1701405652, 0, 389, 530, 463, 29, 2.95%, 0, 0, 6, 8.64
1701408073, 0, 391, 530, 462, 28, 2.95%, 0, 0, 6, 10.07
1701410342, 0, 391, 531, 463, 28, 2.95%, 0, 0, 6, 7.72
1701410377, 0, 397, 531, 462, 27, 2.95%, 0, 0, 6, 8.65
1701410501, 0, 400, 531, 461, 26, 2.95%, 0, 0, 6, 11.43
1701412044, 0, 400, 532, 462, 26, 2.95%, 0, 0, 6, 8.56
1701412070, 0, 401, 532, 461, 25, 2.95%, 0, 0, 6, 10.60
1701412178, 0, 401, 533, 462, 25, 2.95%, 0, 0, 6, 9.81
1701412455, 0, 401, 534, 463, 25, 2.95%, 0, 0, 6, 10.07
1701412732, 0, 401, 535, 464, 25, 2.95%, 0, 0, 6, 9.44
1701413573, 0, 401, 536, 465, 25, 2.95%, 0, 0, 6, 10.05
1701413588, 0, 401, 537, 466, 25, 2.95%, 0, 0, 6, 10.72
1701413655, 0, 408, 537, 465, 25, 2.95%, 0, 0, 6, 8.11
1701413716, 0, 408, 538, 466, 25, 2.96%, 0, 0, 6, 8.39
1701413721, 0, 408, 539, 467, 25, 2.96%, 0, 0, 6, 8.02
1701413763, 0, 408, 540, 468, 25, 2.96%, 0, 0, 6, 5.69
1701417022, 0, 413, 540, 467, 26, 2.96%, 0, 0, 6, 9.00
1701417156, 0, 413, 541, 468, 26, 2.96%, 0, 0, 6, 6.88
1701417463, 0, 413, 542, 469, 26, 2.96%, 0, 0, 6, 7.99
1701417478, 0, 413, 543, 470, 26, 2.96%, 0, 0, 6, 6.65
1701419354, 0, 413, 544, 471, 26, 2.96%, 0, 0, 6, 8.23
1701419359, 0, 413, 545, 472, 26, 2.96%, 0, 0, 6, 7.31
1701419369, 0, 413, 546, 473, 26, 2.96%, 0, 0, 6, 9.80
1701419379, 0, 413, 547, 474, 26, 2.96%, 0, 0, 6, 8.82
1701419385, 0, 413, 548, 475, 26, 2.96%, 0, 0, 6, 7.93
1701419395, 0, 413, 549, 476, 26, 2.96%, 0, 0, 6, 8.28
1701419410, 0, 413, 550, 477, 26, 2.96%, 0, 0, 6, 7.95
1701419451, 0, 413, 551, 478, 26, 2.96%, 0, 0, 6, 8.51
1701419456, 0, 413, 552, 479, 26, 2.96%, 0, 0, 6, 8.57
1701419538, 0, 413, 553, 480, 26, 2.96%, 0, 0, 6, 9.79
1701419564, 0, 413, 554, 481, 26, 2.96%, 0, 0, 6, 10.29
1701419646, 0, 413, 555, 482, 26, 2.96%, 0, 0, 6, 7.76
1701419652, 0, 413, 556, 483, 26, 2.96%, 0, 0, 6, 6.69
1701419687, 0, 413, 557, 484, 26, 2.96%, 0, 0, 6, 7.64
1701419733, 0, 415, 557, 483, 26, 2.96%, 0, 0, 6, 8.56
1701422043, 0, 420, 557, 482, 25, 2.96%, 0, 0, 6, 9.09
1701423130, 0, 420, 558, 483, 25, 2.96%, 0, 0, 6, 9.00
1701424280, 0, 422, 558, 482, 24, 2.96%, 0, 0, 6, 8.77
1701426543, 0, 422, 559, 483, 24, 2.96%, 0, 0, 6, 8.93
1701426553, 0, 422, 560, 484, 24, 2.96%, 0, 0, 6, 11.06
1701426625, 0, 441, 560, 483, 24, 2.96%, 0, 0, 6, 8.99
1701426645, 0, 441, 561, 484, 24, 2.96%, 0, 0, 6, 10.08
1701427265, 0, 441, 562, 485, 24, 2.96%, 0, 0, 6, 9.68
1701427746, 0, 441, 563, 486, 24, 2.96%, 0, 0, 6, 11.81
1701427787, 0, 456, 563, 485, 24, 2.96%, 0, 0, 6, 10.22
1701427829, 0, 456, 565, 487, 24, 2.96%, 0, 0, 6, 7.56
1701427900, 0, 456, 567, 489, 24, 2.96%, 0, 0, 6, 7.97
1701427910, 0, 456, 568, 490, 24, 2.96%, 0, 0, 6, 7.73
1701427936, 0, 456, 569, 491, 24, 2.96%, 0, 0, 6, 8.28
1701429215, 0, 456, 570, 492, 24, 2.96%, 0, 0, 6, 7.16
1701432108, 0, 456, 572, 494, 24, 2.96%, 0, 0, 6, 8.01
1701432114, 0, 456, 573, 495, 24, 2.96%, 0, 0, 6, 8.94
1701432119, 0, 456, 574, 496, 24, 2.96%, 0, 0, 6, 7.61
1701432129, 0, 456, 575, 497, 24, 2.96%, 0, 0, 6, 9.37
1701432139, 0, 456, 577, 499, 24, 2.96%, 0, 0, 6, 8.44
1701432180, 0, 456, 578, 500, 24, 2.96%, 0, 0, 6, 7.95
1701432191, 0, 456, 579, 501, 24, 2.96%, 0, 0, 6, 8.35
1701432196, 0, 456, 580, 502, 24, 2.96%, 0, 0, 6, 8.09
1701432231, 0, 456, 581, 503, 24, 2.96%, 0, 0, 6, 9.41
1701432257, 0, 456, 582, 504, 24, 2.96%, 0, 0, 6, 8.71
1701432278, 0, 456, 583, 505, 24, 2.96%, 0, 0, 6, 10.06
1701432319, 0, 456, 584, 506, 24, 2.96%, 0, 0, 6, 9.17
1701432344, 0, 456, 585, 507, 24, 2.96%, 0, 0, 6, 8.38
1701432375, 0, 456, 586, 508, 24, 2.96%, 0, 0, 6, 7.78
1701432380, 0, 456, 587, 509, 24, 2.96%, 0, 0, 6, 9.18
1701432390, 0, 456, 589, 511, 24, 2.96%, 0, 0, 6, 9.80
1701432395, 0, 456, 590, 512, 24, 2.96%, 0, 0, 6, 9.32
1701432405, 0, 456, 591, 513, 24, 2.96%, 0, 0, 6, 9.32
1701432421, 0, 456, 592, 514, 24, 2.96%, 0, 0, 6, 7.48
1701432426, 0, 456, 593, 515, 24, 2.96%, 0, 0, 6, 7.03
1701432431, 0, 456, 594, 516, 24, 2.96%, 0, 0, 6, 6.97
1701432441, 0, 456, 595, 517, 24, 2.96%, 0, 0, 6, 7.24
1701432446, 0, 456, 596, 518, 24, 2.96%, 0, 0, 6, 8.10
1701432497, 0, 461, 596, 517, 23, 2.96%, 0, 0, 6, 9.46
1701434016, 0, 468, 596, 516, 22, 2.96%, 0, 0, 6, 10.34
1701434037, 0, 468, 597, 517, 22, 2.96%, 0, 0, 6, 11.38
1701435452, 0, 468, 598, 518, 22, 2.96%, 0, 0, 6, 11.44
1701435488, 0, 468, 599, 519, 22, 2.96%, 0, 0, 6, 11.79
1701435524, 0, 484, 599, 518, 22, 2.96%, 0, 0, 6, 11.53
1701436324, 0, 484, 600, 519, 22, 2.96%, 0, 0, 6, 10.23
1701436334, 0, 484, 601, 520, 22, 2.96%, 0, 0, 6, 10.14
1701436401, 0, 490, 601, 519, 21, 2.96%, 0, 0, 6, 9.87
1701437128, 0, 491, 601, 518, 20, 2.96%, 0, 0, 6, 9.85
1701438288, 0, 496, 601, 517, 19, 2.96%, 0, 0, 6, 9.72
1701441205, 0, 508, 601, 516, 18, 2.96%, 0, 0, 6, 10.14
1701442133, 0, 508, 602, 517, 18, 2.96%, 0, 0, 7, 10.65
1701443216, 0, 508, 603, 518, 18, 2.96%, 0, 0, 7, 8.94
1701443231, 0, 508, 604, 519, 18, 2.96%, 0, 0, 7, 8.73
1701443257, 0, 508, 605, 520, 18, 2.96%, 0, 0, 7, 8.67
1701443335, 0, 511, 605, 519, 18, 2.96%, 0, 0, 7, 10.42
1701445616, 0, 512, 605, 518, 17, 2.96%, 0, 0, 7, 9.42
1701447945, 0, 513, 605, 517, 16, 2.96%, 0, 0, 7, 8.59
1701450396, 0, 513, 606, 518, 16, 2.96%, 0, 0, 7, 8.76
1701450422, 0, 514, 606, 517, 15, 2.96%, 0, 0, 7, 9.20
1701452765, 0, 514, 607, 518, 15, 2.96%, 0, 0, 7, 7.84
1701452775, 0, 514, 608, 519, 15, 2.96%, 0, 0, 7, 9.60
1701452836, 0, 515, 608, 518, 14, 2.96%, 0, 0, 7, 9.43
1701453868, 0, 515, 609, 519, 14, 2.96%, 0, 0, 7, 9.63
1701455110, 0, 515, 610, 520, 14, 2.96%, 0, 0, 7, 10.27
1701455141, 0, 517, 610, 519, 15, 2.96%, 0, 0, 7, 7.77
1701455408, 0, 517, 611, 520, 15, 2.96%, 0, 0, 7, 7.57
1701457533, 0, 517, 612, 521, 15, 2.96%, 0, 0, 7, 9.34
1701457574, 0, 518, 612, 520, 15, 2.96%, 0, 0, 7, 8.54
1701458686, 0, 518, 613, 521, 15, 2.97%, 0, 0, 7, 9.17
1701459825, 0, 518, 614, 522, 15, 2.97%, 0, 0, 7, 9.05
1701459866, 0, 521, 614, 521, 15, 2.97%, 0, 0, 7, 8.03
1701462433, 0, 529, 614, 520, 14, 2.97%, 0, 0, 7, 8.27
1701462699, 0, 529, 615, 521, 14, 2.97%, 0, 0, 7, 8.23
1701463602, 0, 529, 616, 522, 14, 2.97%, 0, 0, 7, 8.30
1701464984, 0, 533, 616, 521, 13, 2.97%, 0, 0, 7, 8.41
1701465409, 0, 533, 617, 522, 13, 2.97%, 0, 0, 7, 9.10
1701466478, 0, 537, 617, 521, 12, 2.97%, 0, 0, 7, 10.14
1701468827, 0, 538, 617, 520, 11, 2.97%, 0, 0, 7, 10.92
