# unix_time, cycles_done, cur_path, paths_total, pending_total, pending_favs, map_size, unique_crashes, unique_hangs, max_depth, execs_per_sec
1701125218, 0, 0, 1, 1, 1, 1.06%, 0, 0, 1, 6.67
1701125224, 0, 0, 4, 4, 1, 1.25%, 0, 0, 2, 50.93
1701125229, 0, 0, 16, 16, 1, 1.25%, 0, 0, 2, 49.55
1701125234, 0, 0, 60, 60, 1, 1.25%, 0, 0, 2, 80.32
1701125239, 0, 0, 91, 91, 1, 1.25%, 0, 0, 2, 124.39
1701125244, 0, 0, 99, 99, 1, 1.25%, 0, 0, 2, 116.81
1701125249, 0, 0, 109, 109, 1, 1.25%, 0, 0, 2, 109.05
1701125254, 0, 0, 125, 125, 1, 1.25%, 0, 0, 2, 72.95
1701125260, 0, 0, 128, 128, 1, 1.25%, 0, 0, 2, 48.94
1701125265, 0, 0, 135, 135, 1, 1.25%, 0, 0, 2, 36.99
1701125270, 0, 0, 138, 138, 1, 1.25%, 0, 0, 2, 37.33
1701125275, 0, 0, 147, 147, 1, 1.25%, 0, 0, 2, 30.35
1701125280, 0, 0, 155, 155, 1, 1.25%, 0, 0, 2, 35.79
1701125285, 0, 0, 158, 158, 1, 1.25%, 0, 0, 2, 34.46
1701125290, 0, 0, 159, 159, 1, 1.25%, 0, 0, 2, 37.23
1701125295, 0, 0, 162, 162, 1, 1.25%, 0, 0, 2, 34.85
1701125306, 0, 0, 164, 164, 1, 1.25%, 0, 0, 2, 35.83
1701125311, 0, 0, 166, 166, 1, 1.25%, 0, 0, 2, 31.61
1701125326, 0, 0, 167, 167, 1, 1.25%, 0, 0, 2, 36.97
1701125341, 0, 0, 169, 169, 1, 1.25%, 0, 0, 2, 43.44
1701125346, 0, 0, 171, 171, 1, 1.25%, 0, 0, 2, 45.87
1701125352, 0, 0, 173, 173, 1, 1.25%, 0, 0, 2, 43.03
1701125362, 0, 0, 175, 175, 1, 1.25%, 0, 0, 2, 46.26
1701125367, 0, 0, 177, 177, 1, 1.25%, 0, 0, 2, 37.67
1701125372, 0, 0, 182, 182, 1, 1.25%, 0, 0, 2, 35.84
1701125377, 0, 0, 187, 187, 1, 1.25%, 0, 0, 2, 44.21
1701125382, 0, 0, 188, 188, 1, 1.25%, 0, 0, 2, 43.71
1701125408, 0, 0, 189, 189, 1, 1.25%, 0, 0, 2, 43.09
1701125423, 0, 0, 191, 191, 1, 1.28%, 0, 0, 2, 47.38
1701125448, 0, 0, 193, 193, 1, 1.28%, 0, 0, 2, 38.72
1701125453, 0, 0, 194, 194, 1, 1.28%, 0, 0, 2, 44.93
1701125459, 0, 0, 195, 195, 1, 1.28%, 0, 0, 2, 45.48
1701125464, 0, 0, 198, 198, 1, 1.28%, 0, 0, 2, 47.12
1701125479, 0, 0, 199, 199, 1, 1.28%, 0, 0, 2, 33.40
1701125484, 0, 0, 200, 200, 1, 1.28%, 0, 0, 2, 43.54
1701125489, 0, 0, 201, 201, 1, 1.28%, 0, 0, 2, 47.09
1701125494, 0, 0, 202, 202, 1, 1.28%, 0, 0, 2, 36.23
1701125499, 0, 0, 203, 203, 1, 1.28%, 0, 0, 2, 41.93
1701125535, 0, 0, 204, 204, 1, 1.28%, 0, 0, 2, 35.12
1701125621, 0, 0, 214, 214, 1, 1.28%, 0, 0, 2, 44.47
1701125626, 0, 0, 228, 228, 1, 1.28%, 0, 0, 2, 45.19
1701125631, 0, 0, 229, 229, 1, 1.28%, 0, 0, 2, 40.08
1701125708, 0, 0, 231, 231, 1, 1.28%, 0, 0, 2, 46.76
1701125713, 0, 0, 232, 232, 1, 1.28%, 0, 0, 2, 46.61
1701125718, 0, 0, 233, 233, 1, 1.28%, 0, 0, 2, 47.14
1701125820, 0, 0, 235, 235, 1, 1.28%, 0, 0, 2, 43.84
1701125835, 0, 0, 238, 238, 1, 1.28%, 0, 0, 2, 31.87
1701125856, 0, 0, 239, 239, 1, 1.28%, 0, 0, 2, 44.77
1701125861, 0, 0, 241, 241, 1, 1.28%, 0, 0, 2, 44.27
1701125932, 0, 0, 242, 242, 1, 1.28%, 0, 0, 2, 48.19
1701126232, 0, 0, 243, 243, 1, 1.28%, 0, 0, 2, 37.21
1701126390, 0, 0, 246, 246, 1, 1.29%, 0, 0, 2, 34.88
1701126415, 0, 0, 247, 247, 1, 1.29%, 0, 0, 2, 39.00
1701126431, 0, 0, 249, 249, 1, 1.31%, 0, 0, 2, 44.56
1701126603, 0, 0, 250, 250, 1, 1.31%, 0, 0, 2, 40.36
1701126929, 0, 0, 251, 251, 1, 1.31%, 0, 0, 2, 47.06
1701126934, 0, 0, 252, 252, 1, 1.31%, 0, 0, 2, 41.10
1701126975, 0, 0, 253, 253, 1, 1.32%, 0, 0, 2, 46.94
1701127088, 0, 0, 255, 255, 1, 1.32%, 0, 0, 2, 40.12
1701127103, 0, 26, 255, 254, 10, 1.32%, 0, 0, 2, 43.99
1701127536, 0, 26, 256, 255, 10, 1.32%, 0, 0, 3, 36.88
1701129046, 0, 26, 257, 256, 10, 1.33%, 0, 0, 3, 49.06
1701129056, 0, 28, 257, 255, 11, 1.33%, 0, 0, 3, 44.92
1701129107, 0, 28, 258, 256, 11, 1.33%, 0, 0, 3, 41.24
1701129260, 0, 28, 259, 257, 11, 1.33%, 0, 0, 3, 42.36
1701129485, 0, 28, 260, 258, 11, 1.33%, 0, 0, 3, 42.54
1701131125, 0, 28, 261, 259, 11, 1.33%, 0, 0, 3, 37.32
1701131135, 0, 84, 261, 258, 12, 1.33%, 0, 0, 3, 42.22
1701133158, 0, 98, 261, 257, 11, 1.33%, 0, 0, 3, 35.19
1701133575, 0, 98, 262, 258, 11, 1.33%, 0, 0, 3, 33.50
1701135094, 0, 99, 262, 257, 11, 1.33%, 0, 0, 3, 35.23
1701136149, 0, 99, 263, 258, 11, 1.33%, 0, 0, 3, 33.16
1701136664, 0, 202, 263, 257, 10, 1.33%, 0, 0, 3, 39.54
1701136669, 0, 202, 264, 258, 10, 1.33%, 0, 0, 3, 36.96
1701136689, 0, 202, 265, 259, 10, 1.34%, 0, 0, 3, 29.41
1701136699, 0, 202, 267, 261, 10, 1.35%, 0, 0, 3, 38.29
1701136705, 0, 202, 269, 263, 10, 1.37%, 0, 0, 3, 31.10
1701136715, 0, 202, 270, 264, 10, 1.37%, 0, 0, 3, 35.63
1701136720, 0, 202, 271, 265, 10, 1.38%, 0, 0, 3, 37.90
1701136730, 0, 202, 273, 267, 10, 1.38%, 0, 0, 3, 43.78
1701136735, 0, 202, 273, 267, 10, 1.38%, 0, 1, 3, 37.35
1701136740, 0, 202, 274, 268, 10, 1.38%, 0, 1, 3, 42.26
1701136781, 0, 202, 275, 269, 10, 1.38%, 0, 1, 3, 33.57
1701136802, 0, 202, 277, 271, 10, 1.39%, 0, 1, 3, 36.41
1701136807, 0, 202, 278, 272, 10, 1.39%, 0, 1, 3, 38.31
1701136832, 0, 202, 279, 273, 10, 1.39%, 0, 1, 3, 28.74
1701136838, 0, 202, 280, 274, 10, 1.49%, 0, 1, 3, 30.60
1701136868, 0, 202, 281, 275, 10, 1.49%, 0, 1, 3, 41.97
1701136884, 0, 202, 282, 276, 10, 1.49%, 0, 1, 3, 31.23
1701136889, 0, 228, 282, 275, 16, 1.49%, 0, 1, 3, 31.83
1701136930, 0, 228, 283, 276, 16, 1.50%, 0, 1, 3, 39.51
1701136940, 0, 228, 284, 277, 16, 1.50%, 0, 1, 3, 42.03
1701136945, 0, 228, 285, 278, 16, 1.50%, 0, 1, 3, 45.70
1701137006, 0, 228, 286, 279, 16, 1.50%, 0, 1, 3, 41.12
1701137011, 0, 228, 287, 280, 16, 1.50%, 0, 1, 3, 43.80
1701137282, 0, 228, 296, 289, 16, 1.52%, 0, 1, 3, 38.40
1701138747, 0, 248, 296, 288, 17, 1.52%, 0, 1, 3, 40.11
1701138803, 0, 248, 297, 289, 17, 1.52%, 0, 2, 3, 47.12
1701138813, 0, 248, 298, 290, 17, 1.58%, 0, 2, 3, 38.56
1701138839, 0, 248, 298, 290, 17, 1.58%, 0, 3, 3, 39.69
1701138844, 0, 252, 298, 289, 17, 1.58%, 0, 3, 3, 40.44
1701139347, 0, 256, 298, 288, 16, 1.58%, 0, 3, 3, 43.61
1701139352, 0, 256, 299, 289, 16, 1.59%, 0, 3, 4, 40.12
1701139377, 0, 260, 299, 288, 16, 1.59%, 0, 3, 4, 41.19
1701139382, 0, 260, 300, 289, 16, 1.59%, 0, 3, 4, 45.72
1701139412, 0, 260, 301, 290, 16, 1.59%, 0, 3, 4, 34.18
1701139418, 0, 263, 301, 289, 15, 1.59%, 0, 3, 4, 38.76
1701139458, 0, 269, 301, 288, 14, 1.59%, 0, 3, 4, 37.80
1701139499, 0, 270, 301, 287, 13, 1.59%, 0, 3, 4, 45.52
1701139504, 0, 273, 304, 288, 11, 1.59%, 0, 3, 4, 45.77
1701139509, 0, 273, 305, 289, 11, 1.60%, 0, 3, 4, 43.71
1701139515, 0, 273, 306, 290, 11, 1.60%, 0, 3, 4, 41.51
1701139566, 0, 275, 306, 289, 12, 1.60%, 0, 3, 4, 38.66
1701139643, 0, 276, 306, 288, 11, 1.60%, 0, 3, 4, 37.63
1701139668, 0, 279, 308, 289, 11, 1.65%, 0, 3, 4, 45.74
1701139673, 0, 279, 312, 293, 11, 1.69%, 0, 3, 4, 46.86
1701139678, 0, 279, 314, 295, 11, 1.70%, 0, 3, 4, 42.23
1701139688, 0, 279, 315, 296, 11, 1.70%, 0, 3, 4, 32.27
1701139694, 0, 279, 316, 297, 11, 1.71%, 0, 3, 4, 31.28
1701139714, 0, 279, 317, 298, 11, 1.72%, 0, 3, 4, 46.16
1701139780, 0, 279, 318, 299, 11, 1.73%, 0, 3, 4, 37.72
1701139801, 0, 279, 319, 300, 11, 1.73%, 0, 3, 4, 36.84
1701139816, 0, 279, 321, 302, 11, 1.73%, 0, 3, 4, 34.08
1701139821, 0, 279, 324, 305, 11, 1.73%, 0, 3, 4, 41.76
1701139841, 0, 280, 324, 304, 20, 1.73%, 0, 3, 4, 37.34
1701139846, 0, 280, 325, 305, 20, 1.75%, 0, 3, 4, 41.19
1701139887, 0, 281, 326, 305, 20, 1.92%, 0, 3, 4, 45.49
1701139907, 0, 282, 326, 304, 20, 1.92%, 0, 3, 4, 41.90
1701141339, 0, 297, 327, 304, 19, 1.92%, 0, 3, 4, 25.77
1701141349, 0, 297, 330, 307, 19, 1.92%, 0, 3, 4, 10.87
1701141354, 0, 297, 332, 309, 19, 1.92%, 0, 3, 4, 11.69
1701141370, 0, 297, 333, 310, 19, 1.92%, 0, 3, 4, 11.62
1701141385, 0, 297, 334, 311, 19, 1.92%, 0, 3, 4, 11.12
1701141457, 0, 297, 335, 312, 19, 1.92%, 0, 3, 4, 8.77
1701141462, 0, 297, 336, 313, 19, 1.92%, 0, 3, 4, 8.89
1701141467, 0, 297, 337, 314, 19, 1.92%, 0, 3, 4, 8.87
1701141482, 0, 297, 338, 315, 19, 1.92%, 0, 3, 4, 17.62
1701141574, 0, 297, 340, 317, 19, 1.92%, 0, 3, 4, 11.28
1701141600, 0, 297, 343, 320, 19, 1.92%, 0, 3, 4, 15.79
1701141605, 0, 297, 344, 321, 19, 1.92%, 0, 3, 4, 6.02
1701141682, 0, 298, 344, 320, 19, 1.92%, 0, 3, 4, 40.23
1701141717, 0, 304, 344, 319, 18, 1.92%, 0, 3, 4, 39.57
1701141758, 0, 304, 345, 320, 18, 1.92%, 0, 3, 5, 33.03
1701141763, 0, 304, 346, 321, 18, 1.92%, 0, 3, 5, 42.23
1701141774, 0, 305, 346, 320, 18, 1.92%, 0, 3, 5, 44.72
1701141814, 0, 306, 349, 322, 17, 1.93%, 0, 3, 5, 43.79
1701141819, 0, 306, 353, 326, 17, 1.94%, 0, 3, 5, 47.58
1701141824, 0, 306, 354, 327, 17, 1.94%, 0, 3, 5, 46.96
1701141835, 0, 306, 356, 329, 17, 1.95%, 0, 3, 5, 37.42
1701141845, 0, 306, 357, 330, 17, 1.95%, 0, 3, 5, 38.39
1701141850, 0, 308, 358, 330, 23, 1.95%, 0, 3, 5, 32.71
1701141870, 0, 308, 359, 331, 23, 1.95%, 0, 3, 5, 45.05
1701142003, 0, 310, 368, 339, 20, 1.95%, 0, 3, 5, 46.38
1701142008, 0, 310, 370, 341, 20, 1.95%, 0, 3, 5, 40.77
1701142034, 0, 310, 371, 342, 20, 1.95%, 0, 3, 5, 40.60
1701142111, 0, 310, 372, 343, 20, 1.95%, 0, 3, 5, 26.70
1701142127, 0, 310, 373, 344, 20, 1.95%, 0, 3, 5, 33.47
1701142137, 0, 311, 373, 343, 21, 1.95%, 0, 3, 5, 35.11
1701142142, 0, 311, 374, 344, 21, 1.95%, 0, 3, 5, 32.11
1701142147, 0, 311, 375, 345, 21, 1.95%, 0, 3, 5, 40.04
1701142285, 0, 312, 375, 344, 22, 1.95%, 0, 3, 5, 51.30
1701142413, 0, 312, 376, 345, 22, 1.95%, 0, 3, 5, 31.27
1701142434, 0, 313, 376, 344, 21, 1.95%, 0, 3, 5, 32.44
1701142439, 0, 313, 384, 352, 21, 1.95%, 0, 3, 5, 15.00
1701142470, 0, 313, 385, 353, 21, 1.95%, 0, 3, 5, 44.44
1701142541, 0, 313, 386, 354, 21, 1.96%, 0, 3, 5, 22.83
1701142571, 0, 313, 387, 355, 21, 1.96%, 0, 3, 5, 37.88
1701142582, 0, 313, 389, 357, 21, 1.96%, 0, 3, 5, 43.08
1701142643, 0, 314, 389, 356, 23, 1.96%, 0, 3, 5, 35.64
1701142760, 0, 316, 389, 355, 22, 1.96%, 0, 3, 5, 45.06
1701142898, 0, 317, 390, 355, 21, 1.96%, 0, 3, 5, 43.21
1701142903, 0, 317, 393, 358, 21, 1.96%, 0, 3, 5, 45.14
1701142908, 0, 317, 394, 359, 21, 1.96%, 0, 3, 5, 46.69
1701142918, 0, 317, 395, 360, 21, 1.96%, 0, 3, 5, 47.49
1701143035, 0, 317, 396, 361, 21, 1.96%, 0, 3, 5, 44.18
1701143050, 0, 317, 397, 362, 21, 1.96%, 0, 3, 5, 42.56
1701143065, 0, 319, 397, 361, 22, 1.96%, 0, 3, 5, 50.46
1701143167, 0, 324, 397, 360, 21, 1.96%, 0, 3, 5, 44.78
1701143172, 0, 324, 399, 362, 21, 1.97%, 0, 3, 5, 46.95
1701143177, 0, 324, 400, 363, 21, 1.98%, 0, 3, 5, 42.03
1701143198, 0, 324, 401, 364, 21, 1.98%, 0, 3, 5, 48.32
1701143203, 0, 324, 402, 365, 21, 1.98%, 0, 3, 5, 49.23
1701143208, 0, 325, 405, 367, 22, 2.06%, 0, 3, 5, 45.96
1701143213, 0, 325, 408, 370, 22, 2.08%, 0, 3, 5, 40.85
1701143218, 0, 325, 413, 375, 22, 2.09%, 0, 3, 5, 45.86
1701143223, 0, 325, 417, 379, 22, 2.09%, 0, 3, 5, 42.15
1701143233, 0, 325, 428, 390, 22, 2.12%, 0, 3, 5, 45.00
1701143238, 0, 325, 429, 391, 22, 2.12%, 0, 3, 5, 46.71
1701143243, 0, 325, 432, 394, 22, 2.12%, 0, 3, 5, 43.30
1701143248, 0, 325, 434, 396, 22, 2.12%, 0, 3, 5, 47.53
1701143253, 0, 325, 439, 401, 22, 2.12%, 0, 3, 5, 44.19
1701143258, 0, 325, 440, 402, 22, 2.12%, 0, 3, 5, 38.56
1701143264, 0, 325, 441, 403, 22, 2.12%, 0, 3, 5, 43.65
1701143269, 0, 325, 443, 405, 22, 2.12%, 0, 3, 5, 39.29
1701143274, 0, 325, 445, 407, 22, 2.12%, 0, 3, 5, 43.26
1701143289, 0, 325, 446, 408, 22, 2.14%, 0, 3, 5, 42.68
1701143304, 0, 325, 447, 409, 22, 2.14%, 0, 3, 5, 40.57
1701143315, 0, 325, 448, 410, 22, 2.14%, 0, 3, 5, 31.34
1701143330, 0, 325, 449, 411, 22, 2.16%, 0, 3, 5, 43.46
1701143335, 0, 325, 450, 412, 22, 2.16%, 0, 3, 5, 40.29
1701143340, 0, 325, 451, 413, 22, 2.16%, 0, 3, 5, 37.12
1701143345, 0, 325, 453, 415, 22, 2.16%, 0, 3, 5, 32.77
1701143391, 0, 325, 454, 416, 22, 2.16%, 0, 3, 5, 43.29
1701143396, 0, 340, 454, 415, 35, 2.16%, 0, 3, 5, 45.42
1701143402, 0, 340, 455, 416, 35, 2.17%, 0, 3, 5, 43.82
1701143407, 0, 340, 456, 417, 35, 2.17%, 0, 3, 5, 24.22
1701143545, 0, 342, 456, 416, 33, 2.17%, 0, 3, 5, 33.34
1701143724, 0, 347, 456, 415, 33, 2.17%, 0, 3, 5, 39.76
1701143744, 0, 347, 457, 416, 33, 2.17%, 0, 3, 6, 37.49
1701143759, 0, 347, 458, 417, 33, 2.17%, 0, 3, 6, 37.35
1701143764, 0, 347, 459, 418, 33, 2.17%, 0, 3, 6, 29.46
1701143769, 0, 347, 461, 420, 33, 2.17%, 0, 3, 6, 28.00
1701143774, 0, 347, 462, 421, 33, 2.17%, 0, 3, 6, 28.93
1701143780, 0, 347, 463, 422, 33, 2.17%, 0, 3, 6, 32.24
1701143785, 0, 347, 464, 423, 33, 2.17%, 0, 3, 6, 36.59
1701143815, 0, 347, 465, 424, 33, 2.17%, 0, 3, 6, 34.21
1701143897, 0, 347, 466, 425, 33, 2.18%, 0, 3, 6, 39.24
1701143928, 0, 349, 466, 424, 35, 2.18%, 0, 3, 6, 41.47
1701143969, 0, 351, 466, 423, 34, 2.18%, 0, 3, 6, 34.61
1701144010, 0, 352, 466, 422, 33, 2.18%, 0, 3, 6, 34.61
1701144041, 0, 353, 466, 421, 32, 2.18%, 0, 3, 6, 35.87
1701144076, 0, 354, 468, 422, 31, 2.18%, 0, 3, 6, 38.55
1701144112, 0, 358, 468, 421, 31, 2.18%, 0, 3, 6, 26.94
1701144118, 0, 358, 472, 425, 31, 2.18%, 0, 3, 6, 27.47
1701144123, 0, 358, 474, 427, 31, 2.18%, 0, 3, 6, 29.18
1701144128, 0, 358, 475, 428, 31, 2.18%, 0, 3, 6, 32.26
1701144220, 0, 358, 482, 435, 31, 2.18%, 0, 3, 6, 39.93
1701144261, 0, 358, 486, 439, 31, 2.18%, 0, 3, 6, 34.74
1701144271, 0, 358, 487, 440, 31, 2.18%, 0, 3, 6, 37.12
1701144322, 0, 358, 488, 441, 31, 2.18%, 0, 3, 6, 36.15
1701144343, 0, 358, 489, 442, 31, 2.18%, 0, 3, 6, 38.30
1701144389, 0, 361, 489, 441, 31, 2.18%, 0, 3, 6, 30.14
1701144522, 0, 372, 489, 440, 30, 2.18%, 0, 3, 6, 31.80
1701144660, 0, 384, 489, 439, 29, 2.18%, 0, 3, 6, 22.56
1701144670, 0, 384, 490, 440, 29, 2.18%, 0, 3, 6, 31.89
1701144823, 0, 385, 490, 439, 28, 2.18%, 0, 3, 6, 46.17
1701144956, 0, 385, 491, 440, 28, 2.18%, 0, 3, 6, 44.50
1701144982, 0, 386, 491, 439, 27, 2.18%, 0, 3, 6, 36.05
1701145110, 0, 392, 491, 438, 26, 2.18%, 0, 3, 6, 34.54
1701145268, 0, 393, 491, 437, 25, 2.18%, 0, 3, 6, 42.25
1701145273, 0, 393, 493, 439, 25, 2.18%, 0, 3, 6, 47.26
1701145415, 0, 397, 493, 438, 24, 2.18%, 0, 3, 6, 46.12
1701145425, 0, 397, 494, 439, 24, 2.18%, 0, 3, 6, 40.32
1701145455, 0, 401, 495, 439, 23, 2.18%, 0, 3, 6, 43.51
1701145491, 0, 406, 495, 438, 22, 2.18%, 0, 3, 6, 42.52
1701145511, 0, 406, 496, 439, 22, 2.18%, 0, 3, 6, 43.05
1701145522, 0, 406, 497, 440, 22, 2.18%, 0, 3, 6, 48.20
1701145527, 0, 406, 498, 441, 22, 2.19%, 0, 3, 6, 48.29
1701145567, 0, 406, 500, 443, 22, 2.19%, 0, 3, 6, 37.40
1701145573, 0, 406, 501, 444, 22, 2.19%, 0, 3, 6, 34.00
1701145578, 0, 406, 502, 445, 22, 2.19%, 0, 3, 6, 37.54
1701145598, 0, 406, 504, 447, 22, 2.19%, 0, 3, 6, 33.85
1701145618, 0, 406, 506, 449, 22, 2.19%, 0, 3, 6, 43.42
1701145644, 0, 406, 507, 450, 22, 2.20%, 0, 3, 6, 41.10
1701145654, 0, 406, 508, 451, 22, 2.20%, 0, 3, 6, 44.45
1701145659, 0, 406, 509, 452, 22, 2.20%, 0, 3, 6, 40.22
1701145664, 0, 406, 510, 453, 22, 2.20%, 0, 3, 6, 39.84
1701145685, 0, 408, 510, 452, 23, 2.20%, 0, 3, 6, 30.64
1701145715, 0, 408, 511, 453, 23, 2.20%, 0, 3, 6, 30.07
1701145721, 0, 408, 512, 454, 23, 2.20%, 0, 3, 6, 31.09
1701145726, 0, 408, 513, 455, 23, 2.20%, 0, 3, 6, 28.67
1701145756, 0, 408, 514, 456, 23, 2.20%, 0, 3, 6, 43.88
1701145843, 0, 408, 515, 457, 23, 2.20%, 0, 3, 6, 43.50
1701145894, 0, 412, 515, 456, 22, 2.20%, 0, 3, 6, 36.51
1701145925, 0, 420, 515, 455, 21, 2.20%, 0, 3, 6, 37.60
1701145930, 0, 420, 518, 458, 21, 2.20%, 0, 3, 6, 33.29
1701145945, 0, 420, 519, 459, 21, 2.21%, 0, 3, 6, 36.94
1701145951, 0, 420, 520, 460, 21, 2.21%, 0, 3, 6, 38.79
1701145971, 0, 420, 521, 461, 21, 2.21%, 0, 3, 6, 41.10
1701145976, 0, 420, 522, 462, 21, 2.21%, 0, 3, 6, 44.24
1701146058, 0, 422, 524, 463, 24, 2.21%, 0, 3, 6, 32.74
1701146114, 0, 426, 524, 462, 23, 2.21%, 0, 3, 6, 42.59
1701146139, 0, 428, 524, 461, 22, 2.21%, 0, 3, 6, 42.82
1701146160, 0, 430, 524, 460, 21, 2.21%, 0, 3, 6, 40.57
1701146205, 0, 432, 524, 459, 20, 2.21%, 0, 3, 6, 42.22
1701146262, 0, 448, 524, 458, 19, 2.21%, 0, 3, 6, 36.20
1701146267, 0, 448, 525, 459, 19, 2.22%, 0, 3, 6, 38.47
1701146287, 0, 448, 526, 460, 19, 2.22%, 0, 3, 6, 29.16
1701146297, 0, 448, 527, 461, 19, 2.22%, 0, 3, 6, 33.42
1701146404, 0, 448, 528, 462, 19, 2.23%, 0, 3, 6, 44.57
1701146410, 0, 448, 529, 463, 19, 2.23%, 0, 3, 6, 44.71
1701146415, 0, 448, 530, 464, 19, 2.23%, 0, 3, 6, 44.35
1701146420, 0, 448, 531, 465, 19, 2.23%, 0, 3, 6, 44.22
1701146455, 0, 448, 532, 466, 19, 2.23%, 0, 3, 6, 45.34
1701146466, 0, 448, 534, 468, 19, 2.23%, 0, 3, 6, 48.03
1701146506, 0, 448, 535, 469, 19, 2.23%, 0, 3, 6, 49.93
1701146522, 0, 448, 536, 470, 19, 2.23%, 0, 3, 6, 46.85
1701146527, 0, 448, 537, 471, 19, 2.23%, 0, 3, 6, 45.33
1701146532, 0, 448, 538, 472, 19, 2.23%, 0, 3, 6, 47.30
1701146557, 0, 448, 539, 473, 19, 2.23%, 0, 3, 6, 45.51
1701146562, 0, 452, 539, 472, 20, 2.23%, 0, 3, 6, 42.26
1701146583, 0, 452, 541, 474, 20, 2.25%, 0, 3, 6, 46.77
1701146603, 0, 452, 542, 475, 20, 2.25%, 0, 3, 6, 43.60
1701146639, 0, 454, 542, 474, 21, 2.25%, 0, 3, 6, 30.47
1701146808, 0, 456, 542, 473, 20, 2.25%, 0, 3, 6, 36.00
1701146844, 0, 461, 542, 472, 19, 2.25%, 0, 3, 6, 35.64
1701146854, 0, 465, 544, 473, 18, 2.25%, 0, 3, 7, 43.18
1701146910, 0, 465, 545, 474, 18, 2.25%, 0, 3, 7, 39.32
1701146921, 0, 467, 545, 473, 18, 2.25%, 0, 3, 7, 44.96
1701146946, 0, 467, 546, 474, 18, 2.25%, 0, 3, 7, 40.38
1701146951, 0, 467, 547, 475, 18, 2.25%, 0, 3, 7, 41.94
1701146961, 0, 467, 548, 476, 18, 2.25%, 0, 3, 7, 43.12
1701146987, 0, 470, 548, 475, 17, 2.25%, 0, 3, 7, 40.26
1701146992, 0, 470, 549, 476, 17, 2.25%, 0, 3, 7, 42.25
1701147038, 0, 470, 550, 477, 17, 2.25%, 0, 3, 7, 40.77
1701147140, 0, 470, 551, 478, 17, 2.25%, 0, 3, 7, 37.69
1701147150, 0, 493, 552, 478, 17, 2.25%, 0, 3, 7, 42.68
1701147191, 0, 498, 552, 477, 16, 2.25%, 0, 3, 7, 33.17
1701147252, 0, 502, 552, 476, 15, 2.25%, 0, 3, 7, 42.96
1701147334, 0, 502, 553, 477, 15, 2.25%, 0, 3, 7, 47.85
1701147344, 0, 502, 554, 478, 15, 2.26%, 0, 3, 7, 43.66
1701147354, 0, 502, 555, 479, 15, 2.26%, 0, 3, 7, 42.20
1701147370, 0, 502, 556, 480, 15, 2.27%, 0, 3, 7, 45.10
1701147375, 0, 502, 557, 481, 15, 2.27%, 0, 3, 7, 43.49
1701147405, 0, 502, 558, 482, 15, 2.31%, 0, 3, 7, 42.29
1701147467, 0, 502, 559, 483, 15, 2.31%, 0, 3, 7, 38.06
1701147472, 0, 502, 560, 484, 15, 2.31%, 0, 3, 7, 34.85
1701147487, 0, 506, 560, 483, 16, 2.31%, 0, 3, 7, 40.87
1701147502, 0, 515, 560, 482, 15, 2.31%, 0, 3, 7, 42.23
1701147609, 0, 515, 561, 483, 15, 2.31%, 0, 3, 7, 40.08
1701147614, 0, 515, 563, 485, 15, 2.31%, 0, 3, 7, 40.21
1701147691, 0, 515, 564, 486, 15, 2.31%, 0, 3, 7, 36.71
1701147716, 0, 515, 565, 487, 15, 2.31%, 0, 3, 7, 44.64
1701147767, 0, 517, 565, 486, 15, 2.31%, 0, 3, 7, 46.98
1701147889, 0, 518, 565, 485, 14, 2.31%, 0, 3, 7, 34.85
1701147900, 0, 518, 566, 486, 14, 2.31%, 0, 3, 7, 34.59
1701147910, 0, 518, 567, 487, 14, 2.32%, 0, 3, 7, 33.04
1701147996, 0, 521, 567, 486, 15, 2.32%, 0, 3, 7, 34.58
1701148108, 0, 526, 567, 485, 14, 2.32%, 0, 3, 7, 40.10
1701148226, 0, 527, 570, 487, 13, 2.32%, 0, 3, 7, 35.82
1701148251, 0, 527, 571, 488, 13, 2.32%, 0, 3, 7, 45.52
1701148369, 0, 535, 571, 487, 14, 2.32%, 0, 3, 7, 28.62
1701148649, 0, 535, 572, 488, 14, 2.32%, 0, 3, 7, 34.67
1701148670, 0, 535, 573, 489, 14, 2.32%, 0, 3, 7, 33.60
1701148695, 0, 539, 573, 488, 13, 2.32%, 0, 3, 7, 44.40
1701148715, 0, 539, 574, 489, 13, 2.32%, 0, 3, 7, 43.26
1701148817, 0, 540, 575, 489, 13, 2.33%, 0, 3, 7, 36.34
1701148853, 0, 540, 576, 490, 13, 2.33%, 0, 3, 7, 47.17
1701148863, 0, 543, 578, 491, 13, 2.33%, 0, 3, 8, 44.59
1701148868, 0, 543, 579, 492, 13, 2.33%, 0, 3, 8, 46.43
1701148909, 0, 543, 580, 493, 13, 2.33%, 0, 3, 8, 40.06
1701148919, 0, 548, 580, 492, 12, 2.33%, 0, 3, 8, 38.60
1701148934, 0, 548, 581, 493, 12, 2.33%, 0, 3, 8, 43.76
1701149026, 0, 548, 582, 494, 12, 2.33%, 0, 3, 8, 45.78
1701149066, 0, 553, 582, 493, 13, 2.33%, 0, 3, 8, 45.01
1701149148, 0, 553, 583, 494, 13, 2.33%, 0, 3, 8, 48.30
1701149163, 0, 555, 583, 493, 12, 2.33%, 0, 3, 8, 42.78
1701149194, 0, 555, 584, 494, 12, 2.33%, 0, 3, 8, 49.59
1701149245, 0, 555, 585, 495, 12, 2.33%, 0, 3, 8, 46.54
1701149250, 0, 555, 586, 496, 12, 2.33%, 0, 3, 8, 44.69
1701149270, 0, 555, 587, 497, 12, 2.33%, 0, 3, 8, 46.51
1701149306, 0, 555, 588, 498, 12, 2.33%, 0, 3, 8, 48.41
1701149336, 0, 555, 589, 499, 12, 2.34%, 0, 3, 8, 46.10
1701149351, 0, 555, 590, 500, 12, 2.34%, 0, 3, 8, 31.51
1701149367, 0, 555, 591, 501, 12, 2.34%, 0, 3, 8, 47.09
1701149387, 0, 557, 591, 500, 13, 2.34%, 0, 3, 8, 47.14
1701149392, 0, 557, 598, 507, 13, 2.34%, 0, 3, 8, 48.81
1701149402, 0, 557, 600, 509, 13, 2.34%, 0, 3, 8, 44.15
1701149412, 0, 557, 601, 510, 13, 2.34%, 0, 3, 8, 42.46
1701149438, 0, 557, 602, 511, 13, 2.34%, 0, 3, 8, 46.51
1701149448, 0, 557, 605, 514, 13, 2.34%, 0, 3, 8, 41.14
1701149667, 0, 557, 606, 515, 13, 2.34%, 0, 3, 8, 41.19
1701149698, 0, 557, 607, 516, 13, 2.34%, 0, 3, 8, 40.62
1701149703, 0, 557, 610, 519, 13, 2.34%, 0, 3, 8, 38.35
1701149713, 0, 557, 611, 520, 13, 2.34%, 0, 3, 8, 32.37
1701149723, 0, 557, 613, 522, 13, 2.34%, 0, 3, 8, 30.78
1701149769, 0, 557, 614, 523, 13, 2.34%, 0, 3, 8, 41.98
1701149815, 0, 557, 615, 524, 13, 2.34%, 0, 3, 8, 42.55
1701149820, 0, 557, 616, 525, 13, 2.34%, 0, 3, 8, 43.21
1701149871, 0, 565, 616, 524, 14, 2.34%, 0, 3, 8, 45.42
1701149897, 0, 565, 617, 525, 14, 2.34%, 0, 3, 8, 36.95
1701149983, 0, 565, 619, 527, 14, 2.34%, 0, 3, 8, 43.45
1701150009, 0, 565, 620, 528, 14, 2.34%, 0, 3, 8, 43.87
1701150019, 0, 565, 621, 529, 14, 2.34%, 0, 3, 8, 40.58
1701150126, 0, 565, 622, 530, 14, 2.34%, 0, 3, 8, 42.94
1701150131, 0, 565, 623, 531, 14, 2.34%, 0, 3, 8, 38.24
1701150141, 0, 566, 623, 530, 15, 2.34%, 0, 3, 8, 35.27
1701150187, 0, 569, 623, 529, 14, 2.34%, 0, 3, 8, 40.42
1701150192, 0, 569, 625, 531, 14, 2.34%, 0, 3, 8, 35.74
1701150197, 0, 569, 626, 532, 14, 2.34%, 0, 3, 8, 34.63
1701150310, 0, 569, 627, 533, 14, 2.34%, 0, 3, 8, 36.70
1701150315, 0, 569, 628, 534, 14, 2.34%, 0, 3, 8, 40.64
1701150335, 0, 570, 628, 533, 14, 2.34%, 0, 3, 8, 36.40
1701150371, 0, 570, 629, 534, 14, 2.34%, 0, 3, 8, 29.74
1701150479, 0, 570, 630, 535, 14, 2.34%, 0, 3, 8, 35.71
1701150499, 0, 573, 630, 534, 13, 2.34%, 0, 3, 8, 31.72
1701150504, 0, 573, 631, 535, 13, 2.34%, 0, 3, 8, 31.44
1701150627, 0, 575, 631, 534, 13, 2.34%, 0, 3, 8, 42.08
1701150637, 0, 575, 632, 535, 13, 2.34%, 0, 3, 8, 44.81
1701150677, 0, 581, 632, 534, 13, 2.34%, 0, 3, 8, 32.09
1701150845, 0, 583, 632, 533, 12, 2.34%, 0, 3, 8, 44.36
1701150850, 0, 583, 633, 534, 12, 2.36%, 0, 3, 9, 40.55
1701150881, 0, 583, 634, 535, 12, 2.36%, 0, 3, 9, 39.10
1701150958, 0, 583, 635, 536, 12, 2.36%, 0, 3, 9, 39.29
1701150978, 0, 588, 637, 537, 13, 2.36%, 0, 3, 9, 38.46
1701150983, 0, 588, 638, 538, 13, 2.36%, 0, 3, 9, 39.76
1701151065, 0, 596, 638, 537, 12, 2.36%, 0, 3, 9, 38.14
1701151407, 0, 597, 638, 536, 11, 2.36%, 0, 3, 9, 45.68
1701151749, 0, 597, 639, 537, 11, 2.36%, 0, 3, 9, 39.17
1701151780, 0, 606, 639, 536, 11, 2.36%, 0, 3, 9, 44.51
1701152030, 0, 612, 639, 535, 11, 2.36%, 0, 3, 9, 42.65
1701152173, 0, 612, 640, 536, 11, 2.36%, 0, 3, 9, 39.68
1701152198, 0, 614, 640, 535, 10, 2.36%, 0, 3, 9, 41.23
1701152203, 0, 614, 641, 536, 10, 2.36%, 0, 3, 9, 40.70
1701152234, 0, 614, 642, 537, 10, 2.36%, 0, 3, 9, 30.87
1701152280, 0, 614, 643, 538, 10, 2.36%, 0, 3, 9, 38.23
1701152617, 0, 614, 647, 542, 10, 2.36%, 0, 3, 9, 36.69
1701152622, 0, 614, 648, 543, 10, 2.36%, 0, 3, 9, 42.09
1701152627, 0, 614, 649, 544, 10, 2.36%, 0, 3, 9, 40.38
1701152643, 0, 614, 650, 545, 10, 2.36%, 0, 3, 9, 43.08
1701152673, 0, 614, 651, 546, 10, 2.36%, 0, 3, 9, 41.27
1701152678, 0, 614, 652, 547, 10, 2.36%, 0, 3, 9, 36.32
1701152734, 0, 616, 652, 546, 10, 2.36%, 0, 3, 9, 49.07
1701152831, 0, 616, 653, 547, 10, 2.36%, 0, 3, 9, 34.22
1701152862, 0, 622, 653, 546, 9, 2.36%, 0, 3, 9, 34.59
1701152928, 0, 622, 654, 547, 9, 2.36%, 0, 3, 9, 36.82
1701153046, 0, 622, 655, 548, 9, 2.36%, 0, 3, 9, 42.91
1701153051, 0, 622, 656, 549, 9, 2.36%, 0, 3, 9, 41.35
1701153056, 0, 622, 659, 552, 9, 2.36%, 0, 3, 9, 44.15
1701153061, 0, 622, 660, 553, 9, 2.36%, 0, 3, 9, 41.67
1701153087, 0, 622, 661, 554, 9, 2.36%, 0, 3, 9, 32.53
1701153122, 0, 622, 662, 555, 9, 2.36%, 0, 3, 9, 31.43
1701153148, 0, 622, 663, 556, 9, 2.36%, 0, 3, 9, 41.41
1701153179, 0, 630, 663, 555, 8, 2.36%, 0, 3, 9, 38.70
1701153301, 0, 631, 663, 554, 7, 2.36%, 0, 3, 9, 46.43
1701153357, 0, 632, 663, 553, 6, 2.36%, 0, 3, 9, 41.29
1701153444, 0, 632, 664, 554, 6, 2.36%, 0, 3, 10, 35.93
1701153459, 0, 632, 665, 555, 6, 2.38%, 0, 3, 10, 45.00
1701153464, 0, 632, 666, 556, 6, 2.38%, 0, 3, 10, 45.06
1701153469, 0, 632, 667, 557, 6, 2.38%, 0, 3, 10, 45.40
1701153536, 0, 632, 668, 558, 6, 2.38%, 0, 3, 10, 43.81
1701153546, 0, 632, 669, 559, 6, 2.38%, 0, 3, 10, 37.21
1701153566, 0, 633, 669, 558, 6, 2.38%, 0, 3, 10, 37.77
1701153668, 0, 633, 670, 559, 6, 2.38%, 0, 3, 10, 32.34
1701153688, 0, 636, 670, 558, 5, 2.38%, 0, 3, 10, 43.26
1701153775, 0, 636, 671, 559, 5, 2.38%, 0, 3, 10, 40.29
1701153786, 0, 636, 672, 560, 5, 2.38%, 0, 3, 10, 36.80
1701153796, 0, 636, 673, 561, 5, 2.38%, 0, 3, 10, 40.81
1701153821, 0, 636, 674, 562, 5, 2.38%, 0, 3, 10, 26.19
1701153847, 0, 636, 675, 563, 5, 2.38%, 0, 3, 10, 38.09
1701153882, 0, 636, 676, 564, 5, 2.38%, 0, 3, 10, 44.87
1701153903, 0, 664, 676, 563, 4, 2.38%, 0, 3, 10, 44.09
1701153908, 0, 664, 677, 564, 4, 2.38%, 0, 3, 11, 44.12
1701153984, 0, 664, 678, 565, 4, 2.38%, 0, 3, 11, 38.38
1701153994, 0, 664, 679, 566, 4, 2.38%, 0, 3, 11, 35.80
1701154010, 0, 664, 680, 567, 4, 2.38%, 0, 3, 11, 41.02
1701154066, 0, 664, 681, 568, 4, 2.38%, 0, 3, 11, 44.97
1701154107, 0, 680, 681, 567, 4, 2.38%, 0, 3, 11, 28.04
1701154112, 0, 680, 683, 569, 4, 2.38%, 0, 3, 12, 34.45
1701154280, 0, 680, 684, 570, 4, 2.38%, 0, 3, 12, 43.23
1701154296, 0, 680, 686, 572, 4, 2.38%, 0, 3, 12, 39.98
1701154351, 0, 682, 686, 571, 4, 2.38%, 0, 3, 12, 41.90
1701154540, 1, 299, 686, 570, 3, 2.38%, 0, 3, 12, 44.32
1701154586, 1, 374, 686, 569, 2, 2.38%, 0, 3, 12, 33.05
1701154734, 1, 374, 687, 570, 2, 2.43%, 0, 3, 12, 36.11
1701154759, 1, 380, 687, 569, 2, 2.43%, 0, 3, 12, 41.43
1701154790, 1, 380, 688, 570, 2, 2.43%, 0, 3, 12, 26.51
1701154903, 1, 380, 689, 571, 2, 2.43%, 0, 3, 12, 38.51
1701154933, 1, 413, 689, 570, 2, 2.43%, 0, 3, 12, 42.92
1701154954, 1, 413, 690, 571, 2, 2.43%, 0, 3, 12, 41.40
1701154974, 1, 445, 690, 570, 1, 2.43%, 0, 3, 12, 41.25
1701155239, 1, 686, 691, 570, 1, 2.44%, 0, 3, 12, 47.32
1701155260, 1, 686, 692, 571, 1, 2.46%, 0, 3, 12, 38.23
1701155270, 1, 686, 693, 572, 1, 2.51%, 0, 3, 12, 42.39
1701155285, 1, 690, 693, 571, 3, 2.51%, 0, 3, 12, 33.28
1701155321, 1, 691, 696, 573, 2, 2.54%, 0, 3, 12, 42.92
1701155331, 1, 691, 698, 575, 2, 2.57%, 0, 3, 12, 38.20
1701155351, 1, 691, 699, 576, 2, 2.57%, 0, 3, 12, 35.48
1701155366, 1, 692, 699, 575, 7, 2.57%, 0, 3, 12, 36.92
1701155372, 1, 692, 705, 581, 7, 2.60%, 0, 3, 12, 33.47
1701155382, 1, 692, 707, 583, 7, 2.60%, 0, 3, 12, 33.09
1701155387, 1, 692, 709, 585, 7, 2.61%, 0, 3, 12, 32.49
1701155397, 1, 692, 710, 586, 7, 2.61%, 0, 3, 12, 33.71
1701155402, 1, 692, 713, 589, 7, 2.61%, 0, 3, 12, 35.63
1701155479, 1, 692, 715, 591, 7, 2.61%, 0, 3, 12, 46.08
1701155484, 1, 692, 718, 594, 7, 2.61%, 0, 3, 12, 45.36
1701155494, 1, 692, 722, 598, 7, 2.63%, 0, 3, 12, 31.18
1701155499, 1, 692, 728, 604, 7, 2.64%, 0, 3, 12, 33.91
1701155510, 1, 692, 734, 610, 7, 2.65%, 0, 3, 12, 36.10
1701155515, 1, 692, 735, 611, 7, 2.65%, 0, 3, 12, 41.15
1701155525, 1, 692, 736, 612, 7, 2.65%, 0, 3, 12, 47.33
1701155535, 1, 692, 739, 615, 7, 2.65%, 0, 3, 12, 45.94
1701155540, 1, 692, 741, 617, 7, 2.65%, 0, 3, 12, 45.40
1701155551, 1, 692, 742, 618, 7, 2.65%, 0, 3, 12, 37.75
1701155561, 1, 692, 744, 620, 7, 2.65%, 0, 3, 12, 40.06
1701155571, 1, 692, 745, 621, 7, 2.65%, 0, 3, 12, 41.81
1701155576, 1, 692, 746, 622, 7, 2.65%, 0, 3, 12, 39.93
1701155581, 1, 692, 747, 623, 7, 2.65%, 0, 3, 12, 45.64
1701155596, 1, 692, 748, 624, 7, 2.65%, 0, 3, 12, 44.71
1701155617, 1, 692, 749, 625, 7, 2.65%, 0, 3, 12, 40.86
1701155627, 1, 692, 751, 627, 7, 2.65%, 0, 3, 12, 45.75
1701155637, 1, 693, 751, 626, 14, 2.65%, 0, 3, 12, 46.56
1701155682, 1, 694, 751, 625, 13, 2.65%, 0, 3, 12, 37.25
1701155739, 1, 695, 751, 624, 12, 2.65%, 0, 3, 12, 42.04
1701155744, 1, 695, 752, 625, 12, 2.66%, 0, 3, 12, 45.58
1701155780, 1, 696, 752, 624, 12, 2.66%, 0, 3, 12, 28.91
1701155836, 1, 696, 753, 625, 12, 2.66%, 0, 3, 12, 36.97
1701155851, 1, 697, 755, 626, 11, 2.66%, 0, 3, 12, 43.42
1701155856, 1, 697, 756, 627, 11, 2.66%, 0, 3, 12, 40.73
1701155902, 1, 699, 756, 626, 10, 2.66%, 0, 3, 12, 31.80
1701155908, 1, 699, 757, 627, 10, 2.66%, 0, 3, 12, 36.10
1701155923, 1, 699, 758, 628, 10, 2.66%, 0, 3, 12, 44.69
1701155943, 1, 699, 760, 630, 10, 2.66%, 0, 3, 12, 41.53
1701155958, 1, 701, 760, 629, 11, 2.66%, 0, 3, 12, 46.60
1701155968, 1, 701, 761, 630, 11, 2.67%, 0, 3, 12, 44.73
1701155978, 1, 701, 762, 631, 11, 2.68%, 0, 3, 12, 46.29
1701156009, 1, 702, 762, 630, 11, 2.68%, 0, 3, 12, 43.38
1701156029, 1, 702, 763, 631, 11, 2.68%, 0, 3, 12, 41.15
1701156126, 1, 702, 765, 633, 11, 2.68%, 0, 3, 12, 43.85
1701156136, 1, 702, 767, 635, 11, 2.68%, 0, 3, 12, 45.57
1701156152, 1, 702, 768, 636, 11, 2.68%, 0, 3, 12, 47.72
1701156177, 1, 702, 769, 637, 11, 2.68%, 0, 3, 12, 46.25
1701156182, 1, 702, 770, 638, 11, 2.68%, 0, 3, 12, 46.84
1701156202, 1, 702, 771, 639, 11, 2.68%, 0, 3, 12, 36.29
1701156228, 1, 735, 771, 638, 12, 2.68%, 0, 3, 12, 33.12
1701156314, 1, 735, 774, 641, 12, 2.68%, 0, 3, 12, 35.10
1701156329, 1, 735, 775, 642, 12, 2.68%, 0, 3, 12, 42.24
1701156340, 1, 735, 776, 643, 12, 2.68%, 0, 3, 12, 47.52
1701156380, 1, 735, 777, 644, 12, 2.68%, 0, 3, 12, 38.89
1701156416, 1, 739, 777, 643, 11, 2.68%, 0, 3, 12, 35.47
1701156482, 1, 739, 778, 644, 11, 2.68%, 0, 3, 12, 44.78
1701156513, 1, 739, 779, 645, 11, 2.68%, 0, 3, 12, 33.01
1701156518, 1, 739, 780, 646, 11, 2.68%, 0, 3, 12, 36.12
1701156569, 1, 746, 782, 647, 10, 2.68%, 0, 3, 12, 37.57
1701156574, 1, 746, 783, 648, 10, 2.68%, 0, 3, 12, 42.93
1701156722, 1, 746, 784, 649, 10, 2.68%, 0, 3, 12, 46.06
1701156742, 1, 746, 785, 650, 10, 2.68%, 0, 3, 12, 36.63
1701156798, 1, 746, 786, 651, 10, 2.68%, 0, 3, 12, 39.27
1701156803, 1, 746, 787, 652, 10, 2.68%, 0, 3, 12, 40.59
1701156808, 1, 750, 787, 651, 9, 2.68%, 0, 3, 12, 41.07
1701156930, 1, 751, 787, 650, 8, 2.68%, 0, 3, 12, 40.04
1701156976, 1, 753, 787, 649, 7, 2.68%, 0, 3, 12, 42.79
1701157022, 1, 756, 787, 648, 6, 2.68%, 0, 3, 12, 38.21
1701157078, 1, 757, 787, 647, 5, 2.68%, 0, 3, 12, 42.56
1701157089, 1, 757, 788, 648, 5, 2.69%, 0, 3, 12, 39.63
1701157119, 1, 757, 789, 649, 5, 2.70%, 0, 3, 12, 43.57
1701157155, 1, 760, 789, 648, 6, 2.70%, 0, 3, 12, 43.68
1701157201, 1, 761, 789, 647, 5, 2.70%, 0, 3, 12, 46.22
1701157272, 1, 762, 789, 646, 4, 2.70%, 0, 3, 12, 45.93
1701157379, 1, 765, 789, 645, 3, 2.70%, 0, 3, 12, 35.61
1701157384, 1, 765, 790, 646, 3, 2.70%, 0, 3, 12, 38.24
1701157389, 1, 765, 791, 647, 3, 2.70%, 0, 3, 12, 40.64
1701157410, 1, 765, 792, 648, 3, 2.70%, 0, 3, 12, 38.65
1701157461, 1, 765, 793, 649, 3, 2.70%, 0, 3, 12, 42.87
1701157497, 1, 784, 793, 648, 2, 2.70%, 0, 3, 12, 43.89
1701157660, 1, 787, 793, 647, 2, 2.70%, 0, 3, 12, 25.90
1701157705, 1, 788, 793, 646, 1, 2.70%, 0, 3, 12, 46.60
1701157736, 1, 788, 794, 647, 1, 2.70%, 0, 3, 12, 36.54
1701157772, 1, 788, 795, 648, 1, 2.72%, 0, 3, 12, 32.80
1701157802, 1, 793, 795, 647, 2, 2.72%, 0, 3, 12, 42.06
1701157858, 1, 793, 797, 649, 2, 2.72%, 0, 3, 12, 50.80
1701157929, 1, 795, 797, 648, 1, 2.72%, 0, 3, 12, 44.94
1701157955, 1, 795, 798, 649, 1, 2.72%, 0, 3, 13, 40.72
1701158026, 1, 796, 798, 648, 0, 2.72%, 0, 3, 13, 43.54
1701158082, 1, 797, 798, 647, 0, 2.72%, 0, 3, 13, 44.47
1701158173, 2, 1, 798, 646, 0, 2.72%, 0, 3, 13, 45.71
1701158204, 2, 1, 799, 647, 0, 2.72%, 0, 3, 13, 47.84
1701158209, 2, 1, 800, 648, 0, 2.72%, 0, 3, 13, 47.51
1701158214, 2, 1, 803, 651, 0, 2.73%, 0, 3, 13, 50.97
1701158219, 2, 1, 804, 652, 0, 2.73%, 0, 3, 13, 51.29
1701158311, 2, 58, 804, 651, 1, 2.73%, 0, 3, 13, 44.37
1701160247, 2, 212, 804, 650, 1, 2.73%, 0, 3, 13, 39.60
1701161990, 2, 240, 804, 649, 1, 2.73%, 0, 3, 13, 42.07
1701163853, 2, 242, 804, 648, 1, 2.73%, 0, 3, 13, 47.09
1701165688, 2, 374, 804, 647, 1, 2.73%, 0, 3, 13, 43.21
1701165694, 2, 659, 804, 647, 1, 2.73%, 0, 3, 13, 43.67
1701165785, 2, 659, 805, 648, 1, 2.73%, 0, 3, 13, 46.17
1701166025, 2, 659, 806, 649, 1, 2.73%, 0, 3, 13, 28.20
1701166035, 2, 659, 809, 652, 1, 2.73%, 0, 3, 13, 33.89
1701166045, 2, 659, 810, 653, 1, 2.73%, 0, 3, 13, 42.73
1701166065, 2, 659, 811, 654, 1, 2.73%, 0, 3, 13, 42.76
1701166076, 2, 659, 812, 655, 1, 2.73%, 0, 3, 13, 41.11
1701166106, 2, 659, 813, 656, 1, 2.73%, 0, 3, 13, 38.46
1701166137, 2, 659, 814, 657, 1, 2.73%, 0, 3, 13, 43.57
1701166147, 2, 680, 814, 656, 1, 2.73%, 0, 3, 13, 43.09
1701166152, 2, 712, 814, 656, 1, 2.73%, 0, 3, 13, 40.37
1701166316, 2, 713, 814, 655, 1, 2.73%, 0, 3, 13, 36.76
1701166484, 2, 739, 814, 654, 1, 2.73%, 0, 3, 13, 33.60
1701166490, 2, 803, 814, 654, 1, 2.73%, 0, 3, 13, 36.72
1701190248, 2, 804, 814, 653, 0, 2.73%, 0, 3, 13, 39.66
1701190553, 2, 805, 814, 652, 0, 2.73%, 0, 3, 13, 46.45
1701191702, 2, 809, 814, 651, 0, 2.73%, 0, 3, 13, 45.03
1701195747, 2, 809, 815, 652, 0, 2.73%, 0, 3, 13, 44.25
1701195762, 2, 809, 816, 653, 0, 2.73%, 0, 3, 13, 27.61
1701195768, 2, 809, 817, 654, 0, 2.73%, 0, 3, 13, 34.11
1701195803, 2, 809, 819, 656, 0, 2.73%, 0, 3, 13, 41.62
1701195808, 2, 809, 820, 657, 0, 2.73%, 0, 3, 13, 46.70
1701195823, 2, 809, 821, 658, 0, 2.73%, 0, 3, 13, 41.24
1701195849, 2, 809, 822, 659, 0, 2.73%, 0, 3, 13, 36.97
1701195859, 2, 809, 823, 660, 0, 2.73%, 0, 3, 13, 34.94
1701195864, 2, 811, 823, 659, 0, 2.73%, 0, 3, 13, 38.39
1701198150, 2, 811, 826, 662, 0, 2.73%, 0, 3, 13, 43.63
1701198180, 2, 811, 828, 664, 0, 2.73%, 0, 3, 13, 47.92
1701198185, 2, 811, 829, 665, 0, 2.73%, 0, 3, 13, 47.65
1701198196, 2, 811, 830, 666, 0, 2.73%, 0, 3, 13, 44.68
1701198221, 2, 811, 831, 667, 0, 2.73%, 0, 3, 13, 43.94
1701198262, 2, 812, 832, 667, 0, 2.73%, 0, 3, 13, 36.30
1701287456, 2, 812, 833, 668, 0, 2.73%, 0, 3, 13, 18.66
1701287517, 2, 828, 833, 667, 0, 2.73%, 0, 3, 13, 31.66
