# unix_time, cycles_done, cur_path, paths_total, pending_total, pending_favs, map_size, unique_crashes, unique_hangs, max_depth, execs_per_sec
1700597282, 0, 0, 1, 1, 1, 1.17%, 0, 0, 1, 26.06
1700597288, 0, 0, 10, 10, 1, 1.24%, 0, 0, 2, 23.25
1700597293, 0, 0, 15, 15, 1, 1.37%, 0, 0, 2, 2.83
1700597298, 0, 0, 19, 19, 1, 1.43%, 0, 0, 2, 13.07
1700597303, 0, 0, 23, 23, 1, 1.44%, 0, 0, 2, 10.19
1700597308, 0, 0, 25, 25, 1, 1.44%, 0, 0, 2, 8.17
1700597313, 0, 0, 28, 28, 1, 1.44%, 0, 0, 2, 7.61
1700597319, 0, 0, 30, 30, 1, 1.45%, 0, 0, 2, 7.25
1700597324, 0, 0, 33, 33, 1, 1.45%, 0, 0, 2, 7.45
1700597329, 0, 0, 35, 35, 1, 1.46%, 0, 0, 2, 6.40
1700597334, 0, 0, 36, 36, 1, 1.46%, 0, 0, 2, 5.78
1700597339, 0, 0, 38, 38, 1, 1.46%, 0, 0, 2, 5.92
1700597350, 0, 0, 39, 39, 1, 1.46%, 0, 0, 2, 4.08
1700597355, 0, 0, 41, 41, 1, 1.46%, 0, 0, 2, 5.42
1700597366, 0, 0, 42, 42, 1, 1.46%, 0, 0, 2, 4.01
1700597376, 0, 0, 44, 44, 1, 1.46%, 0, 0, 2, 5.20
1700597391, 0, 0, 45, 45, 1, 1.46%, 0, 0, 2, 4.59
1700597402, 0, 0, 46, 46, 1, 1.46%, 0, 0, 2, 4.24
1700597417, 0, 0, 48, 48, 1, 1.76%, 0, 0, 2, 5.33
1700597428, 0, 0, 49, 49, 1, 1.76%, 0, 0, 2, 4.43
1700597443, 0, 0, 51, 51, 1, 1.76%, 0, 0, 2, 5.11
1700597464, 0, 0, 52, 52, 1, 1.76%, 0, 0, 2, 4.24
1700597469, 0, 0, 53, 53, 1, 1.76%, 0, 0, 2, 4.58
1700597474, 0, 0, 54, 54, 1, 1.76%, 0, 0, 2, 4.75
1700597484, 0, 0, 55, 55, 1, 1.93%, 0, 0, 2, 3.49
1700597499, 0, 0, 56, 56, 1, 1.93%, 0, 0, 2, 4.88
1700597505, 0, 0, 57, 57, 1, 1.93%, 0, 0, 2, 5.23
1700597510, 0, 0, 58, 58, 1, 1.93%, 0, 0, 2, 4.61
1700597530, 0, 0, 59, 59, 1, 1.93%, 0, 0, 2, 5.21
1700597536, 0, 0, 60, 60, 1, 1.93%, 0, 0, 2, 8.68
1700597659, 0, 4, 60, 59, 10, 1.93%, 0, 0, 2, 18.35
1700597717, 0, 13, 60, 58, 8, 1.93%, 0, 0, 2, 0.44
1700597778, 0, 33, 60, 57, 8, 1.93%, 0, 0, 2, 19.05
1700597819, 0, 36, 60, 56, 7, 1.93%, 0, 0, 2, 17.37
1700597885, 0, 38, 60, 55, 6, 1.93%, 0, 0, 2, 15.84
1700597911, 0, 39, 60, 54, 5, 1.93%, 0, 0, 2, 15.74
1700597982, 0, 41, 60, 53, 4, 1.93%, 0, 0, 2, 15.10
1700598050, 0, 47, 60, 52, 3, 1.93%, 0, 0, 2, 1.44
1700598060, 0, 47, 63, 55, 3, 1.95%, 0, 0, 3, 11.77
1700598070, 0, 47, 66, 58, 3, 2.22%, 0, 0, 3, 12.68
1700598080, 0, 47, 67, 59, 3, 2.23%, 0, 0, 3, 13.41
1700598142, 0, 47, 68, 60, 3, 2.23%, 0, 0, 3, 11.97
1700598351, 0, 47, 69, 61, 3, 2.23%, 0, 0, 3, 12.13
1700598387, 0, 47, 70, 62, 3, 2.23%, 0, 0, 3, 13.35
1700598449, 0, 47, 71, 63, 3, 2.23%, 0, 0, 3, 12.84
1700598459, 0, 47, 72, 64, 3, 2.25%, 0, 0, 3, 12.17
1700598527, 0, 54, 72, 63, 9, 2.25%, 0, 0, 3, 1.26
1700598542, 0, 54, 73, 64, 9, 2.25%, 0, 0, 3, 13.76
1700598547, 0, 54, 74, 65, 9, 2.25%, 0, 0, 3, 13.67
1700598553, 0, 54, 76, 67, 9, 2.25%, 0, 0, 3, 13.06
1700598558, 0, 54, 79, 70, 9, 2.27%, 0, 0, 3, 12.91
1700598670, 0, 54, 81, 72, 9, 2.29%, 0, 0, 3, 12.89
1700598731, 0, 54, 82, 73, 9, 2.29%, 0, 0, 3, 13.17
1700598736, 0, 54, 83, 74, 9, 2.30%, 0, 0, 3, 12.44
1700599161, 0, 54, 84, 75, 9, 2.57%, 0, 0, 3, 12.72
1700599263, 0, 54, 85, 76, 9, 2.58%, 0, 0, 3, 13.34
1700599340, 0, 54, 86, 77, 9, 2.58%, 0, 0, 3, 11.97
1700599351, 0, 54, 87, 78, 9, 2.58%, 0, 0, 3, 11.31
1700599356, 0, 54, 88, 79, 9, 2.58%, 0, 0, 3, 11.43
1700599361, 0, 54, 89, 80, 9, 2.58%, 0, 0, 3, 11.51
1700599366, 0, 54, 90, 81, 9, 2.58%, 0, 0, 3, 11.51
1700599407, 0, 54, 92, 83, 9, 2.71%, 0, 0, 3, 11.88
1700599463, 0, 54, 93, 84, 9, 2.71%, 0, 0, 3, 11.47
1700599509, 0, 54, 94, 85, 9, 2.71%, 0, 0, 3, 11.64
1700599520, 0, 54, 95, 86, 9, 2.71%, 0, 0, 3, 11.37
1700599530, 0, 54, 96, 87, 9, 2.73%, 0, 0, 3, 11.22
1700599535, 0, 54, 97, 88, 9, 2.73%, 0, 0, 3, 11.49
1700599555, 0, 54, 98, 89, 9, 2.73%, 0, 0, 3, 11.73
1700599575, 0, 54, 99, 90, 9, 2.73%, 0, 0, 3, 11.41
1700599591, 0, 54, 100, 91, 9, 2.74%, 0, 0, 3, 11.68
1700599596, 0, 54, 101, 92, 9, 3.23%, 0, 0, 3, 11.47
1700599657, 0, 54, 102, 93, 9, 3.23%, 0, 0, 3, 11.58
1700599694, 0, 54, 103, 94, 9, 3.23%, 0, 0, 3, 11.67
1700599709, 0, 54, 104, 95, 9, 3.23%, 0, 0, 3, 11.29
1700599745, 0, 54, 105, 96, 9, 3.23%, 0, 0, 3, 11.60
1700599833, 0, 54, 106, 97, 9, 3.26%, 0, 0, 3, 11.24
1700599848, 0, 54, 107, 98, 9, 4.00%, 0, 0, 3, 11.53
1700599900, 0, 54, 108, 99, 9, 4.00%, 0, 0, 3, 10.71
1700599905, 0, 54, 109, 100, 9, 4.02%, 0, 0, 3, 11.43
1700599947, 0, 54, 110, 101, 9, 4.02%, 0, 0, 3, 11.19
1700599977, 0, 54, 112, 103, 9, 4.04%, 0, 0, 3, 11.96
1700600121, 0, 54, 113, 104, 9, 4.04%, 0, 0, 3, 11.40
1700600433, 0, 57, 113, 103, 24, 4.04%, 0, 0, 3, 0.88
1700600806, 0, 57, 114, 104, 24, 4.05%, 0, 0, 3, 12.51
1700600863, 0, 61, 114, 103, 24, 4.05%, 0, 0, 3, 10.31
1700601299, 0, 63, 114, 102, 23, 4.05%, 0, 0, 3, 10.46
1700601309, 0, 63, 115, 103, 23, 4.05%, 0, 0, 4, 12.25
1700601330, 0, 63, 116, 104, 23, 4.08%, 0, 0, 4, 12.17
1700601350, 0, 63, 117, 105, 23, 4.10%, 0, 0, 4, 12.79
1700601729, 0, 63, 118, 106, 23, 4.12%, 0, 0, 4, 11.50
1700601754, 0, 63, 119, 107, 23, 4.12%, 0, 0, 4, 11.44
1700601759, 0, 63, 120, 108, 23, 4.12%, 0, 0, 4, 11.17
1700601922, 0, 63, 121, 109, 23, 4.12%, 0, 0, 4, 11.40
1700601928, 0, 63, 122, 110, 23, 4.13%, 0, 0, 4, 11.62
1700602322, 0, 63, 123, 111, 23, 4.15%, 0, 0, 4, 11.04
1700603180, 0, 66, 123, 110, 24, 4.15%, 0, 0, 4, 11.00
1700603615, 0, 67, 123, 109, 23, 4.15%, 0, 0, 4, 11.06
1700604050, 0, 79, 123, 108, 22, 4.15%, 0, 0, 4, 0.95
1700604076, 0, 79, 125, 110, 22, 4.15%, 0, 0, 4, 12.64
1700604112, 0, 79, 126, 111, 22, 4.15%, 0, 0, 4, 12.89
1700604684, 0, 79, 127, 112, 22, 4.53%, 0, 0, 4, 12.63
1700604904, 0, 79, 130, 115, 22, 4.53%, 0, 0, 4, 12.08
1700604935, 0, 79, 131, 116, 22, 4.53%, 0, 0, 4, 11.78
1700605023, 0, 79, 132, 117, 22, 4.53%, 0, 0, 4, 12.19
1700605319, 0, 79, 133, 118, 22, 4.53%, 0, 0, 4, 12.44
1700605324, 0, 79, 134, 119, 22, 4.53%, 0, 0, 4, 12.35
1700605386, 0, 79, 135, 120, 22, 4.53%, 0, 0, 4, 11.86
1700605401, 0, 79, 136, 121, 22, 4.53%, 0, 0, 4, 11.70
1700605468, 0, 79, 137, 122, 22, 4.53%, 0, 0, 4, 11.87
1700605483, 0, 79, 138, 123, 22, 4.53%, 0, 0, 4, 11.68
1700605689, 0, 79, 139, 124, 22, 4.53%, 0, 0, 4, 12.25
1700606012, 0, 79, 140, 125, 22, 4.54%, 0, 0, 4, 11.82
1700606264, 0, 79, 141, 126, 22, 4.54%, 0, 0, 4, 11.98
1700606269, 0, 81, 141, 125, 22, 4.54%, 0, 0, 4, 13.20
1700606638, 0, 81, 142, 126, 22, 4.54%, 0, 0, 4, 14.37
1700607011, 0, 81, 143, 127, 22, 4.54%, 0, 0, 4, 12.66
1700607021, 0, 81, 144, 128, 22, 4.54%, 0, 0, 4, 12.11
1700607062, 0, 81, 145, 129, 22, 4.54%, 0, 0, 4, 11.65
1700607364, 0, 82, 145, 128, 23, 4.54%, 0, 0, 4, 11.51
1700608040, 0, 82, 146, 129, 23, 4.55%, 0, 0, 4, 13.89
1700608127, 0, 82, 148, 131, 23, 4.55%, 0, 0, 4, 12.36
1700608163, 0, 82, 149, 132, 23, 4.55%, 0, 0, 4, 11.94
1700608214, 0, 82, 150, 133, 23, 4.55%, 0, 0, 4, 11.76
1700608400, 0, 82, 151, 134, 23, 4.55%, 0, 0, 4, 11.99
1700608882, 0, 82, 152, 135, 23, 4.55%, 0, 0, 4, 11.71
1700609184, 0, 82, 153, 136, 23, 4.55%, 0, 0, 4, 12.53
1700609200, 0, 82, 154, 137, 23, 4.55%, 0, 0, 4, 12.52
1700609343, 0, 82, 155, 138, 23, 4.57%, 0, 0, 4, 11.51
1700609518, 0, 90, 155, 137, 25, 4.57%, 0, 0, 4, 12.38
1700609847, 0, 90, 156, 138, 25, 4.58%, 0, 0, 4, 12.59
1700609862, 0, 90, 157, 139, 25, 4.58%, 0, 0, 4, 13.95
1700609980, 0, 93, 157, 138, 25, 4.58%, 0, 0, 4, 11.41
1700610682, 0, 99, 157, 137, 24, 4.58%, 0, 0, 4, 12.12
1700611204, 0, 99, 158, 138, 24, 4.59%, 0, 0, 4, 13.64
1700611430, 0, 99, 159, 139, 24, 4.59%, 0, 0, 4, 12.03
1700611512, 0, 102, 159, 138, 24, 4.59%, 0, 0, 4, 11.18
1700611533, 0, 105, 159, 137, 23, 4.59%, 0, 0, 4, 10.57
1700611605, 0, 106, 159, 136, 22, 4.59%, 0, 0, 4, 10.78
1700612525, 0, 106, 160, 137, 22, 4.62%, 0, 0, 4, 11.11
1700613252, 0, 106, 161, 138, 22, 4.63%, 0, 0, 4, 11.94
1700614025, 0, 108, 162, 138, 22, 4.63%, 0, 0, 4, 11.05
1700614349, 0, 108, 163, 139, 22, 4.64%, 0, 0, 4, 11.54
1700614668, 0, 108, 164, 140, 22, 4.64%, 0, 0, 4, 12.28
1700614786, 0, 108, 165, 141, 22, 4.64%, 0, 0, 4, 11.37
1700615094, 0, 113, 165, 140, 25, 4.64%, 0, 0, 4, 10.43
1700615557, 0, 115, 165, 139, 24, 4.64%, 0, 0, 4, 11.19
1700616064, 0, 116, 165, 138, 23, 4.64%, 0, 0, 4, 10.91
1700616572, 0, 119, 165, 137, 22, 4.64%, 0, 0, 4, 11.71
1700616588, 0, 119, 166, 138, 22, 4.65%, 0, 0, 5, 13.04
1700616649, 0, 119, 167, 139, 22, 4.65%, 0, 0, 5, 13.56
1700616762, 0, 119, 168, 140, 22, 4.67%, 0, 0, 5, 13.41
1700616767, 0, 119, 170, 142, 22, 4.68%, 0, 0, 5, 13.79
1700617380, 0, 119, 171, 143, 22, 4.69%, 0, 0, 5, 14.03
1700617437, 0, 119, 172, 144, 22, 4.69%, 0, 0, 5, 11.97
1700617571, 0, 119, 173, 145, 22, 4.70%, 0, 0, 5, 12.49
1700617627, 0, 119, 175, 147, 22, 4.72%, 0, 0, 5, 11.78
1700617888, 0, 119, 176, 148, 22, 4.73%, 0, 0, 5, 12.18
1700618281, 0, 119, 177, 149, 22, 4.73%, 0, 0, 5, 12.06
1700618374, 0, 119, 178, 150, 22, 4.74%, 0, 0, 5, 11.90
1700618697, 0, 119, 179, 151, 22, 4.75%, 0, 0, 5, 11.64
1700618815, 0, 120, 179, 150, 29, 4.75%, 0, 0, 5, 11.14
1700619291, 0, 126, 179, 149, 28, 4.75%, 0, 0, 5, 11.01
1700619316, 0, 126, 180, 150, 28, 4.76%, 0, 0, 5, 13.11
1700620151, 0, 126, 181, 151, 28, 4.77%, 0, 0, 5, 12.02
1700620161, 0, 126, 183, 153, 28, 4.77%, 0, 0, 5, 12.03
1700620366, 0, 126, 184, 154, 28, 4.77%, 0, 0, 5, 11.51
1700620372, 0, 126, 185, 155, 28, 4.77%, 0, 0, 5, 11.65
1700620438, 0, 126, 186, 156, 28, 4.77%, 0, 0, 5, 11.93
1700620443, 0, 126, 187, 157, 28, 4.78%, 0, 0, 5, 11.70
1700620607, 0, 126, 188, 158, 28, 4.78%, 0, 0, 5, 11.82
1700620761, 0, 126, 189, 159, 28, 4.78%, 0, 0, 5, 12.23
1700620817, 0, 126, 190, 160, 28, 4.78%, 0, 0, 5, 12.10
1700620833, 0, 126, 191, 161, 28, 4.78%, 0, 0, 5, 12.53
1700620858, 0, 126, 192, 162, 28, 4.78%, 0, 0, 5, 12.04
1700621192, 0, 135, 192, 161, 31, 4.78%, 0, 0, 5, 11.63
1700621197, 0, 135, 193, 162, 31, 4.78%, 0, 0, 5, 11.60
1700621254, 0, 135, 194, 163, 31, 4.78%, 0, 0, 5, 12.08
1700621387, 0, 135, 195, 164, 31, 4.79%, 0, 0, 5, 11.82
1700622738, 0, 135, 197, 166, 31, 4.80%, 0, 0, 5, 11.31
1700622804, 0, 135, 198, 167, 31, 4.80%, 0, 0, 5, 11.69
1700622809, 0, 135, 199, 168, 31, 4.80%, 0, 0, 5, 11.87
1700622912, 0, 135, 200, 169, 31, 4.81%, 0, 0, 5, 11.73
1700623009, 0, 135, 201, 170, 31, 4.81%, 0, 0, 5, 11.35
1700623081, 0, 135, 202, 171, 31, 4.81%, 0, 0, 5, 11.33
1700623245, 0, 135, 203, 172, 31, 4.81%, 0, 0, 5, 11.62
1700623353, 0, 135, 204, 173, 31, 4.81%, 0, 0, 5, 11.87
1700623379, 0, 135, 205, 174, 31, 4.81%, 0, 0, 5, 11.37
1700624137, 0, 136, 205, 173, 37, 4.81%, 0, 0, 5, 11.23
1700625062, 0, 139, 205, 172, 36, 4.81%, 0, 0, 5, 10.79
1700625068, 0, 139, 206, 173, 36, 4.82%, 0, 0, 5, 11.43
1700627629, 0, 141, 206, 172, 36, 4.82%, 0, 0, 5, 11.99
1700628285, 0, 141, 207, 173, 36, 4.82%, 0, 0, 5, 14.76
1700628418, 0, 141, 208, 174, 36, 4.82%, 0, 0, 5, 12.85
1700628479, 0, 141, 209, 175, 36, 4.82%, 0, 0, 5, 12.07
1700628562, 0, 141, 210, 176, 36, 4.82%, 0, 0, 5, 12.01
1700629083, 0, 141, 211, 177, 36, 4.82%, 0, 0, 5, 12.33
1700629823, 0, 145, 211, 176, 37, 4.82%, 0, 0, 5, 11.20
1700630723, 0, 153, 211, 175, 36, 4.82%, 0, 0, 5, 10.38
1700630759, 0, 154, 211, 174, 35, 4.82%, 0, 0, 5, 11.06
1700630789, 0, 154, 212, 175, 35, 4.84%, 0, 0, 5, 11.88
1700630918, 0, 154, 213, 176, 35, 4.85%, 0, 0, 5, 10.95
1700631278, 0, 155, 213, 175, 36, 4.85%, 0, 0, 5, 10.85
1700631339, 0, 156, 213, 174, 35, 4.85%, 0, 0, 5, 10.83
1700631917, 0, 159, 213, 173, 34, 4.85%, 0, 0, 5, 10.70
