# unix_time, cycles_done, cur_path, paths_total, pending_total, pending_favs, map_size, unique_crashes, unique_hangs, max_depth, execs_per_sec
1701470823, 0, 0, 1, 1, 1, 1.74%, 0, 0, 1, 5.75
1701470828, 0, 0, 6, 6, 1, 1.77%, 0, 0, 2, 7.16
1701470833, 0, 0, 9, 9, 1, 1.78%, 0, 0, 2, 6.33
1701470838, 0, 0, 12, 12, 1, 1.78%, 0, 0, 2, 6.17
1701470843, 0, 0, 14, 14, 1, 1.78%, 0, 0, 2, 5.40
1701470848, 0, 0, 17, 17, 1, 1.79%, 0, 0, 2, 6.05
1701470853, 0, 0, 21, 21, 1, 1.79%, 0, 0, 2, 6.55
1701470858, 0, 0, 24, 24, 1, 1.90%, 0, 0, 2, 7.18
1701470863, 0, 0, 27, 27, 1, 1.90%, 0, 0, 2, 7.62
1701470869, 0, 0, 31, 31, 1, 1.90%, 0, 0, 2, 8.61
1701470874, 0, 0, 35, 35, 1, 1.91%, 0, 0, 2, 10.53
1701470879, 0, 0, 38, 38, 1, 1.92%, 0, 0, 2, 10.05
1701470884, 0, 0, 42, 42, 1, 1.92%, 0, 0, 2, 11.59
1701470889, 0, 0, 45, 45, 1, 1.93%, 0, 0, 2, 13.38
1701470894, 0, 0, 48, 48, 1, 1.93%, 0, 0, 2, 13.20
1701470899, 0, 0, 51, 51, 1, 1.93%, 0, 0, 2, 12.63
1701470904, 0, 0, 53, 53, 1, 1.93%, 0, 0, 2, 13.29
1701470909, 0, 0, 56, 56, 1, 1.94%, 0, 0, 2, 13.15
1701470915, 0, 0, 59, 59, 1, 2.01%, 0, 0, 2, 16.82
1701470930, 0, 0, 60, 60, 1, 2.01%, 0, 0, 2, 14.52
1701470950, 0, 0, 61, 61, 1, 2.01%, 0, 0, 2, 18.08
1701471012, 0, 0, 62, 62, 1, 2.01%, 0, 0, 2, 14.66
1701471073, 0, 0, 63, 63, 1, 2.01%, 0, 0, 2, 18.80
1701471079, 0, 0, 64, 64, 1, 2.01%, 0, 0, 2, 18.48
1701471135, 0, 0, 65, 65, 1, 2.01%, 0, 0, 2, 23.66
1701471140, 0, 0, 66, 66, 1, 2.01%, 0, 0, 2, 23.32
1701471171, 0, 0, 67, 67, 1, 2.01%, 0, 0, 2, 20.95
1701471176, 0, 0, 69, 69, 1, 2.02%, 0, 0, 2, 23.82
1701471283, 0, 0, 71, 71, 1, 2.02%, 0, 0, 2, 21.20
1701471304, 0, 0, 72, 72, 1, 2.02%, 0, 0, 2, 16.82
1701471396, 0, 0, 73, 73, 1, 2.02%, 0, 0, 2, 19.07
1701471528, 0, 0, 77, 77, 1, 2.02%, 0, 0, 2, 13.90
1701471538, 0, 0, 79, 79, 1, 2.02%, 0, 0, 2, 13.18
1701471543, 0, 0, 83, 83, 1, 2.02%, 0, 0, 2, 17.44
1701471548, 0, 0, 85, 85, 1, 2.02%, 0, 0, 2, 16.25
1701471554, 0, 0, 86, 86, 1, 2.02%, 0, 0, 2, 14.55
1701471559, 0, 0, 88, 88, 1, 2.02%, 0, 0, 2, 19.37
1701471564, 0, 0, 92, 92, 1, 2.02%, 0, 0, 2, 20.40
1701471569, 0, 0, 95, 95, 1, 2.02%, 0, 0, 2, 15.79
1701471574, 0, 0, 97, 97, 1, 2.02%, 0, 0, 2, 15.26
1701471579, 0, 0, 99, 99, 1, 2.02%, 0, 0, 2, 17.53
1701471589, 0, 0, 101, 101, 1, 2.02%, 0, 0, 2, 14.82
1701471594, 0, 0, 102, 102, 1, 2.02%, 0, 0, 2, 18.45
1701471599, 0, 0, 105, 105, 1, 2.02%, 0, 0, 2, 19.59
1701471605, 0, 0, 108, 108, 1, 2.02%, 0, 0, 2, 16.89
1701471610, 0, 0, 110, 110, 1, 2.02%, 0, 0, 2, 19.97
1701471620, 0, 0, 111, 111, 1, 2.02%, 0, 0, 2, 20.05
1701471625, 0, 0, 112, 112, 1, 2.02%, 0, 0, 2, 21.43
1701471651, 0, 0, 113, 113, 1, 2.02%, 0, 0, 2, 22.03
1701471656, 0, 0, 114, 114, 1, 2.02%, 0, 0, 2, 21.29
1701471661, 0, 0, 115, 115, 1, 2.02%, 0, 0, 2, 19.81
1701471671, 0, 0, 116, 116, 1, 2.02%, 0, 0, 2, 19.92
1701471676, 0, 0, 117, 117, 1, 2.02%, 0, 0, 2, 21.13
1701471681, 0, 0, 119, 119, 1, 2.43%, 0, 0, 2, 21.21
1701471686, 0, 15, 119, 118, 24, 2.43%, 0, 0, 2, 16.47
1701471692, 0, 25, 119, 117, 23, 2.43%, 0, 0, 2, 19.75
1701472335, 0, 25, 121, 119, 23, 2.43%, 0, 0, 3, 13.28
1701472340, 0, 25, 122, 120, 23, 2.43%, 0, 0, 3, 14.22
1701472345, 0, 25, 123, 121, 23, 2.43%, 0, 0, 3, 15.23
1701472351, 0, 25, 126, 124, 23, 2.43%, 0, 0, 3, 21.20
1701472356, 0, 25, 128, 126, 23, 2.43%, 0, 0, 3, 18.84
1701472371, 0, 25, 129, 127, 23, 2.43%, 0, 0, 3, 19.56
1701472381, 0, 25, 131, 129, 23, 2.43%, 0, 0, 3, 19.28
1701472386, 0, 25, 132, 130, 23, 2.43%, 0, 0, 3, 17.94
1701472402, 0, 25, 133, 131, 23, 2.43%, 0, 0, 3, 20.80
1701472412, 0, 25, 134, 132, 23, 2.43%, 0, 0, 3, 21.46
1701472427, 0, 25, 136, 134, 23, 2.43%, 0, 0, 3, 18.80
1701472438, 0, 25, 138, 136, 23, 2.43%, 0, 0, 3, 19.38
1701472448, 0, 25, 139, 137, 23, 2.43%, 0, 0, 3, 15.65
1701472453, 0, 25, 140, 138, 23, 2.43%, 0, 0, 3, 18.67
1701472458, 0, 25, 141, 139, 23, 2.43%, 0, 0, 3, 15.76
1701472468, 0, 25, 142, 140, 23, 2.44%, 0, 0, 3, 21.14
1701472489, 0, 25, 143, 141, 23, 2.44%, 0, 0, 3, 14.88
1701472499, 0, 25, 144, 142, 23, 2.44%, 0, 0, 3, 20.92
1701472509, 0, 25, 145, 143, 23, 2.44%, 0, 0, 3, 18.23
1701472514, 0, 25, 146, 144, 23, 2.44%, 0, 0, 3, 17.26
1701472519, 0, 29, 148, 145, 21, 2.44%, 0, 0, 3, 15.58
1701472555, 0, 31, 148, 144, 20, 2.44%, 0, 0, 3, 17.80
1701472565, 0, 31, 149, 145, 20, 2.44%, 0, 0, 3, 19.68
1701472575, 0, 32, 149, 144, 19, 2.44%, 0, 0, 3, 16.15
1701472831, 0, 32, 150, 145, 19, 2.44%, 0, 0, 3, 16.90
1701473016, 0, 32, 152, 147, 19, 2.44%, 0, 0, 3, 16.39
1701473021, 0, 32, 153, 148, 19, 2.44%, 0, 0, 3, 16.57
1701473036, 0, 32, 154, 149, 19, 2.44%, 0, 0, 3, 17.85
1701473047, 0, 32, 155, 150, 19, 2.44%, 0, 0, 3, 16.73
1701473067, 0, 32, 156, 151, 19, 2.44%, 0, 0, 3, 16.94
1701473077, 0, 32, 158, 153, 19, 2.44%, 0, 0, 3, 21.10
1701473118, 0, 32, 159, 154, 19, 2.44%, 0, 0, 3, 18.90
1701473154, 0, 32, 160, 155, 19, 2.44%, 0, 0, 3, 17.71
1701473159, 0, 32, 162, 157, 19, 2.44%, 0, 0, 3, 20.94
1701473164, 0, 32, 163, 158, 19, 2.44%, 0, 0, 3, 18.29
1701473179, 0, 32, 164, 159, 19, 2.44%, 0, 0, 3, 14.85
1701473185, 0, 32, 165, 160, 19, 2.44%, 0, 0, 3, 13.42
1701473195, 0, 42, 165, 159, 21, 2.44%, 0, 0, 3, 16.36
1701473590, 0, 43, 165, 158, 20, 2.44%, 0, 0, 3, 14.15
1701473600, 0, 43, 166, 159, 20, 2.44%, 0, 0, 3, 14.69
1701473605, 0, 43, 168, 161, 20, 2.44%, 0, 0, 3, 17.92
1701474301, 0, 43, 169, 162, 20, 2.44%, 0, 0, 3, 14.60
1701474306, 0, 43, 170, 163, 20, 2.44%, 0, 0, 3, 17.64
1701474316, 0, 43, 171, 164, 20, 2.44%, 0, 0, 3, 19.34
1701474337, 0, 43, 172, 165, 20, 2.44%, 0, 0, 3, 13.48
1701474368, 0, 43, 173, 166, 20, 2.44%, 0, 0, 3, 22.38
1701474393, 0, 43, 174, 167, 20, 2.44%, 0, 0, 3, 16.57
1701474409, 0, 43, 175, 168, 20, 2.44%, 0, 0, 3, 15.35
1701474459, 0, 43, 177, 170, 20, 2.44%, 0, 0, 3, 16.04
1701474480, 0, 43, 178, 171, 20, 2.44%, 0, 0, 3, 12.62
1701474485, 0, 48, 178, 170, 21, 2.44%, 0, 0, 3, 17.26
1701474905, 0, 53, 178, 169, 20, 2.44%, 0, 0, 3, 20.88
1701475002, 0, 54, 178, 168, 19, 2.44%, 0, 0, 3, 19.96
1701475361, 0, 59, 178, 167, 18, 2.44%, 0, 0, 3, 19.69
1701475386, 0, 63, 178, 166, 17, 2.44%, 0, 0, 3, 22.93
1701475658, 0, 63, 179, 167, 17, 2.44%, 0, 0, 3, 13.48
1701475663, 0, 63, 180, 168, 17, 2.44%, 0, 0, 3, 16.03
1701476011, 0, 64, 180, 167, 16, 2.44%, 0, 0, 3, 20.20
1701476589, 0, 68, 180, 166, 16, 2.44%, 0, 0, 3, 17.78
1701477187, 0, 68, 181, 167, 16, 2.44%, 0, 0, 3, 15.76
1701477192, 0, 68, 182, 168, 16, 2.44%, 0, 0, 3, 13.16
1701477218, 0, 76, 182, 167, 15, 2.44%, 0, 0, 3, 12.60
1701477857, 0, 78, 182, 166, 15, 2.44%, 0, 0, 3, 15.63
1701478424, 0, 96, 182, 165, 15, 2.44%, 0, 0, 3, 17.80
1701478895, 0, 96, 183, 166, 15, 2.44%, 0, 0, 3, 14.25
1701478905, 0, 113, 183, 165, 15, 2.44%, 0, 0, 3, 14.56
1701478920, 0, 113, 184, 166, 15, 2.44%, 0, 0, 3, 21.32
1701478926, 0, 113, 185, 167, 15, 2.44%, 0, 0, 3, 17.16
1701479376, 0, 117, 185, 166, 15, 2.44%, 0, 0, 3, 7.64
1701479447, 0, 117, 190, 171, 15, 2.54%, 0, 0, 3, 12.71
1701479453, 0, 117, 196, 177, 15, 2.60%, 0, 0, 3, 11.45
1701479458, 0, 117, 199, 180, 15, 2.67%, 0, 0, 3, 12.51
1701479463, 0, 117, 204, 185, 15, 2.70%, 0, 0, 3, 11.44
1701479468, 0, 117, 208, 189, 15, 2.71%, 0, 0, 3, 10.37
1701479473, 0, 117, 212, 193, 15, 2.72%, 0, 0, 3, 11.12
1701479478, 0, 117, 218, 199, 15, 2.72%, 0, 0, 3, 14.29
1701479565, 0, 117, 220, 201, 15, 2.72%, 0, 0, 3, 12.87
1701479570, 0, 117, 221, 202, 15, 2.74%, 0, 0, 3, 13.32
1701479575, 0, 117, 222, 203, 15, 2.74%, 0, 0, 3, 14.16
1701479647, 0, 117, 224, 205, 15, 2.74%, 0, 0, 3, 12.81
1701479652, 0, 117, 225, 206, 15, 2.75%, 0, 0, 3, 12.68
1701479657, 0, 117, 227, 208, 15, 2.75%, 0, 0, 3, 16.08
1701479872, 0, 117, 228, 209, 15, 2.75%, 0, 0, 3, 18.66
1701479877, 0, 117, 231, 212, 15, 2.76%, 0, 0, 3, 17.03
1701479883, 0, 117, 233, 214, 15, 2.76%, 0, 0, 3, 15.73
1701479903, 0, 117, 234, 215, 15, 2.76%, 0, 0, 3, 13.49
1701479913, 0, 117, 235, 216, 15, 2.76%, 0, 0, 3, 13.74
1701479918, 0, 117, 236, 217, 15, 2.76%, 0, 0, 3, 14.99
1701479923, 0, 117, 237, 218, 15, 2.76%, 0, 0, 3, 14.17
1701479929, 0, 117, 239, 220, 15, 2.76%, 0, 0, 3, 15.60
1701479934, 0, 117, 241, 222, 15, 2.76%, 0, 0, 3, 15.14
1701479939, 0, 117, 242, 223, 15, 2.76%, 0, 0, 3, 14.17
1701479944, 0, 117, 243, 224, 15, 2.76%, 0, 0, 3, 13.31
1701479949, 0, 117, 244, 225, 15, 2.76%, 0, 0, 3, 10.07
1701479954, 0, 117, 245, 226, 15, 2.77%, 0, 0, 3, 10.34
1701479959, 0, 117, 247, 228, 15, 2.77%, 0, 0, 3, 9.88
1701479964, 0, 117, 249, 230, 15, 2.77%, 0, 0, 3, 10.57
1701479969, 0, 117, 250, 231, 15, 2.77%, 0, 0, 3, 13.65
1701480020, 0, 117, 251, 232, 15, 2.77%, 0, 0, 3, 16.43
1701480138, 0, 117, 252, 233, 15, 2.77%, 0, 0, 3, 12.11
1701480359, 0, 117, 255, 236, 15, 2.77%, 0, 0, 3, 17.25
1701480420, 0, 117, 258, 239, 15, 2.77%, 0, 0, 3, 16.97
1701480425, 0, 117, 259, 240, 15, 2.77%, 0, 0, 3, 14.45
1701480431, 0, 117, 260, 241, 15, 2.77%, 0, 0, 3, 17.17
1701480436, 0, 117, 263, 244, 15, 2.77%, 0, 0, 3, 13.86
1701480441, 0, 117, 265, 246, 15, 2.78%, 0, 0, 3, 18.86
1701480446, 0, 117, 268, 249, 15, 2.78%, 0, 0, 3, 17.95
1701480451, 0, 117, 271, 252, 15, 2.78%, 0, 0, 3, 17.57
1701480462, 0, 117, 273, 254, 15, 2.78%, 0, 0, 3, 12.56
1701480467, 0, 117, 276, 257, 15, 2.78%, 0, 0, 3, 13.43
1701480472, 0, 117, 278, 259, 15, 2.78%, 0, 0, 3, 13.33
1701480477, 0, 117, 280, 261, 15, 2.78%, 0, 0, 3, 14.19
1701480482, 0, 117, 281, 262, 15, 2.79%, 0, 0, 3, 13.44
1701480487, 0, 117, 282, 263, 15, 2.79%, 0, 0, 3, 14.04
1701480502, 0, 117, 283, 264, 15, 2.79%, 0, 0, 3, 15.88
1701480512, 0, 117, 284, 265, 15, 2.79%, 0, 0, 3, 14.67
1701480523, 0, 117, 285, 266, 15, 2.79%, 0, 0, 3, 15.95
1701480538, 0, 117, 286, 267, 15, 2.79%, 0, 0, 3, 17.33
1701480543, 0, 117, 287, 268, 15, 2.79%, 0, 0, 3, 13.90
1701480559, 0, 117, 290, 271, 15, 2.79%, 0, 0, 3, 16.31
1701480569, 0, 117, 291, 272, 15, 2.79%, 0, 0, 3, 16.83
1701480574, 0, 117, 292, 273, 15, 2.79%, 0, 0, 3, 13.76
1701480584, 0, 117, 293, 274, 15, 2.79%, 0, 0, 3, 15.77
1701480595, 0, 117, 294, 275, 15, 2.79%, 0, 0, 3, 12.90
1701480610, 0, 117, 296, 277, 15, 2.79%, 0, 0, 3, 11.63
1701480631, 0, 117, 297, 278, 15, 2.79%, 0, 0, 3, 18.90
1701480636, 0, 117, 299, 280, 15, 2.79%, 0, 0, 3, 18.63
1701480646, 0, 117, 300, 281, 15, 2.79%, 0, 0, 3, 16.59
1701480666, 0, 122, 300, 280, 35, 2.79%, 0, 0, 3, 14.41
1701481562, 0, 122, 301, 281, 35, 2.79%, 0, 0, 4, 15.68
1701481567, 0, 122, 302, 282, 35, 2.79%, 0, 0, 4, 15.77
1701481572, 0, 122, 303, 283, 35, 2.79%, 0, 0, 4, 16.23
1701481593, 0, 122, 304, 284, 35, 2.79%, 0, 0, 4, 17.60
1701481608, 0, 122, 305, 285, 35, 2.79%, 0, 0, 4, 15.26
1701481613, 0, 122, 306, 286, 35, 2.79%, 0, 0, 4, 13.90
1701481624, 0, 122, 307, 287, 35, 2.79%, 0, 0, 4, 12.54
1701481644, 0, 122, 308, 288, 35, 2.79%, 0, 0, 4, 20.31
1701481649, 0, 122, 309, 289, 35, 2.79%, 0, 0, 4, 21.33
1701481659, 0, 122, 310, 290, 35, 2.79%, 0, 0, 4, 19.67
1701481685, 0, 122, 311, 291, 35, 2.79%, 0, 0, 4, 18.39
1701481756, 0, 141, 311, 290, 35, 2.79%, 0, 0, 4, 0.89
1701481838, 0, 141, 312, 291, 35, 2.79%, 0, 0, 4, 16.51
1701482386, 0, 141, 314, 293, 35, 2.79%, 0, 0, 4, 21.49
1701482407, 0, 145, 314, 292, 36, 2.79%, 0, 0, 4, 16.81
1701482427, 0, 145, 315, 293, 36, 2.79%, 0, 0, 4, 19.53
1701483025, 0, 149, 315, 292, 36, 2.79%, 0, 0, 4, 19.85
1701483148, 0, 149, 317, 294, 36, 2.80%, 0, 0, 4, 21.39
1701483454, 0, 151, 317, 293, 37, 2.80%, 0, 0, 4, 19.40
1701483950, 0, 151, 318, 294, 37, 2.80%, 0, 0, 4, 19.73
1701483955, 0, 153, 318, 293, 36, 2.80%, 0, 0, 4, 19.67
1701484610, 0, 162, 318, 292, 35, 2.80%, 0, 0, 4, 12.35
1701485060, 0, 162, 319, 293, 35, 2.80%, 0, 0, 4, 24.81
1701485070, 0, 164, 319, 292, 34, 2.80%, 0, 0, 4, 18.32
1701485464, 0, 164, 320, 293, 34, 2.80%, 0, 0, 4, 20.26
1701485474, 0, 164, 321, 294, 34, 2.80%, 0, 0, 4, 19.93
1701485484, 0, 167, 321, 293, 33, 2.80%, 0, 0, 4, 18.48
1701486175, 0, 167, 322, 294, 33, 2.80%, 0, 0, 4, 19.52
1701486185, 0, 172, 322, 293, 32, 2.80%, 0, 0, 4, 15.74
1701486780, 0, 172, 323, 294, 32, 2.80%, 0, 0, 4, 19.75
1701486790, 0, 172, 324, 295, 32, 2.80%, 0, 0, 4, 18.87
1701486806, 0, 178, 324, 294, 31, 2.80%, 0, 0, 4, 13.94
1701487062, 0, 178, 325, 295, 31, 2.80%, 0, 0, 4, 20.43
1701487430, 0, 179, 325, 294, 32, 2.80%, 0, 0, 4, 21.04
1701488049, 0, 179, 326, 295, 32, 2.80%, 0, 0, 4, 16.97
1701488054, 0, 179, 327, 296, 32, 2.80%, 0, 0, 4, 18.18
1701488080, 0, 183, 327, 295, 33, 2.80%, 0, 0, 4, 13.56
1701488612, 0, 192, 327, 294, 32, 2.80%, 0, 0, 4, 1.46
1701488694, 0, 192, 328, 295, 32, 2.80%, 0, 0, 4, 13.13
1701489114, 0, 192, 329, 296, 32, 2.80%, 0, 0, 4, 17.01
1701489615, 0, 192, 330, 297, 32, 2.80%, 0, 0, 4, 12.94
1701489625, 0, 193, 330, 296, 32, 2.80%, 0, 0, 4, 17.92
1701490139, 0, 193, 331, 297, 32, 2.80%, 0, 0, 4, 10.46
1701490661, 0, 193, 332, 298, 32, 2.80%, 0, 0, 4, 17.85
1701490671, 0, 197, 332, 297, 32, 2.80%, 0, 0, 4, 13.99
1701490743, 0, 197, 333, 298, 32, 2.80%, 0, 0, 4, 14.59
1701490880, 0, 197, 334, 299, 32, 2.80%, 0, 0, 4, 18.33
1701491541, 0, 197, 335, 300, 32, 2.80%, 0, 0, 4, 14.17
1701491556, 0, 215, 335, 299, 32, 2.80%, 0, 0, 4, 14.48
1701491643, 0, 215, 337, 301, 32, 2.80%, 0, 0, 4, 11.72
1701492141, 0, 215, 338, 302, 32, 2.80%, 0, 0, 4, 15.07
1701492167, 0, 215, 339, 303, 32, 2.80%, 0, 0, 4, 11.99
1701492700, 0, 215, 340, 304, 32, 2.80%, 0, 0, 4, 16.19
1701492705, 0, 220, 340, 303, 31, 2.80%, 0, 0, 4, 17.34
1701492889, 0, 220, 343, 306, 31, 2.81%, 0, 0, 4, 13.12
1701493249, 0, 220, 345, 308, 31, 2.81%, 0, 0, 4, 11.23
1701493254, 0, 220, 346, 309, 31, 2.81%, 0, 0, 4, 13.68
1701493357, 0, 220, 348, 311, 31, 2.82%, 0, 0, 4, 15.12
1701493766, 0, 228, 348, 310, 35, 2.82%, 0, 0, 4, 13.50
1701493837, 0, 228, 349, 311, 35, 2.82%, 0, 0, 4, 15.31
1701493925, 0, 228, 350, 312, 35, 2.83%, 0, 0, 4, 12.44
1701494012, 0, 228, 351, 313, 35, 2.83%, 0, 0, 4, 13.52
1701494258, 0, 228, 352, 314, 35, 2.84%, 0, 0, 4, 14.70
1701494642, 0, 228, 354, 316, 35, 2.84%, 0, 0, 4, 17.17
1701494663, 0, 239, 354, 315, 38, 2.84%, 0, 0, 4, 15.95
1701494735, 0, 239, 355, 316, 38, 2.84%, 0, 0, 4, 15.37
1701494740, 0, 239, 356, 317, 38, 2.84%, 0, 0, 4, 13.80
1701495164, 0, 239, 358, 319, 38, 2.85%, 0, 0, 4, 14.61
1701495624, 0, 239, 359, 320, 38, 2.85%, 0, 0, 4, 19.33
1701495629, 0, 239, 361, 322, 38, 2.85%, 0, 0, 4, 20.14
1701495639, 0, 239, 362, 323, 38, 2.85%, 0, 0, 4, 17.54
1701495644, 0, 239, 363, 324, 38, 2.85%, 0, 0, 4, 17.86
1701495654, 0, 239, 364, 325, 38, 2.85%, 0, 0, 4, 19.48
1701495680, 0, 239, 365, 326, 38, 2.85%, 0, 0, 4, 19.81
1701495686, 0, 239, 366, 327, 38, 2.85%, 0, 0, 4, 19.97
1701495701, 0, 239, 367, 328, 38, 2.85%, 0, 0, 4, 19.86
1701495732, 0, 239, 368, 329, 38, 2.85%, 0, 0, 4, 16.09
1701495737, 0, 239, 370, 331, 38, 2.85%, 0, 0, 4, 16.58
1701495747, 0, 239, 371, 332, 38, 2.85%, 0, 0, 4, 19.07
1701495757, 0, 239, 372, 333, 38, 2.85%, 0, 0, 4, 19.44
1701495793, 0, 239, 373, 334, 38, 2.85%, 0, 0, 4, 20.61
1701495804, 0, 240, 373, 333, 41, 2.85%, 0, 0, 4, 17.85
1701495870, 0, 240, 374, 334, 41, 2.85%, 0, 0, 4, 13.43
1701495875, 0, 240, 375, 335, 41, 2.85%, 0, 0, 4, 13.57
1701495880, 0, 240, 376, 336, 41, 2.85%, 0, 0, 4, 12.68
1701496315, 0, 240, 377, 337, 41, 2.85%, 0, 0, 4, 15.58
1701496797, 0, 240, 378, 338, 41, 2.85%, 0, 0, 4, 14.97
1701496807, 0, 244, 378, 337, 41, 2.85%, 0, 0, 4, 16.18
1701497832, 0, 247, 378, 336, 40, 2.85%, 0, 0, 4, 12.08
1701498882, 0, 263, 378, 335, 39, 2.85%, 0, 0, 4, 14.21
1701499900, 0, 282, 378, 334, 38, 2.85%, 0, 0, 4, 7.38
1701500458, 0, 282, 379, 335, 38, 2.85%, 0, 0, 4, 12.37
1701500996, 0, 284, 379, 334, 36, 2.85%, 0, 0, 4, 16.97
1701501227, 0, 284, 380, 335, 36, 2.85%, 0, 0, 4, 13.40
1701501520, 0, 285, 380, 334, 36, 2.85%, 0, 0, 4, 15.56
1701501540, 0, 285, 383, 337, 36, 2.85%, 0, 0, 4, 16.80
1701501550, 0, 285, 384, 338, 36, 2.85%, 0, 0, 4, 14.38
1701501581, 0, 285, 385, 339, 36, 2.85%, 0, 0, 4, 13.27
1701501596, 0, 285, 386, 340, 36, 2.85%, 0, 0, 4, 16.23
1701501780, 0, 285, 387, 341, 36, 2.85%, 0, 0, 4, 15.63
1701502036, 0, 285, 388, 342, 36, 2.85%, 0, 0, 4, 16.90
1701502277, 0, 285, 390, 344, 36, 2.85%, 0, 0, 4, 15.09
1701502298, 0, 307, 390, 343, 35, 2.85%, 0, 0, 4, 17.93
1701502374, 0, 307, 391, 344, 35, 2.85%, 0, 0, 5, 17.99
1701503087, 0, 307, 392, 345, 35, 2.85%, 0, 0, 5, 16.74
1701503102, 0, 308, 392, 344, 35, 2.85%, 0, 0, 5, 13.35
1701503399, 0, 308, 393, 345, 35, 2.85%, 0, 0, 5, 18.88
1701503578, 0, 308, 394, 346, 35, 2.85%, 0, 0, 5, 15.47
1701504034, 0, 308, 395, 347, 35, 2.85%, 0, 0, 5, 19.05
1701504054, 0, 311, 395, 346, 35, 2.85%, 0, 0, 5, 19.01
1701504705, 0, 311, 397, 348, 35, 2.85%, 0, 0, 5, 19.96
1701504710, 0, 311, 398, 349, 35, 2.85%, 0, 0, 5, 17.74
1701504792, 0, 313, 398, 348, 35, 2.85%, 0, 0, 5, 20.93
1701505226, 0, 314, 398, 347, 34, 2.85%, 0, 0, 5, 15.53
1701505821, 0, 315, 398, 346, 33, 2.85%, 0, 0, 5, 14.88
1701506266, 0, 315, 400, 348, 33, 2.85%, 0, 0, 5, 17.26
1701506276, 0, 315, 401, 349, 33, 2.85%, 0, 0, 5, 21.03
1701506296, 0, 315, 402, 350, 33, 2.85%, 0, 0, 5, 21.08
1701506388, 0, 315, 403, 351, 33, 2.85%, 0, 0, 5, 17.38
1701506439, 0, 316, 403, 350, 33, 2.85%, 0, 0, 5, 18.49
1701506863, 0, 316, 404, 351, 33, 2.85%, 0, 0, 5, 20.75
1701506889, 0, 318, 404, 350, 32, 2.85%, 0, 0, 5, 17.53
1701506986, 0, 321, 404, 349, 31, 2.85%, 0, 0, 5, 11.36
1701507011, 0, 321, 405, 350, 31, 2.85%, 0, 0, 5, 19.92
1701507016, 0, 321, 406, 351, 31, 2.85%, 0, 0, 5, 17.74
1701507022, 0, 321, 407, 352, 31, 2.85%, 0, 0, 5, 16.35
1701507027, 0, 321, 409, 354, 31, 2.85%, 0, 0, 5, 12.04
1701507042, 0, 321, 411, 356, 31, 2.85%, 0, 0, 5, 14.77
1701507180, 0, 321, 412, 357, 31, 2.85%, 0, 0, 5, 16.27
1701507226, 0, 321, 413, 358, 31, 2.85%, 0, 0, 5, 14.98
1701508563, 0, 321, 414, 359, 31, 2.85%, 0, 0, 5, 11.60
1701508578, 0, 321, 415, 360, 31, 2.85%, 0, 0, 5, 15.39
1701508588, 0, 321, 417, 362, 31, 2.85%, 0, 0, 5, 15.34
1701508599, 0, 321, 418, 363, 31, 2.85%, 0, 0, 5, 12.34
1701508609, 0, 321, 419, 364, 31, 2.85%, 0, 0, 5, 14.06
1701508624, 0, 321, 420, 365, 31, 2.85%, 0, 0, 5, 12.48
1701508629, 0, 321, 423, 368, 31, 2.85%, 0, 0, 5, 11.14
1701508639, 0, 321, 424, 369, 31, 2.85%, 0, 0, 5, 12.73
1701508644, 0, 321, 426, 371, 31, 2.85%, 0, 0, 5, 13.34
1701508650, 0, 321, 427, 372, 31, 2.85%, 0, 0, 5, 15.11
1701508655, 0, 321, 428, 373, 31, 2.85%, 0, 0, 5, 14.81
1701508675, 0, 321, 429, 374, 31, 2.85%, 0, 0, 5, 15.95
1701508686, 0, 321, 430, 375, 31, 2.85%, 0, 0, 5, 15.33
1701508691, 0, 321, 431, 376, 31, 2.85%, 0, 0, 5, 17.34
1701508711, 0, 321, 432, 377, 31, 2.85%, 0, 0, 5, 17.66
1701508768, 0, 321, 433, 378, 31, 2.85%, 0, 0, 5, 14.43
1701508773, 0, 321, 434, 379, 31, 2.85%, 0, 0, 5, 16.18
1701508783, 0, 324, 434, 378, 30, 2.85%, 0, 0, 5, 18.83
1701509437, 0, 324, 435, 379, 30, 2.85%, 0, 0, 5, 18.69
1701509448, 0, 324, 436, 380, 30, 2.85%, 0, 0, 5, 17.52
1701509468, 0, 324, 437, 381, 30, 2.85%, 0, 0, 5, 17.56
1701509534, 0, 326, 437, 380, 29, 2.85%, 0, 0, 5, 17.73
1701510267, 0, 328, 437, 379, 28, 2.85%, 0, 0, 5, 16.55
1701511352, 0, 331, 437, 378, 27, 2.85%, 0, 0, 5, 7.32
1701512412, 0, 332, 437, 377, 26, 2.85%, 0, 0, 5, 13.73
1701512576, 0, 332, 438, 378, 26, 2.85%, 0, 0, 5, 14.88
1701513288, 0, 332, 439, 379, 26, 2.85%, 0, 0, 5, 16.05
1701513303, 0, 333, 439, 378, 25, 2.85%, 0, 0, 5, 16.80
1701513739, 0, 333, 440, 379, 25, 2.85%, 0, 0, 5, 14.38
1701513801, 0, 333, 441, 380, 25, 2.85%, 0, 0, 5, 15.99
1701513806, 0, 333, 442, 381, 25, 2.85%, 0, 0, 5, 16.32
1701514297, 0, 333, 443, 382, 25, 2.85%, 0, 0, 5, 12.97
1701514302, 0, 333, 444, 383, 25, 2.85%, 0, 0, 5, 13.64
1701514323, 0, 333, 445, 384, 25, 2.85%, 0, 0, 5, 17.23
1701514399, 0, 340, 445, 383, 26, 2.85%, 0, 0, 5, 15.40
1701515464, 0, 340, 446, 384, 26, 2.85%, 0, 0, 5, 13.96
1701515480, 0, 340, 447, 385, 26, 2.85%, 0, 0, 5, 17.06
1701515485, 0, 340, 448, 386, 26, 2.85%, 0, 0, 5, 14.77
1701515496, 0, 340, 449, 387, 26, 2.85%, 0, 0, 5, 16.86
1701515516, 0, 340, 450, 388, 26, 2.85%, 0, 0, 5, 11.95
1701515552, 0, 340, 451, 389, 26, 2.85%, 0, 0, 5, 12.81
1701515623, 0, 340, 452, 390, 26, 2.85%, 0, 0, 5, 16.96
1701515669, 0, 341, 452, 389, 26, 2.85%, 0, 0, 5, 17.18
1701516195, 0, 341, 453, 390, 26, 2.85%, 0, 0, 5, 16.02
1701516723, 0, 341, 454, 391, 26, 2.85%, 0, 0, 5, 16.30
1701516738, 0, 343, 454, 390, 25, 2.85%, 0, 0, 5, 14.23
1701517746, 0, 345, 454, 389, 24, 2.85%, 0, 0, 5, 16.93
1701518697, 0, 346, 454, 388, 23, 2.85%, 0, 0, 5, 17.12
1701519783, 0, 347, 454, 387, 22, 2.85%, 0, 0, 5, 17.56
1701520777, 0, 347, 455, 388, 22, 2.85%, 0, 0, 5, 18.11
1701520792, 0, 348, 455, 387, 21, 2.85%, 0, 0, 5, 17.49
1701520864, 0, 348, 456, 388, 21, 2.85%, 0, 0, 5, 13.28
1701521740, 0, 348, 457, 389, 21, 2.85%, 0, 0, 5, 17.54
1701521755, 0, 349, 457, 388, 21, 2.85%, 0, 0, 5, 17.85
1701521899, 0, 349, 458, 389, 21, 2.86%, 0, 0, 5, 19.09
1701521904, 0, 349, 459, 390, 21, 2.86%, 0, 0, 5, 18.06
1701521976, 0, 349, 460, 391, 21, 2.86%, 0, 0, 5, 16.13
1701522237, 0, 349, 461, 392, 21, 2.86%, 0, 0, 5, 14.64
1701522667, 0, 349, 463, 394, 21, 2.87%, 0, 0, 5, 18.17
1701522678, 0, 350, 463, 393, 25, 2.87%, 0, 0, 5, 16.71
1701523143, 0, 350, 464, 394, 25, 2.87%, 0, 0, 5, 15.79
1701523163, 0, 350, 465, 395, 25, 2.87%, 0, 0, 5, 14.57
1701523608, 0, 351, 465, 394, 25, 2.87%, 0, 0, 5, 17.95
1701524436, 0, 351, 466, 395, 25, 2.87%, 0, 0, 5, 16.90
1701524462, 0, 356, 466, 394, 24, 2.87%, 0, 0, 5, 2.09
1701524564, 0, 356, 467, 395, 24, 2.87%, 0, 0, 5, 13.87
1701525040, 0, 356, 468, 396, 24, 2.87%, 0, 0, 5, 16.34
1701525527, 0, 356, 469, 397, 24, 2.87%, 0, 0, 5, 11.00
1701525537, 0, 356, 470, 398, 24, 2.87%, 0, 0, 5, 13.70
1701525557, 0, 357, 470, 397, 24, 2.87%, 0, 0, 5, 12.50
1701526059, 0, 357, 471, 398, 24, 2.88%, 0, 0, 5, 11.97
1701526562, 0, 357, 472, 399, 24, 2.88%, 0, 0, 5, 14.77
1701526567, 0, 357, 473, 400, 24, 2.88%, 0, 0, 5, 16.05
1701526587, 0, 360, 473, 399, 24, 2.88%, 0, 0, 5, 16.85
1701526643, 0, 360, 475, 401, 24, 2.88%, 0, 0, 5, 13.89
1701526663, 0, 360, 477, 403, 24, 2.88%, 0, 0, 5, 12.79
1701526669, 0, 360, 479, 405, 24, 2.88%, 0, 0, 5, 11.85
1701526807, 0, 360, 480, 406, 24, 2.88%, 0, 0, 5, 15.24
1701526817, 0, 360, 482, 408, 24, 2.88%, 0, 0, 5, 14.70
1701526822, 0, 360, 483, 409, 24, 2.88%, 0, 0, 5, 15.80
1701526981, 0, 360, 484, 410, 24, 2.88%, 0, 0, 5, 12.83
1701526986, 0, 360, 485, 411, 24, 2.88%, 0, 0, 5, 12.72
1701527038, 0, 360, 486, 412, 24, 2.88%, 0, 0, 5, 17.22
1701527043, 0, 360, 487, 413, 24, 2.88%, 0, 0, 5, 14.83
1701527069, 0, 360, 488, 414, 24, 2.88%, 0, 0, 5, 13.16
1701527577, 0, 376, 488, 413, 24, 2.88%, 0, 0, 5, 13.76
1701528654, 0, 376, 489, 414, 24, 2.88%, 0, 0, 5, 14.36
1701528674, 0, 381, 489, 413, 23, 2.88%, 0, 0, 5, 11.44
1701529506, 0, 381, 490, 414, 23, 2.88%, 0, 0, 5, 14.30
1701529527, 0, 381, 491, 415, 23, 2.88%, 0, 0, 5, 16.82
1701529558, 0, 381, 492, 416, 23, 2.88%, 0, 0, 5, 17.95
1701529609, 0, 386, 492, 415, 23, 2.88%, 0, 0, 5, 12.90
1701530429, 0, 388, 492, 414, 22, 2.88%, 0, 0, 5, 15.45
1701531204, 0, 390, 492, 413, 21, 2.88%, 0, 0, 5, 13.89
1701532075, 0, 390, 493, 414, 21, 2.88%, 0, 0, 6, 15.75
1701532100, 0, 394, 493, 413, 20, 2.88%, 0, 0, 6, 16.92
1701532116, 0, 394, 495, 415, 20, 2.88%, 0, 0, 6, 18.51
1701532617, 0, 394, 496, 416, 20, 2.88%, 0, 0, 6, 18.36
1701532638, 0, 395, 496, 415, 20, 2.88%, 0, 0, 6, 13.87
1701533042, 0, 395, 497, 416, 20, 2.88%, 0, 0, 6, 17.37
1701533062, 0, 401, 497, 415, 19, 2.88%, 0, 0, 6, 14.09
1701533185, 0, 417, 497, 414, 18, 2.88%, 0, 0, 6, 12.55
1701533391, 0, 417, 498, 415, 18, 2.88%, 0, 0, 6, 13.84
1701534828, 0, 439, 498, 414, 18, 2.88%, 0, 0, 6, 17.44
1701535832, 0, 439, 499, 415, 18, 2.88%, 0, 0, 6, 15.59
1701535848, 0, 439, 500, 416, 18, 2.88%, 0, 0, 6, 11.56
1701535879, 0, 441, 500, 415, 17, 2.88%, 0, 0, 6, 13.77
1701536959, 0, 442, 500, 414, 16, 2.88%, 0, 0, 6, 8.56
1701537005, 0, 442, 502, 416, 16, 2.88%, 0, 0, 6, 12.30
1701537056, 0, 442, 503, 417, 16, 2.88%, 0, 0, 6, 11.09
1701537082, 0, 442, 504, 418, 16, 2.88%, 0, 0, 6, 11.19
1701537226, 0, 442, 505, 419, 16, 2.88%, 0, 0, 6, 9.26
1701537359, 0, 442, 506, 420, 16, 2.88%, 0, 0, 6, 9.07
1701537601, 0, 442, 507, 421, 16, 2.88%, 0, 0, 6, 9.01
1701537673, 0, 442, 508, 422, 16, 2.88%, 0, 0, 6, 10.80
1701537688, 0, 442, 509, 423, 16, 2.88%, 0, 0, 6, 8.62
1701537734, 0, 442, 510, 424, 16, 2.88%, 0, 0, 6, 7.70
1701537750, 0, 442, 511, 425, 16, 2.89%, 0, 0, 6, 12.94
1701537780, 0, 442, 512, 426, 16, 2.89%, 0, 0, 6, 11.15
1701537930, 0, 442, 513, 427, 16, 2.89%, 0, 0, 6, 10.53
1701538012, 0, 442, 515, 429, 16, 2.89%, 0, 0, 6, 7.17
1701539084, 0, 442, 516, 430, 16, 2.90%, 0, 0, 6, 9.91
1701539094, 0, 442, 519, 433, 16, 2.90%, 0, 0, 6, 12.56
1701539099, 0, 442, 520, 434, 16, 2.90%, 0, 0, 6, 12.43
1701539109, 0, 442, 521, 435, 16, 2.90%, 0, 0, 6, 10.11
1701539124, 0, 442, 522, 436, 16, 2.90%, 0, 0, 6, 10.71
1701539145, 0, 442, 523, 437, 16, 2.90%, 0, 0, 6, 11.46
1701539155, 0, 442, 524, 438, 16, 2.90%, 0, 0, 6, 14.12
1701539170, 0, 442, 525, 439, 16, 2.90%, 0, 0, 6, 13.15
1701539181, 0, 442, 526, 440, 16, 2.90%, 0, 0, 6, 14.63
1701539201, 0, 442, 528, 442, 16, 2.90%, 0, 0, 6, 13.35
1701539257, 0, 442, 529, 443, 16, 2.90%, 0, 0, 6, 11.70
1701539272, 0, 442, 531, 445, 16, 2.90%, 0, 0, 6, 14.10
1701539277, 0, 442, 533, 447, 16, 2.90%, 0, 0, 6, 13.34
1701539293, 0, 451, 533, 446, 21, 2.90%, 0, 0, 6, 2.81
1701539339, 0, 451, 534, 447, 21, 2.90%, 0, 0, 6, 12.40
1701540112, 0, 451, 535, 448, 21, 2.90%, 0, 0, 6, 17.14
1701540138, 0, 454, 535, 447, 20, 2.90%, 0, 0, 6, 16.75
1701540184, 0, 454, 536, 448, 20, 2.90%, 0, 0, 6, 14.05
1701541499, 0, 454, 537, 449, 20, 2.90%, 0, 0, 6, 12.11
1701541509, 0, 454, 538, 450, 20, 2.90%, 0, 0, 6, 16.89
1701541549, 0, 458, 538, 449, 19, 2.90%, 0, 0, 6, 17.48
1701542481, 0, 458, 539, 450, 19, 2.90%, 0, 0, 6, 16.22
1701542491, 0, 459, 539, 449, 18, 2.90%, 0, 0, 6, 18.05
1701542700, 0, 459, 540, 450, 18, 2.90%, 0, 0, 6, 17.60
1701542935, 0, 459, 541, 451, 18, 2.90%, 0, 0, 6, 18.72
1701543401, 0, 459, 543, 453, 18, 2.90%, 0, 0, 6, 18.63
1701543421, 0, 459, 544, 454, 18, 2.90%, 0, 0, 6, 18.58
1701543503, 0, 460, 544, 453, 18, 2.90%, 0, 0, 6, 12.82
1701544487, 0, 461, 544, 452, 17, 2.90%, 0, 0, 6, 15.27
1701545482, 0, 461, 545, 453, 17, 2.91%, 0, 0, 6, 13.82
1701545493, 0, 461, 546, 454, 17, 2.91%, 0, 0, 6, 12.95
1701545498, 0, 461, 547, 455, 17, 2.91%, 0, 0, 6, 12.11
1701545513, 0, 461, 548, 456, 17, 2.91%, 0, 0, 6, 12.97
1701545600, 0, 462, 548, 455, 16, 2.91%, 0, 0, 6, 14.72
