# unix_time, cycles_done, cur_path, paths_total, pending_total, pending_favs, map_size, unique_crashes, unique_hangs, max_depth, execs_per_sec
1701470837, 0, 0, 1, 1, 1, 2.09%, 0, 0, 1, 7.47
1701470847, 0, 0, 3, 3, 1, 2.10%, 0, 0, 2, 8.14
1701470852, 0, 0, 4, 4, 1, 2.10%, 0, 0, 2, 8.94
1701470858, 0, 0, 8, 8, 1, 2.18%, 0, 0, 2, 10.43
1701470863, 0, 0, 12, 12, 1, 2.18%, 0, 0, 2, 12.45
1701470868, 0, 0, 15, 15, 1, 2.19%, 0, 0, 2, 13.74
1701470873, 0, 0, 16, 16, 1, 2.19%, 0, 0, 2, 15.74
1701470914, 0, 0, 17, 17, 1, 2.19%, 0, 0, 2, 26.34
1701470924, 0, 0, 18, 18, 1, 2.19%, 0, 0, 2, 21.98
1701470970, 0, 0, 19, 19, 1, 2.19%, 0, 0, 2, 24.33
1701471026, 0, 0, 20, 20, 1, 2.19%, 0, 0, 2, 16.45
1701471031, 0, 0, 21, 21, 1, 2.19%, 0, 0, 2, 23.35
1701471072, 0, 0, 22, 22, 1, 2.19%, 0, 0, 2, 22.78
1701471159, 0, 0, 24, 24, 1, 2.20%, 0, 0, 2, 25.20
1701471164, 0, 0, 25, 25, 1, 2.20%, 0, 0, 2, 27.14
1701471179, 0, 0, 26, 26, 1, 2.20%, 0, 0, 2, 28.19
1701471236, 0, 0, 28, 28, 1, 2.20%, 0, 0, 2, 26.92
1701471348, 0, 0, 32, 32, 1, 2.20%, 0, 0, 2, 26.45
1701471354, 0, 0, 38, 38, 1, 2.20%, 0, 0, 2, 20.51
1701471359, 0, 0, 48, 48, 1, 2.20%, 0, 0, 2, 23.30
1701471364, 0, 0, 57, 57, 1, 2.20%, 0, 0, 2, 23.06
1701471369, 0, 0, 59, 59, 1, 2.20%, 0, 0, 2, 22.29
1701471374, 0, 0, 63, 63, 1, 2.21%, 0, 0, 2, 24.72
1701471379, 0, 0, 65, 65, 1, 2.21%, 0, 0, 2, 19.12
1701471385, 0, 0, 68, 68, 1, 2.21%, 0, 0, 2, 15.84
1701471390, 0, 0, 69, 69, 1, 2.21%, 0, 0, 2, 17.39
1701471395, 0, 0, 71, 71, 1, 2.21%, 0, 0, 2, 21.70
1701471400, 0, 0, 73, 73, 1, 2.21%, 0, 0, 2, 23.41
1701471405, 0, 0, 74, 74, 1, 2.21%, 0, 0, 2, 23.79
1701471410, 0, 0, 78, 78, 1, 2.21%, 0, 0, 2, 17.58
1701471415, 0, 0, 80, 80, 1, 2.21%, 0, 0, 2, 18.62
1701471430, 0, 0, 81, 81, 1, 2.21%, 0, 0, 2, 17.15
1701471436, 0, 0, 82, 82, 1, 2.21%, 0, 0, 2, 16.01
1701471441, 0, 0, 83, 83, 1, 2.21%, 0, 0, 2, 17.78
1701471446, 0, 0, 84, 84, 1, 2.21%, 0, 0, 2, 17.09
1701471451, 0, 0, 85, 85, 1, 2.21%, 0, 0, 2, 17.19
1701471461, 0, 0, 86, 86, 1, 2.21%, 0, 0, 2, 17.69
1701471466, 0, 0, 88, 88, 1, 2.21%, 0, 0, 2, 19.48
1701471471, 0, 0, 90, 90, 1, 2.21%, 0, 0, 2, 19.63
1701471477, 0, 0, 91, 91, 1, 2.21%, 0, 0, 2, 17.59
1701471482, 0, 0, 92, 92, 1, 2.21%, 0, 0, 2, 19.72
1701471487, 0, 0, 93, 93, 1, 2.21%, 0, 0, 2, 25.39
1701471492, 0, 0, 95, 95, 1, 2.57%, 0, 0, 2, 27.68
1701471497, 0, 0, 96, 96, 1, 2.57%, 0, 0, 2, 28.04
1701471502, 0, 0, 97, 97, 1, 2.57%, 0, 0, 2, 24.24
1701471517, 0, 0, 99, 99, 1, 2.57%, 0, 0, 2, 21.04
1701471523, 0, 0, 100, 100, 1, 2.57%, 0, 0, 2, 18.53
1701471533, 0, 0, 101, 101, 1, 2.57%, 0, 0, 2, 15.48
1701471543, 0, 13, 101, 100, 12, 2.57%, 0, 0, 2, 20.29
1701471548, 0, 25, 101, 99, 11, 2.57%, 0, 0, 2, 19.06
1701471553, 0, 43, 101, 98, 10, 2.57%, 0, 0, 2, 16.68
1701471896, 0, 49, 101, 97, 10, 2.57%, 0, 0, 2, 25.21
1701472232, 0, 50, 102, 97, 9, 2.57%, 0, 0, 3, 24.19
1701472268, 0, 50, 103, 98, 9, 2.57%, 0, 0, 3, 18.76
1701472499, 0, 50, 104, 99, 9, 2.57%, 0, 0, 3, 25.17
1701472903, 0, 50, 106, 101, 9, 2.57%, 0, 0, 3, 20.18
1701472908, 0, 50, 107, 102, 9, 2.57%, 0, 0, 3, 23.60
1701472913, 0, 50, 110, 105, 9, 2.57%, 0, 0, 3, 25.20
1701472918, 0, 50, 112, 107, 9, 2.57%, 0, 0, 3, 26.09
1701472928, 0, 50, 114, 109, 9, 2.57%, 0, 0, 3, 16.64
1701472939, 0, 50, 115, 110, 9, 2.57%, 0, 0, 3, 22.96
1701472944, 0, 50, 116, 111, 9, 2.57%, 0, 0, 3, 18.33
1701472949, 0, 50, 119, 114, 9, 2.57%, 0, 0, 3, 18.10
1701472954, 0, 50, 121, 116, 9, 2.57%, 0, 0, 3, 18.39
1701472959, 0, 50, 123, 118, 9, 2.57%, 0, 0, 3, 18.77
1701472980, 0, 50, 124, 119, 9, 2.58%, 0, 0, 3, 22.79
1701472990, 0, 50, 126, 121, 9, 2.58%, 0, 0, 3, 21.41
1701473005, 0, 50, 127, 122, 9, 2.58%, 0, 0, 3, 22.84
1701473041, 0, 50, 129, 124, 9, 2.58%, 0, 0, 3, 23.22
1701473061, 0, 55, 129, 122, 9, 2.58%, 0, 0, 3, 18.76
1701473122, 0, 94, 129, 121, 8, 2.58%, 0, 0, 3, 22.01
1701473128, 0, 94, 130, 122, 8, 2.58%, 0, 0, 3, 21.14
1701473168, 0, 94, 138, 130, 8, 2.71%, 0, 0, 3, 19.80
1701473174, 0, 94, 143, 135, 8, 2.74%, 0, 0, 3, 16.41
1701473179, 0, 94, 149, 141, 8, 2.84%, 0, 0, 3, 14.62
1701473184, 0, 94, 153, 145, 8, 2.84%, 0, 0, 3, 12.78
1701473189, 0, 94, 156, 148, 8, 2.88%, 0, 0, 3, 16.85
1701473194, 0, 94, 157, 149, 8, 2.89%, 0, 0, 3, 16.12
1701473245, 0, 94, 159, 151, 8, 2.89%, 0, 0, 3, 22.60
1701473250, 0, 94, 161, 153, 8, 2.89%, 0, 0, 3, 21.95
1701473255, 0, 94, 164, 156, 8, 2.91%, 0, 0, 3, 21.13
1701473260, 0, 94, 165, 157, 8, 2.91%, 0, 0, 3, 19.95
1701473306, 0, 94, 166, 158, 8, 2.91%, 0, 0, 3, 20.01
1701473312, 0, 94, 168, 160, 8, 2.91%, 0, 0, 3, 20.06
1701473317, 0, 94, 169, 161, 8, 2.91%, 0, 0, 3, 21.22
1701473337, 0, 94, 170, 162, 8, 2.91%, 0, 0, 3, 21.20
1701473466, 0, 94, 174, 166, 8, 2.92%, 0, 0, 3, 18.87
1701473471, 0, 94, 176, 168, 8, 2.92%, 0, 0, 3, 16.88
1701473476, 0, 94, 177, 169, 8, 2.92%, 0, 0, 3, 17.03
1701473481, 0, 94, 178, 170, 8, 2.92%, 0, 0, 3, 18.80
1701473496, 0, 94, 179, 171, 8, 2.92%, 0, 0, 3, 19.82
1701473507, 0, 94, 181, 173, 8, 2.92%, 0, 0, 3, 18.54
1701473512, 0, 94, 182, 174, 8, 2.92%, 0, 0, 3, 18.96
1701473527, 0, 94, 183, 175, 8, 2.92%, 0, 0, 3, 18.70
1701473537, 0, 94, 184, 176, 8, 2.92%, 0, 0, 3, 16.77
1701473655, 0, 94, 186, 178, 8, 2.92%, 0, 0, 3, 19.00
1701473660, 0, 94, 187, 179, 8, 2.92%, 0, 0, 3, 18.14
1701473824, 0, 94, 190, 182, 8, 2.92%, 0, 0, 3, 23.13
1701473854, 0, 94, 191, 183, 8, 2.92%, 0, 0, 3, 16.82
1701473905, 0, 94, 192, 184, 8, 2.92%, 0, 0, 3, 21.12
1701473911, 0, 94, 193, 185, 8, 2.92%, 0, 0, 3, 21.09
1701473916, 0, 94, 194, 186, 8, 2.93%, 0, 0, 3, 20.50
1701473921, 0, 94, 197, 189, 8, 2.93%, 0, 0, 3, 20.08
1701473926, 0, 94, 200, 192, 8, 2.93%, 0, 0, 3, 21.54
1701473931, 0, 94, 202, 194, 8, 2.93%, 0, 0, 3, 18.16
1701473936, 0, 94, 206, 198, 8, 2.94%, 0, 0, 3, 21.86
1701473941, 0, 94, 209, 201, 8, 2.94%, 0, 0, 3, 18.13
1701473946, 0, 94, 212, 204, 8, 2.94%, 0, 0, 3, 18.90
1701473951, 0, 94, 213, 205, 8, 2.94%, 0, 0, 3, 14.29
1701473956, 0, 94, 215, 207, 8, 2.94%, 0, 0, 3, 17.08
1701473962, 0, 94, 218, 210, 8, 2.94%, 0, 0, 3, 18.75
1701473967, 0, 94, 220, 212, 8, 2.94%, 0, 0, 3, 18.72
1701473972, 0, 94, 224, 216, 8, 2.95%, 0, 0, 3, 21.20
1701473977, 0, 94, 226, 218, 8, 2.95%, 0, 0, 3, 22.55
1701473982, 0, 94, 227, 219, 8, 2.95%, 0, 0, 3, 20.43
1701473987, 0, 94, 228, 220, 8, 2.95%, 0, 0, 3, 16.25
1701473992, 0, 94, 230, 222, 8, 2.95%, 0, 0, 3, 17.24
1701473998, 0, 94, 234, 226, 8, 2.95%, 0, 0, 3, 20.20
1701474003, 0, 94, 236, 228, 8, 2.96%, 0, 0, 3, 18.41
1701474008, 0, 94, 237, 229, 8, 2.96%, 0, 0, 3, 18.96
1701474013, 0, 94, 239, 231, 8, 2.96%, 0, 0, 3, 20.03
1701474038, 0, 94, 240, 232, 8, 2.96%, 0, 0, 3, 18.02
1701474043, 0, 94, 241, 233, 8, 2.96%, 0, 0, 3, 17.73
1701474048, 0, 94, 243, 235, 8, 2.96%, 0, 0, 3, 15.70
1701474059, 0, 94, 244, 236, 8, 2.96%, 0, 0, 3, 19.42
1701474064, 0, 94, 245, 237, 8, 2.96%, 0, 0, 3, 22.66
1701474089, 0, 94, 247, 239, 8, 2.96%, 0, 0, 3, 22.35
1701474095, 0, 94, 248, 240, 8, 2.96%, 0, 0, 3, 20.09
1701474100, 0, 94, 251, 243, 8, 2.96%, 0, 0, 3, 21.02
1701474105, 0, 94, 252, 244, 8, 2.96%, 0, 0, 3, 21.57
1701474110, 0, 94, 253, 245, 8, 2.96%, 0, 0, 3, 19.26
1701474115, 0, 114, 253, 244, 28, 2.96%, 0, 0, 3, 22.11
1701474120, 0, 114, 254, 245, 28, 2.96%, 0, 0, 4, 25.63
1701474448, 0, 114, 256, 247, 28, 2.96%, 0, 0, 4, 25.53
1701474453, 0, 114, 257, 248, 28, 2.96%, 0, 0, 4, 23.06
1701474458, 0, 114, 258, 249, 28, 2.96%, 0, 0, 4, 19.95
1701474489, 0, 121, 258, 248, 29, 2.96%, 0, 0, 4, 19.11
1701474861, 0, 121, 259, 249, 29, 2.96%, 0, 0, 4, 19.01
1701474867, 0, 121, 260, 250, 29, 2.96%, 0, 0, 4, 21.16
1701474877, 0, 121, 261, 251, 29, 2.96%, 0, 0, 4, 22.61
1701474897, 0, 121, 264, 254, 29, 2.96%, 0, 0, 4, 23.95
1701474938, 0, 121, 265, 255, 29, 2.96%, 0, 0, 4, 23.93
1701474943, 0, 121, 266, 256, 29, 2.96%, 0, 0, 4, 22.43
1701474969, 0, 121, 268, 258, 29, 2.96%, 0, 0, 4, 18.99
1701475010, 0, 123, 268, 257, 28, 2.96%, 0, 0, 4, 23.50
1701475015, 0, 123, 270, 259, 28, 2.96%, 0, 0, 4, 22.84
1701475705, 0, 123, 271, 260, 28, 2.96%, 0, 0, 4, 24.55
1701475715, 0, 127, 271, 259, 28, 2.96%, 0, 0, 4, 22.01
1701476139, 0, 127, 272, 260, 28, 2.96%, 0, 0, 4, 19.99
1701476435, 0, 128, 273, 260, 28, 2.96%, 0, 0, 4, 21.74
1701476655, 0, 136, 273, 259, 28, 2.96%, 0, 0, 4, 25.51
1701476660, 0, 161, 273, 257, 26, 2.96%, 0, 0, 4, 22.43
1701476711, 0, 161, 274, 258, 26, 2.96%, 0, 0, 4, 15.65
1701476717, 0, 161, 275, 259, 26, 2.96%, 0, 0, 4, 13.01
1701476722, 0, 161, 276, 260, 26, 2.96%, 0, 0, 4, 17.29
1701476783, 0, 161, 278, 262, 26, 2.97%, 0, 0, 4, 13.65
1701476860, 0, 161, 279, 263, 26, 2.97%, 0, 0, 4, 16.43
1701477473, 0, 161, 281, 265, 26, 2.97%, 0, 0, 4, 18.23
1701477478, 0, 161, 283, 267, 26, 2.97%, 0, 0, 4, 19.53
1701477484, 0, 161, 284, 268, 26, 2.97%, 0, 0, 4, 23.06
1701477504, 0, 161, 286, 270, 26, 2.98%, 0, 0, 4, 21.48
1701477509, 0, 161, 288, 272, 26, 2.98%, 0, 0, 4, 23.02
1701477524, 0, 161, 289, 273, 26, 2.98%, 0, 0, 4, 23.04
1701477529, 0, 161, 290, 274, 26, 2.98%, 0, 0, 4, 21.90
1701477565, 0, 161, 291, 275, 26, 2.98%, 0, 0, 4, 19.42
1701477570, 0, 161, 292, 276, 26, 2.98%, 0, 0, 4, 22.11
1701477575, 0, 161, 293, 277, 26, 2.98%, 0, 0, 4, 21.95
1701477586, 0, 161, 295, 279, 26, 2.98%, 0, 0, 4, 22.20
1701477596, 0, 161, 296, 280, 26, 2.98%, 0, 0, 4, 24.10
1701477606, 0, 161, 297, 281, 26, 2.98%, 0, 0, 4, 16.95
1701477616, 0, 161, 298, 282, 26, 2.98%, 0, 0, 4, 21.46
1701477621, 0, 161, 299, 283, 26, 2.98%, 0, 0, 4, 23.59
1701477632, 0, 176, 299, 281, 25, 2.98%, 0, 0, 4, 23.28
1701478348, 0, 176, 300, 282, 25, 2.98%, 0, 0, 4, 22.96
1701478353, 0, 176, 303, 285, 25, 2.98%, 0, 0, 4, 23.36
1701478358, 0, 176, 304, 286, 25, 2.98%, 0, 0, 4, 23.33
1701478369, 0, 176, 306, 288, 25, 2.98%, 0, 0, 4, 23.55
1701478374, 0, 176, 308, 290, 25, 2.98%, 0, 0, 4, 23.84
1701478384, 0, 176, 309, 291, 25, 2.98%, 0, 0, 4, 24.22
1701478389, 0, 176, 310, 292, 25, 2.98%, 0, 0, 4, 21.48
1701478415, 0, 176, 311, 293, 25, 2.98%, 0, 0, 4, 23.00
1701478420, 0, 176, 313, 295, 25, 2.98%, 0, 0, 4, 21.87
1701478430, 0, 176, 314, 296, 25, 2.98%, 0, 0, 4, 20.72
1701478471, 0, 176, 315, 297, 25, 2.98%, 0, 0, 4, 21.44
1701478482, 0, 176, 316, 298, 25, 2.98%, 0, 0, 4, 20.22
1701478487, 0, 176, 317, 299, 25, 2.98%, 0, 0, 4, 22.11
1701478502, 0, 176, 318, 300, 25, 2.98%, 0, 0, 4, 22.74
1701478507, 0, 215, 318, 299, 26, 2.98%, 0, 0, 4, 19.75
1701478569, 0, 215, 319, 300, 26, 2.98%, 0, 0, 4, 19.53
1701478574, 0, 215, 320, 301, 26, 2.98%, 0, 0, 4, 19.01
1701478635, 0, 215, 321, 302, 26, 2.98%, 0, 0, 4, 13.64
1701478881, 0, 215, 323, 304, 26, 3.00%, 0, 0, 4, 16.49
1701478917, 0, 215, 324, 305, 26, 3.00%, 0, 0, 4, 20.94
1701478922, 0, 215, 325, 306, 26, 3.00%, 0, 0, 4, 19.81
1701478927, 0, 215, 326, 307, 26, 3.00%, 0, 0, 4, 15.61
1701478932, 0, 215, 327, 308, 26, 3.00%, 0, 0, 4, 17.01
1701479352, 0, 224, 327, 307, 27, 3.00%, 0, 0, 4, 22.52
1701479756, 0, 231, 327, 306, 25, 3.00%, 0, 0, 4, 19.03
1701479798, 0, 231, 328, 307, 25, 3.00%, 0, 0, 4, 17.94
1701479874, 0, 231, 329, 308, 25, 3.00%, 0, 0, 4, 19.20
1701480099, 0, 231, 330, 309, 25, 3.00%, 0, 0, 4, 16.25
1701480120, 0, 231, 331, 310, 25, 3.00%, 0, 0, 4, 18.39
1701480734, 0, 238, 331, 309, 26, 3.00%, 0, 0, 4, 15.77
1701480759, 0, 238, 332, 310, 26, 3.00%, 0, 0, 4, 17.08
1701480764, 0, 238, 334, 312, 26, 3.00%, 0, 0, 4, 17.08
1701480805, 0, 238, 335, 313, 26, 3.00%, 0, 0, 4, 18.30
1701480841, 0, 238, 336, 314, 26, 3.01%, 0, 0, 4, 19.62
1701481004, 0, 238, 337, 315, 26, 3.01%, 0, 0, 4, 19.35
1701481275, 0, 238, 338, 316, 26, 3.01%, 0, 0, 4, 20.53
1701481521, 0, 238, 341, 319, 26, 3.01%, 0, 0, 4, 18.96
1701481531, 0, 238, 342, 320, 26, 3.01%, 0, 0, 4, 18.80
1701481546, 0, 238, 343, 321, 26, 3.01%, 0, 0, 4, 18.61
1701481577, 0, 238, 344, 322, 26, 3.01%, 0, 0, 4, 19.05
1701481597, 0, 238, 345, 323, 26, 3.01%, 0, 0, 4, 17.80
1701481608, 0, 238, 346, 324, 26, 3.01%, 0, 0, 4, 17.35
1701481648, 0, 238, 347, 325, 26, 3.01%, 0, 0, 4, 24.33
1701481653, 0, 238, 348, 326, 26, 3.01%, 0, 0, 4, 24.33
1701481694, 0, 247, 348, 325, 24, 3.01%, 0, 0, 4, 17.84
1701481735, 0, 247, 349, 326, 24, 3.01%, 0, 0, 4, 16.32
1701481740, 0, 247, 351, 328, 24, 3.02%, 0, 0, 4, 14.16
1701481781, 0, 247, 352, 329, 24, 3.03%, 0, 0, 4, 20.07
1701482104, 0, 247, 354, 331, 24, 3.03%, 0, 0, 4, 19.86
1701482109, 0, 247, 355, 332, 24, 3.03%, 0, 0, 4, 17.76
1701482570, 0, 254, 355, 331, 26, 3.03%, 0, 0, 4, 16.48
1701482789, 0, 254, 356, 332, 26, 3.03%, 0, 0, 5, 19.59
1701483009, 0, 254, 358, 334, 26, 3.03%, 0, 0, 5, 16.96
1701483050, 0, 256, 358, 333, 27, 3.03%, 0, 0, 5, 22.50
1701483459, 0, 256, 359, 334, 27, 3.03%, 0, 0, 5, 17.77
1701483464, 0, 256, 360, 335, 27, 3.03%, 0, 0, 5, 16.85
1701483475, 0, 256, 361, 336, 27, 3.03%, 0, 0, 5, 23.90
1701483480, 0, 256, 362, 337, 27, 3.03%, 0, 0, 5, 22.90
1701483577, 0, 256, 363, 338, 27, 3.03%, 0, 0, 5, 17.55
1701483582, 0, 256, 364, 339, 27, 3.03%, 0, 0, 5, 17.55
1701483608, 0, 258, 364, 338, 28, 3.03%, 0, 0, 5, 25.20
1701483863, 0, 258, 365, 339, 28, 3.04%, 0, 0, 5, 14.55
1701484349, 0, 264, 365, 337, 27, 3.04%, 0, 0, 5, 15.96
1701484400, 0, 264, 366, 338, 27, 3.04%, 0, 0, 5, 18.46
1701484441, 0, 264, 367, 339, 27, 3.04%, 0, 0, 5, 16.42
1701484446, 0, 264, 369, 341, 27, 3.05%, 0, 0, 5, 14.53
1701484518, 0, 264, 370, 342, 27, 3.05%, 0, 0, 5, 17.74
1701484712, 0, 264, 371, 343, 27, 3.05%, 0, 0, 5, 16.07
1701485478, 0, 264, 372, 344, 27, 3.05%, 0, 0, 5, 17.98
1701485489, 0, 264, 373, 345, 27, 3.05%, 0, 0, 5, 13.25
1701485514, 0, 264, 374, 346, 27, 3.05%, 0, 0, 5, 12.40
1701485519, 0, 264, 375, 347, 27, 3.05%, 0, 0, 5, 14.25
1701485540, 0, 264, 376, 348, 27, 3.05%, 0, 0, 5, 14.16
1701485555, 0, 264, 377, 349, 27, 3.05%, 0, 0, 5, 19.94
1701485561, 0, 264, 378, 350, 27, 3.06%, 0, 0, 5, 20.58
1701485576, 0, 264, 380, 352, 27, 3.06%, 0, 0, 5, 18.12
1701485581, 0, 264, 381, 353, 27, 3.06%, 0, 0, 5, 15.74
1701485653, 0, 264, 382, 354, 27, 3.06%, 0, 0, 5, 16.85
1701485658, 0, 264, 383, 355, 27, 3.06%, 0, 0, 5, 16.23
1701485694, 0, 264, 384, 356, 27, 3.06%, 0, 0, 5, 20.06
1701485709, 0, 270, 384, 355, 31, 3.06%, 0, 0, 5, 17.82
1701486328, 0, 270, 385, 356, 31, 3.06%, 0, 0, 5, 25.05
1701486339, 0, 270, 386, 357, 31, 3.06%, 0, 0, 5, 21.33
1701486344, 0, 270, 387, 358, 31, 3.06%, 0, 0, 5, 23.13
1701486354, 0, 270, 388, 359, 31, 3.06%, 0, 0, 5, 19.12
1701486359, 0, 270, 389, 360, 31, 3.06%, 0, 0, 5, 21.29
1701486410, 0, 270, 390, 361, 31, 3.07%, 0, 0, 5, 19.79
1701486420, 0, 270, 391, 362, 31, 3.07%, 0, 0, 5, 24.34
1701486477, 0, 270, 392, 363, 31, 3.07%, 0, 0, 5, 22.27
1701486492, 0, 274, 392, 361, 32, 3.07%, 0, 0, 5, 19.28
1701486548, 0, 274, 395, 364, 32, 3.07%, 0, 0, 5, 20.36
1701486630, 0, 274, 396, 365, 32, 3.07%, 0, 0, 5, 17.66
1701486891, 0, 274, 397, 366, 32, 3.07%, 0, 0, 5, 17.47
1701487295, 0, 274, 398, 367, 32, 3.07%, 0, 0, 5, 14.80
1701487310, 0, 274, 399, 368, 32, 3.07%, 0, 0, 5, 22.96
1701487320, 0, 283, 399, 367, 33, 3.07%, 0, 0, 5, 18.16
1701487877, 0, 285, 399, 366, 32, 3.07%, 0, 0, 5, 14.54
1701487938, 0, 285, 400, 367, 32, 3.07%, 0, 0, 5, 18.36
1701487949, 0, 285, 401, 368, 32, 3.07%, 0, 0, 5, 20.64
1701489025, 0, 285, 402, 369, 32, 3.07%, 0, 0, 5, 19.89
1701489066, 0, 295, 402, 368, 32, 3.07%, 0, 0, 5, 12.10
1701489399, 0, 295, 403, 369, 32, 3.07%, 0, 0, 5, 15.93
1701489767, 0, 295, 404, 370, 32, 3.07%, 0, 0, 5, 19.44
1701489793, 0, 298, 404, 369, 32, 3.07%, 0, 0, 5, 17.19
1701489823, 0, 298, 405, 370, 32, 3.07%, 0, 0, 5, 20.26
1701489844, 0, 298, 408, 373, 32, 3.07%, 0, 0, 5, 16.22
1701490617, 0, 302, 408, 372, 32, 3.07%, 0, 0, 5, 17.68
1701491078, 0, 305, 408, 371, 31, 3.07%, 0, 0, 5, 18.60
1701492096, 0, 305, 409, 372, 31, 3.07%, 0, 0, 5, 18.56
1701492101, 0, 305, 410, 373, 31, 3.07%, 0, 0, 5, 22.48
1701492111, 0, 305, 411, 374, 31, 3.07%, 0, 0, 5, 19.05
1701492127, 0, 305, 412, 375, 31, 3.07%, 0, 0, 5, 23.13
1701492142, 0, 305, 413, 376, 31, 3.07%, 0, 0, 5, 21.24
1701492168, 0, 305, 414, 377, 31, 3.07%, 0, 0, 5, 18.73
1701492173, 0, 305, 415, 378, 31, 3.07%, 0, 0, 5, 16.73
1701492178, 0, 305, 416, 379, 31, 3.07%, 0, 0, 5, 18.44
1701492193, 0, 305, 417, 380, 31, 3.07%, 0, 0, 5, 22.28
1701492204, 0, 305, 418, 381, 31, 3.07%, 0, 0, 5, 22.25
1701492214, 0, 305, 419, 382, 31, 3.07%, 0, 0, 5, 17.75
1701492255, 0, 321, 420, 382, 30, 3.07%, 0, 0, 5, 21.85
1701492286, 0, 321, 421, 383, 30, 3.07%, 0, 0, 5, 15.62
1701492674, 0, 321, 422, 384, 30, 3.07%, 0, 0, 5, 18.84
1701493259, 0, 322, 422, 383, 30, 3.07%, 0, 0, 5, 14.65
1701493264, 0, 328, 422, 382, 29, 3.07%, 0, 0, 5, 13.22
1701493320, 0, 328, 423, 383, 29, 3.07%, 0, 0, 5, 10.93
1701493447, 0, 328, 424, 384, 29, 3.07%, 0, 0, 5, 18.08
1701494266, 0, 328, 425, 385, 29, 3.07%, 0, 0, 5, 19.77
1701494281, 0, 328, 426, 386, 29, 3.07%, 0, 0, 5, 20.93
1701494286, 0, 328, 427, 387, 29, 3.07%, 0, 0, 5, 17.27
1701494291, 0, 328, 428, 388, 29, 3.07%, 0, 0, 5, 20.60
1701494316, 0, 328, 429, 389, 29, 3.07%, 0, 0, 5, 20.21
1701494341, 0, 328, 430, 390, 29, 3.07%, 0, 0, 5, 16.15
1701494392, 0, 328, 431, 391, 29, 3.07%, 0, 0, 5, 18.52
1701494403, 0, 328, 432, 392, 29, 3.07%, 0, 0, 5, 13.33
1701494428, 0, 328, 433, 393, 29, 3.07%, 0, 0, 5, 13.41
1701494443, 0, 335, 433, 392, 30, 3.07%, 0, 0, 5, 14.36
1701495256, 0, 338, 433, 391, 29, 3.07%, 0, 0, 5, 20.57
1701496043, 0, 338, 434, 392, 29, 3.07%, 0, 0, 5, 19.23
1701496079, 0, 338, 436, 394, 29, 3.07%, 0, 0, 5, 18.43
1701496104, 0, 338, 438, 396, 29, 3.07%, 0, 0, 5, 15.63
1701496109, 0, 338, 439, 397, 29, 3.07%, 0, 0, 5, 18.08
1701496135, 0, 338, 440, 398, 29, 3.07%, 0, 0, 5, 20.14
1701496161, 0, 338, 441, 399, 29, 3.07%, 0, 0, 5, 14.87
1701496166, 0, 338, 442, 400, 29, 3.07%, 0, 0, 5, 15.52
1701496191, 0, 338, 443, 401, 29, 3.07%, 0, 0, 5, 20.26
1701496227, 0, 338, 444, 402, 29, 3.07%, 0, 0, 5, 19.26
1701496248, 0, 338, 446, 404, 29, 3.07%, 0, 0, 5, 15.36
1701496263, 0, 342, 446, 403, 27, 3.07%, 0, 0, 5, 20.27
1701496289, 0, 342, 447, 404, 27, 3.07%, 0, 0, 5, 13.49
1701496309, 0, 342, 448, 405, 27, 3.07%, 0, 0, 5, 17.03
1701496397, 0, 342, 449, 406, 27, 3.07%, 0, 0, 5, 13.57
1701496581, 0, 342, 450, 407, 27, 3.07%, 0, 0, 5, 15.21
1701496586, 0, 342, 451, 408, 27, 3.07%, 0, 0, 5, 11.99
1701496591, 0, 342, 452, 409, 27, 3.07%, 0, 0, 5, 11.00
1701496673, 0, 342, 453, 410, 27, 3.07%, 0, 0, 5, 17.57
1701497238, 0, 342, 454, 411, 27, 3.07%, 0, 0, 5, 21.77
1701497243, 0, 342, 455, 412, 27, 3.07%, 0, 0, 5, 22.97
1701497264, 0, 342, 456, 413, 27, 3.07%, 0, 0, 5, 18.16
1701497325, 0, 345, 456, 412, 28, 3.07%, 0, 0, 5, 18.74
1701497484, 0, 345, 457, 413, 28, 3.07%, 0, 0, 5, 22.46
1701497904, 0, 349, 457, 412, 26, 3.07%, 0, 0, 5, 18.98
1701498391, 0, 349, 458, 413, 26, 3.08%, 0, 0, 5, 18.81
1701498872, 0, 349, 459, 414, 26, 3.08%, 0, 0, 5, 17.76
1701498892, 0, 352, 459, 413, 27, 3.08%, 0, 0, 5, 16.43
1701498928, 0, 352, 460, 414, 27, 3.08%, 0, 0, 5, 18.99
1701499881, 0, 352, 461, 415, 27, 3.08%, 0, 0, 5, 15.14
1701499901, 0, 355, 461, 414, 28, 3.08%, 0, 0, 5, 18.23
1701500347, 0, 357, 461, 413, 27, 3.08%, 0, 0, 5, 18.54
1701500352, 0, 357, 463, 415, 27, 3.08%, 0, 0, 6, 19.53
1701500863, 0, 364, 463, 414, 27, 3.08%, 0, 0, 6, 18.08
1701501646, 0, 365, 463, 413, 26, 3.08%, 0, 0, 6, 15.08
1701502824, 0, 365, 464, 414, 26, 3.08%, 0, 0, 6, 17.58
1701502839, 0, 367, 464, 413, 26, 3.08%, 0, 0, 6, 18.55
1701503003, 0, 367, 465, 414, 26, 3.08%, 0, 0, 6, 15.42
1701503305, 0, 367, 466, 415, 26, 3.09%, 0, 0, 6, 12.27
1701503341, 0, 367, 467, 416, 26, 3.09%, 0, 0, 6, 17.42
1701503475, 0, 367, 468, 417, 26, 3.09%, 0, 0, 6, 12.37
1701504202, 0, 369, 468, 416, 29, 3.09%, 0, 0, 6, 13.64
1701504294, 0, 369, 470, 418, 29, 3.09%, 0, 0, 6, 16.31
1701505388, 0, 369, 471, 419, 29, 3.09%, 0, 0, 6, 14.02
1701505450, 0, 369, 472, 420, 29, 3.09%, 0, 0, 6, 16.60
1701505471, 0, 369, 473, 421, 29, 3.09%, 0, 0, 6, 19.98
1701505486, 0, 369, 474, 422, 29, 3.09%, 0, 0, 6, 18.13
1701505548, 0, 369, 475, 423, 29, 3.09%, 0, 0, 6, 18.73
1701505635, 0, 384, 475, 422, 30, 3.09%, 0, 0, 6, 19.03
1701506394, 0, 384, 476, 423, 30, 3.09%, 0, 0, 6, 17.94
1701506813, 0, 384, 477, 424, 30, 3.21%, 0, 0, 6, 19.62
1701506839, 0, 385, 477, 423, 29, 3.21%, 0, 0, 6, 16.94
1701508091, 0, 385, 478, 424, 29, 3.21%, 0, 0, 6, 14.92
1701508096, 0, 385, 479, 425, 29, 3.21%, 0, 0, 6, 15.28
1701508132, 0, 391, 479, 424, 29, 3.21%, 0, 0, 6, 19.80
1701508142, 0, 391, 480, 425, 29, 3.21%, 0, 0, 6, 20.40
1701508162, 0, 391, 481, 426, 29, 3.21%, 0, 0, 6, 17.69
1701508173, 0, 391, 482, 427, 29, 3.21%, 0, 0, 6, 16.43
1701508367, 0, 391, 483, 428, 29, 3.22%, 0, 0, 6, 15.00
1701509135, 0, 391, 484, 429, 29, 3.22%, 0, 0, 6, 17.32
1701509140, 0, 391, 485, 430, 29, 3.22%, 0, 0, 6, 17.67
1701509145, 0, 391, 486, 431, 29, 3.22%, 0, 0, 6, 20.86
1701509150, 0, 391, 487, 432, 29, 3.22%, 0, 0, 6, 19.91
1701509161, 0, 391, 488, 433, 29, 3.22%, 0, 0, 6, 19.28
1701509202, 0, 391, 489, 434, 29, 3.22%, 0, 0, 6, 16.87
1701509207, 0, 391, 490, 435, 29, 3.22%, 0, 0, 6, 17.42
1701509232, 0, 391, 491, 436, 29, 3.22%, 0, 0, 6, 14.89
1701509263, 0, 391, 492, 437, 29, 3.22%, 0, 0, 6, 21.02
1701509304, 0, 391, 493, 438, 29, 3.22%, 0, 0, 6, 13.64
1701509314, 0, 392, 493, 437, 32, 3.22%, 0, 0, 6, 15.73
1701509319, 0, 398, 493, 436, 31, 3.22%, 0, 0, 6, 13.76
1701509366, 0, 398, 494, 437, 31, 3.22%, 0, 0, 6, 17.96
1701509371, 0, 398, 495, 438, 31, 3.22%, 0, 0, 6, 14.64
1701509755, 0, 398, 496, 439, 31, 3.22%, 0, 0, 6, 12.23
1701510210, 0, 398, 497, 440, 31, 3.22%, 0, 0, 6, 17.05
1701510246, 0, 403, 497, 438, 30, 3.22%, 0, 0, 6, 15.51
1701510696, 0, 403, 498, 439, 30, 3.22%, 0, 0, 6, 11.18
1701510722, 0, 403, 499, 440, 30, 3.22%, 0, 0, 6, 9.91
1701511158, 0, 403, 500, 441, 30, 3.22%, 0, 0, 6, 15.12
1701511189, 0, 419, 500, 440, 32, 3.22%, 0, 0, 6, 16.26
1701512136, 0, 419, 501, 441, 32, 3.22%, 0, 0, 6, 15.67
1701512162, 0, 421, 501, 440, 32, 3.22%, 0, 0, 6, 17.97
1701512571, 0, 421, 502, 441, 32, 3.22%, 0, 0, 6, 14.81
1701513061, 0, 421, 503, 442, 32, 3.22%, 0, 0, 6, 18.98
1701513097, 0, 424, 503, 441, 32, 3.22%, 0, 0, 6, 18.60
1701513117, 0, 424, 504, 442, 32, 3.22%, 0, 0, 6, 13.31
1701513128, 0, 424, 505, 443, 32, 3.22%, 0, 0, 6, 13.86
1701513164, 0, 424, 507, 445, 32, 3.22%, 0, 0, 6, 17.15
1701513486, 0, 424, 509, 447, 32, 3.22%, 0, 0, 6, 17.31
1701513747, 0, 424, 510, 448, 32, 3.22%, 0, 0, 6, 14.84
1701514172, 0, 424, 511, 449, 32, 3.22%, 0, 0, 6, 13.23
1701514827, 0, 424, 512, 450, 32, 3.22%, 0, 0, 6, 13.49
1701514848, 0, 441, 512, 449, 32, 3.22%, 0, 0, 6, 13.42
1701515785, 0, 443, 512, 448, 31, 3.22%, 0, 0, 6, 19.42
1701516321, 0, 448, 512, 446, 29, 3.22%, 0, 0, 6, 16.19
1701516471, 0, 448, 513, 447, 29, 3.22%, 0, 0, 6, 14.71
1701516840, 0, 448, 514, 448, 29, 3.25%, 0, 0, 6, 13.16
1701517438, 0, 448, 515, 449, 29, 3.25%, 0, 0, 6, 16.77
1701517458, 0, 450, 515, 448, 30, 3.25%, 0, 0, 6, 18.16
1701518384, 0, 452, 515, 447, 29, 3.25%, 0, 0, 6, 21.33
1701518405, 0, 452, 516, 448, 29, 3.25%, 0, 0, 6, 17.58
1701519387, 0, 452, 517, 449, 29, 3.25%, 0, 0, 6, 11.23
1701519397, 0, 452, 518, 450, 29, 3.25%, 0, 0, 6, 14.66
1701519403, 0, 452, 519, 451, 29, 3.25%, 0, 0, 6, 14.15
1701519444, 0, 452, 520, 452, 29, 3.25%, 0, 0, 6, 18.28
1701519454, 0, 452, 521, 453, 29, 3.25%, 0, 0, 6, 13.25
1701519490, 0, 452, 522, 454, 29, 3.25%, 0, 0, 6, 15.71
1701519602, 0, 453, 522, 453, 30, 3.25%, 0, 0, 6, 14.04
1701520488, 0, 456, 522, 452, 29, 3.25%, 0, 0, 6, 19.56
1701520503, 0, 456, 523, 453, 29, 3.25%, 0, 0, 6, 14.84
1701521082, 0, 456, 524, 454, 29, 3.25%, 0, 0, 6, 15.85
1701521108, 0, 457, 524, 453, 29, 3.25%, 0, 0, 6, 14.01
1701522100, 0, 457, 525, 454, 29, 3.25%, 0, 0, 6, 16.38
1701522121, 0, 458, 525, 453, 29, 3.25%, 0, 0, 6, 16.19
1701523302, 0, 458, 526, 454, 29, 3.25%, 0, 0, 6, 13.32
1701523308, 0, 458, 527, 455, 29, 3.25%, 0, 0, 6, 16.54
1701523328, 0, 458, 528, 456, 29, 3.25%, 0, 0, 6, 17.00
1701523394, 0, 459, 528, 455, 29, 3.25%, 0, 0, 6, 19.43
1701524248, 0, 459, 529, 456, 29, 3.25%, 0, 0, 6, 17.28
1701524268, 0, 460, 529, 455, 29, 3.25%, 0, 0, 6, 16.77
1701525442, 0, 464, 529, 453, 27, 3.25%, 0, 0, 6, 19.66
1701525509, 0, 464, 530, 454, 27, 3.25%, 0, 0, 7, 12.74
1701526834, 0, 465, 530, 453, 26, 3.25%, 0, 0, 7, 13.88
1701526839, 0, 465, 531, 454, 26, 3.25%, 0, 0, 7, 14.40
1701526844, 0, 466, 531, 453, 26, 3.25%, 0, 0, 7, 14.32
1701526850, 0, 467, 531, 452, 25, 3.25%, 0, 0, 7, 14.05
1701526855, 0, 468, 531, 451, 24, 3.25%, 0, 0, 7, 14.81
1701528023, 0, 468, 532, 452, 24, 3.25%, 0, 0, 7, 13.71
1701528100, 0, 471, 532, 451, 26, 3.25%, 0, 0, 7, 15.15
1701528197, 0, 471, 534, 453, 26, 3.25%, 0, 0, 7, 11.88
1701528944, 0, 477, 534, 451, 25, 3.25%, 0, 0, 7, 16.69
1701528949, 0, 482, 534, 450, 24, 3.25%, 0, 0, 7, 18.77
1701528954, 0, 485, 534, 449, 23, 3.25%, 0, 0, 7, 18.47
1701529170, 0, 485, 535, 450, 23, 3.27%, 0, 0, 7, 14.70
1701529343, 0, 485, 536, 451, 23, 3.27%, 0, 0, 7, 17.03
1701529763, 0, 485, 537, 452, 23, 3.27%, 0, 0, 7, 19.63
1701529809, 0, 486, 537, 451, 24, 3.27%, 0, 0, 7, 18.79
1701530744, 0, 486, 538, 452, 24, 3.27%, 0, 0, 7, 15.54
1701530765, 0, 488, 538, 451, 23, 3.27%, 0, 0, 7, 15.76
1701531651, 0, 488, 539, 452, 23, 3.27%, 0, 0, 7, 12.83
1701531713, 0, 496, 539, 451, 22, 3.27%, 0, 0, 7, 18.37
1701531785, 0, 496, 541, 453, 22, 3.27%, 0, 0, 7, 13.39
1701532189, 0, 496, 542, 454, 22, 3.27%, 0, 0, 7, 15.92
1701532794, 0, 499, 542, 452, 21, 3.27%, 0, 0, 7, 16.89
1701532830, 0, 499, 544, 454, 21, 3.27%, 0, 0, 7, 13.03
1701533234, 0, 499, 545, 455, 21, 3.27%, 0, 0, 7, 10.28
1701533792, 0, 500, 545, 454, 23, 3.27%, 0, 0, 7, 17.53
1701533863, 0, 500, 546, 455, 23, 3.27%, 0, 0, 7, 11.71
1701534984, 0, 502, 546, 454, 22, 3.27%, 0, 0, 7, 17.10
1701536054, 0, 509, 546, 453, 21, 3.27%, 0, 0, 7, 13.72
1701536074, 0, 509, 547, 454, 21, 3.27%, 0, 0, 7, 12.38
1701537846, 0, 509, 548, 455, 21, 3.27%, 0, 0, 7, 20.38
1701537851, 0, 509, 549, 456, 21, 3.27%, 0, 0, 7, 15.84
1701537898, 0, 511, 549, 455, 22, 3.27%, 0, 0, 7, 10.82
1701537903, 0, 512, 549, 454, 21, 3.27%, 0, 0, 7, 11.19
1701539142, 0, 513, 550, 454, 20, 3.27%, 0, 0, 7, 12.12
1701539147, 0, 513, 551, 455, 20, 3.27%, 0, 0, 7, 16.05
1701539152, 0, 513, 553, 457, 20, 3.29%, 0, 0, 7, 17.99
1701539158, 0, 513, 555, 459, 20, 3.29%, 0, 0, 7, 16.71
1701539173, 0, 513, 556, 460, 20, 3.29%, 0, 0, 7, 18.25
1701539178, 0, 513, 557, 461, 20, 3.29%, 0, 0, 7, 20.45
1701539183, 0, 518, 558, 461, 20, 3.29%, 0, 0, 7, 14.40
1701539188, 0, 523, 558, 459, 18, 3.29%, 0, 0, 7, 15.41
1701539204, 0, 523, 559, 460, 18, 3.29%, 0, 0, 7, 16.07
1701539234, 0, 523, 560, 461, 18, 3.29%, 0, 0, 7, 14.96
1701540228, 0, 523, 562, 463, 18, 3.29%, 0, 0, 7, 13.12
1701540264, 0, 523, 563, 464, 18, 3.29%, 0, 0, 7, 18.93
1701540300, 0, 523, 564, 465, 18, 3.29%, 0, 0, 7, 14.59
1701540305, 0, 523, 565, 466, 18, 3.29%, 0, 0, 7, 18.24
1701540315, 0, 523, 566, 467, 18, 3.29%, 0, 0, 7, 23.09
1701540351, 0, 523, 568, 469, 18, 3.29%, 0, 0, 7, 19.00
1701540397, 0, 524, 568, 468, 19, 3.29%, 0, 0, 7, 20.16
1701540402, 0, 526, 568, 467, 18, 3.29%, 0, 0, 7, 14.83
1701540407, 0, 528, 568, 466, 17, 3.29%, 0, 0, 7, 14.84
1701540443, 0, 528, 569, 467, 17, 3.29%, 0, 0, 7, 16.36
1701541335, 0, 528, 570, 468, 17, 3.29%, 0, 0, 7, 17.07
1701541355, 0, 529, 570, 467, 16, 3.29%, 0, 0, 7, 17.97
1701541360, 0, 531, 570, 466, 15, 3.29%, 0, 0, 7, 15.90
1701541365, 0, 532, 570, 465, 14, 3.29%, 0, 0, 7, 14.41
1701541370, 0, 534, 570, 464, 13, 3.29%, 0, 0, 7, 15.04
1701541376, 0, 535, 570, 463, 12, 3.29%, 0, 0, 7, 18.00
1701541381, 0, 538, 570, 462, 11, 3.29%, 0, 0, 7, 18.91
1701541391, 0, 541, 570, 461, 10, 3.29%, 0, 0, 7, 15.42
1701541396, 0, 546, 570, 458, 7, 3.29%, 0, 0, 7, 15.04
1701541406, 0, 551, 570, 457, 6, 3.29%, 0, 0, 7, 16.65
1701541411, 0, 555, 570, 455, 4, 3.29%, 0, 0, 7, 15.95
1701541421, 0, 562, 570, 454, 3, 3.29%, 0, 0, 7, 14.89
1701541427, 0, 562, 571, 455, 3, 3.29%, 0, 0, 8, 17.77
1701541432, 0, 566, 572, 455, 2, 3.29%, 0, 0, 8, 15.88
1701541437, 0, 566, 575, 458, 2, 3.29%, 0, 0, 8, 15.00
1701541442, 0, 566, 576, 459, 2, 3.29%, 0, 0, 8, 17.29
1701541447, 0, 566, 577, 460, 2, 3.29%, 0, 0, 8, 19.01
1701541452, 0, 566, 578, 461, 2, 3.29%, 0, 0, 8, 15.63
1701541457, 0, 566, 579, 462, 2, 3.29%, 0, 0, 8, 14.99
1701541462, 0, 566, 580, 463, 2, 3.29%, 0, 0, 8, 18.25
1701541467, 0, 566, 581, 464, 2, 3.29%, 0, 0, 8, 18.54
1701541488, 0, 575, 581, 463, 4, 3.29%, 0, 0, 8, 13.29
1701541493, 0, 575, 582, 464, 4, 3.29%, 0, 0, 9, 13.22
1701541498, 0, 577, 582, 463, 3, 3.29%, 0, 0, 9, 11.90
1701541503, 0, 577, 583, 464, 3, 3.29%, 0, 0, 9, 10.01
1701541513, 0, 580, 583, 463, 3, 3.29%, 0, 0, 9, 14.26
1701541636, 0, 580, 584, 464, 3, 3.29%, 0, 0, 9, 8.88
1701541918, 0, 580, 585, 465, 3, 3.29%, 0, 0, 9, 13.63
1701543363, 0, 580, 586, 466, 3, 3.29%, 0, 0, 9, 15.16
1701543373, 0, 580, 587, 467, 3, 3.29%, 0, 0, 9, 13.09
1701543399, 0, 580, 588, 468, 3, 3.29%, 0, 0, 9, 16.94
1701543409, 0, 580, 589, 469, 3, 3.29%, 0, 0, 9, 17.46
1701543430, 0, 580, 590, 470, 3, 3.29%, 0, 0, 9, 17.28
1701543435, 0, 580, 591, 471, 3, 3.29%, 0, 0, 9, 17.60
1701543445, 0, 580, 592, 472, 3, 3.29%, 0, 0, 9, 16.35
1701543450, 0, 580, 593, 473, 3, 3.29%, 0, 0, 9, 14.88
1701543471, 0, 580, 594, 474, 3, 3.29%, 0, 0, 9, 17.80
1701543507, 0, 580, 595, 475, 3, 3.29%, 0, 0, 9, 13.38
1701543517, 0, 582, 595, 474, 7, 3.29%, 0, 0, 9, 16.11
1701543527, 0, 584, 595, 473, 6, 3.29%, 0, 0, 9, 14.66
1701545534, 0, 584, 596, 474, 6, 3.29%, 0, 0, 10, 14.76
1701545539, 0, 584, 597, 475, 6, 3.29%, 0, 0, 10, 16.29
1701545545, 0, 584, 598, 476, 6, 3.29%, 0, 0, 10, 16.67
1701545550, 0, 584, 599, 477, 6, 3.29%, 0, 0, 10, 16.20
1701545560, 0, 584, 600, 478, 6, 3.29%, 0, 0, 10, 15.06
1701545601, 0, 584, 601, 479, 6, 3.29%, 0, 0, 10, 14.69
1701545698, 0, 589, 601, 478, 6, 3.29%, 0, 0, 10, 14.87
1701545765, 0, 589, 602, 479, 6, 3.29%, 0, 0, 10, 10.78
1701545790, 0, 589, 603, 480, 6, 3.29%, 0, 0, 10, 12.76
1701547456, 0, 589, 604, 481, 6, 3.29%, 0, 0, 10, 15.17
1701547466, 0, 589, 606, 483, 6, 3.29%, 0, 0, 10, 16.91
1701547471, 0, 589, 607, 484, 6, 3.29%, 0, 0, 10, 14.71
1701547517, 0, 589, 608, 485, 6, 3.29%, 0, 0, 10, 17.59
1701547523, 0, 589, 609, 486, 6, 3.29%, 0, 0, 10, 17.89
1701547594, 0, 590, 609, 485, 6, 3.29%, 0, 0, 10, 15.25
1701547661, 0, 590, 610, 486, 6, 3.29%, 0, 0, 10, 12.10
1701547671, 0, 590, 611, 487, 6, 3.29%, 0, 0, 10, 11.44
1701547697, 0, 590, 612, 488, 6, 3.29%, 0, 0, 10, 11.42
1701547717, 0, 590, 613, 489, 6, 3.29%, 0, 0, 10, 12.48
1701547824, 0, 590, 614, 490, 6, 3.29%, 0, 0, 10, 8.26
1701547860, 0, 590, 615, 491, 6, 3.29%, 0, 0, 10, 9.96
1701548525, 0, 590, 616, 492, 6, 3.29%, 0, 0, 10, 9.91
1701548612, 0, 590, 617, 493, 6, 3.29%, 0, 0, 10, 8.58
1701549796, 0, 590, 618, 494, 6, 3.29%, 0, 0, 10, 9.46
1701549842, 0, 590, 620, 496, 6, 3.29%, 0, 0, 10, 10.59
1701549868, 0, 594, 620, 495, 11, 3.29%, 0, 0, 10, 14.90
1701549878, 0, 596, 620, 494, 10, 3.29%, 0, 0, 10, 15.64
1701550227, 0, 596, 621, 495, 10, 3.29%, 0, 0, 11, 15.42
1701551155, 0, 596, 622, 496, 10, 3.29%, 0, 0, 11, 12.04
1701551237, 0, 603, 622, 495, 10, 3.29%, 0, 0, 11, 18.27
1701552877, 0, 611, 622, 494, 9, 3.29%, 0, 0, 11, 15.55
1701552887, 0, 611, 623, 495, 9, 3.29%, 0, 0, 11, 12.11
1701552892, 0, 611, 624, 496, 9, 3.29%, 0, 0, 11, 14.96
1701552902, 0, 611, 625, 497, 9, 3.29%, 0, 0, 11, 17.57
1701552912, 0, 614, 625, 496, 8, 3.29%, 0, 0, 11, 16.72
1701552923, 0, 614, 627, 498, 8, 3.29%, 0, 0, 11, 14.80
1701552928, 0, 614, 628, 499, 8, 3.29%, 0, 0, 11, 11.90
1701552943, 0, 615, 628, 498, 8, 3.29%, 0, 0, 11, 14.55
1701552948, 0, 615, 630, 500, 8, 3.29%, 0, 0, 11, 16.34
1701552953, 0, 615, 631, 501, 8, 3.29%, 0, 0, 11, 17.97
1701552958, 0, 615, 632, 502, 8, 3.29%, 0, 0, 11, 14.71
1701552973, 0, 619, 632, 501, 7, 3.29%, 0, 0, 11, 17.09
1701552979, 0, 619, 633, 502, 7, 3.29%, 0, 0, 11, 14.55
1701552989, 0, 619, 634, 503, 7, 3.29%, 0, 0, 11, 14.12
1701552994, 0, 620, 634, 502, 7, 3.29%, 0, 0, 11, 15.46
1701553004, 0, 624, 634, 501, 6, 3.29%, 0, 0, 11, 16.69
1701553009, 0, 625, 634, 500, 5, 3.29%, 0, 0, 11, 19.58
1701553019, 0, 630, 634, 499, 4, 3.29%, 0, 0, 11, 16.91
1701553025, 0, 630, 635, 500, 4, 3.29%, 0, 0, 12, 17.95
1701553030, 0, 632, 635, 499, 3, 3.29%, 0, 0, 12, 16.79
1701553045, 1, 263, 635, 496, 2, 3.29%, 0, 0, 12, 19.05
1701553725, 1, 263, 636, 497, 2, 3.29%, 0, 0, 12, 21.48
1701553735, 1, 269, 636, 496, 2, 3.29%, 0, 0, 12, 19.56
1701553740, 1, 525, 636, 495, 2, 3.29%, 0, 0, 12, 14.94
1701553745, 1, 525, 637, 496, 2, 3.29%, 0, 0, 12, 12.70
1701553750, 1, 568, 638, 496, 3, 3.29%, 0, 0, 12, 16.12
1701553755, 1, 568, 640, 498, 3, 3.29%, 0, 0, 12, 15.73
1701553761, 1, 568, 641, 499, 3, 3.29%, 0, 0, 12, 20.92
1701553776, 1, 568, 642, 500, 3, 3.29%, 0, 0, 12, 18.34
1701553781, 1, 568, 644, 502, 3, 3.29%, 0, 0, 12, 15.10
1701553797, 1, 627, 644, 501, 6, 3.29%, 0, 0, 12, 16.72
1701553802, 1, 627, 645, 502, 6, 3.29%, 0, 0, 12, 15.23
1701553807, 1, 627, 647, 504, 6, 3.29%, 0, 0, 12, 17.09
1701553817, 1, 627, 648, 505, 6, 3.29%, 0, 0, 12, 16.67
1701553827, 1, 627, 649, 506, 6, 3.29%, 0, 0, 12, 11.65
1701553833, 1, 627, 651, 508, 6, 3.29%, 0, 0, 12, 11.51
1701553838, 1, 636, 651, 507, 6, 3.29%, 0, 0, 12, 10.72
1701553858, 1, 638, 651, 506, 5, 3.29%, 0, 0, 12, 11.61
1701553873, 1, 638, 653, 508, 5, 3.29%, 0, 0, 12, 11.03
1701553909, 1, 638, 654, 509, 5, 3.29%, 0, 0, 12, 9.60
1701553940, 1, 638, 655, 510, 5, 3.29%, 0, 0, 12, 11.07
1701553945, 1, 638, 656, 511, 5, 3.29%, 0, 0, 12, 10.98
1701554298, 1, 638, 657, 512, 5, 3.29%, 0, 0, 12, 10.33
1701556240, 1, 638, 658, 513, 5, 3.29%, 0, 0, 12, 12.53
1701556250, 1, 638, 659, 514, 5, 3.30%, 0, 0, 12, 15.10
1701556256, 1, 638, 660, 515, 5, 3.30%, 0, 0, 12, 13.48
1701556276, 1, 638, 661, 516, 5, 3.31%, 0, 0, 12, 14.60
1701556281, 1, 638, 663, 518, 5, 3.31%, 0, 0, 12, 13.54
1701556337, 1, 638, 664, 519, 5, 3.31%, 0, 0, 12, 21.96
1701556353, 1, 640, 664, 518, 6, 3.31%, 0, 0, 12, 16.60
1701557521, 1, 640, 665, 519, 6, 3.31%, 0, 0, 12, 19.57
1701557582, 1, 643, 665, 518, 6, 3.31%, 0, 0, 12, 18.58
1701558406, 1, 643, 666, 519, 6, 3.32%, 0, 0, 12, 17.72
1701558411, 1, 643, 667, 520, 6, 3.32%, 0, 0, 12, 19.56
1701558436, 1, 643, 668, 521, 6, 3.32%, 0, 0, 12, 22.48
1701558513, 1, 643, 669, 522, 6, 3.32%, 0, 0, 12, 19.15
1701558523, 1, 646, 669, 521, 5, 3.32%, 0, 0, 12, 18.66
1701558569, 1, 646, 670, 522, 5, 3.32%, 0, 0, 13, 10.48
1701558815, 1, 646, 671, 523, 5, 3.32%, 0, 0, 13, 15.58
1701559452, 1, 646, 672, 524, 5, 3.32%, 0, 0, 13, 12.40
1701559457, 1, 646, 673, 525, 5, 3.32%, 0, 0, 13, 12.03
1701562776, 1, 646, 674, 526, 5, 3.32%, 0, 0, 13, 10.45
1701563064, 1, 646, 676, 528, 5, 3.32%, 0, 0, 13, 14.28
1701563125, 1, 646, 677, 529, 5, 3.32%, 0, 0, 13, 14.74
1701563141, 1, 646, 679, 531, 5, 3.32%, 0, 0, 13, 16.04
1701563172, 1, 646, 681, 533, 5, 3.32%, 0, 0, 13, 12.62
1701563202, 1, 646, 682, 534, 5, 3.32%, 0, 0, 13, 17.67
1701563228, 1, 657, 682, 533, 5, 3.32%, 0, 0, 13, 17.10
1701564071, 1, 657, 683, 534, 5, 3.32%, 0, 0, 13, 19.00
1701564128, 1, 666, 683, 533, 6, 3.32%, 0, 0, 13, 20.99
1701565173, 1, 672, 683, 532, 5, 3.32%, 0, 0, 13, 13.90
1701565189, 1, 672, 684, 533, 5, 3.32%, 0, 0, 14, 15.05
1701567992, 1, 672, 685, 534, 5, 3.32%, 0, 0, 14, 14.29
1701567997, 1, 672, 686, 535, 5, 3.32%, 0, 0, 14, 15.02
1701568033, 1, 672, 687, 536, 5, 3.32%, 0, 0, 14, 17.78
1701568039, 1, 672, 688, 537, 5, 3.32%, 0, 0, 14, 15.26
1701568054, 1, 672, 689, 538, 5, 3.32%, 0, 0, 14, 13.68
1701568095, 1, 672, 690, 539, 5, 3.32%, 0, 0, 14, 15.19
1701568115, 1, 676, 690, 538, 7, 3.32%, 0, 0, 14, 12.90
1701568940, 1, 676, 691, 539, 7, 3.32%, 0, 0, 14, 15.11
1701569256, 1, 676, 692, 540, 7, 3.33%, 0, 0, 14, 15.77
1701573008, 1, 676, 693, 541, 7, 3.33%, 0, 0, 14, 15.15
1701573013, 1, 676, 695, 543, 7, 3.33%, 0, 0, 14, 17.50
1701573054, 1, 676, 696, 544, 7, 3.33%, 0, 0, 14, 17.90
1701573074, 1, 676, 697, 545, 7, 3.33%, 0, 0, 14, 14.12
1701573079, 1, 676, 698, 546, 7, 3.33%, 0, 0, 14, 14.55
1701573090, 1, 676, 699, 547, 7, 3.33%, 0, 0, 14, 12.45
1701573125, 1, 676, 700, 548, 7, 3.33%, 0, 0, 14, 13.73
1701573161, 1, 676, 701, 549, 7, 3.33%, 0, 0, 14, 16.80
1701573171, 1, 678, 701, 548, 9, 3.33%, 0, 0, 14, 17.15
1701574780, 1, 678, 703, 550, 9, 3.33%, 0, 0, 14, 21.33
1701574800, 1, 678, 706, 553, 9, 3.33%, 0, 0, 14, 19.69
1701574902, 1, 682, 706, 552, 8, 3.33%, 0, 0, 14, 14.38
1701576868, 1, 684, 706, 551, 7, 3.33%, 0, 0, 14, 15.83
1701577743, 1, 684, 707, 552, 7, 3.33%, 0, 0, 15, 13.27
1701579338, 1, 684, 708, 553, 7, 3.33%, 0, 0, 15, 19.89
1701579348, 1, 684, 709, 554, 7, 3.33%, 0, 0, 15, 19.35
1701579404, 1, 684, 710, 555, 7, 3.33%, 0, 0, 15, 18.80
1701579486, 1, 684, 711, 556, 7, 3.33%, 0, 0, 15, 18.17
1701579491, 1, 685, 711, 555, 7, 3.33%, 0, 0, 15, 18.29
1701579558, 1, 685, 712, 556, 7, 3.33%, 0, 0, 15, 13.25
1701579722, 1, 685, 713, 557, 7, 3.33%, 0, 0, 15, 10.92
1701579834, 1, 685, 714, 558, 7, 3.33%, 0, 0, 15, 13.36
1701579854, 1, 685, 715, 559, 7, 3.33%, 0, 0, 15, 11.64
1701579905, 1, 685, 716, 560, 7, 3.33%, 0, 0, 15, 11.46
1701581880, 1, 685, 717, 561, 7, 3.33%, 0, 0, 15, 12.76
1701582080, 1, 685, 718, 562, 7, 3.33%, 0, 0, 15, 12.07
1701582710, 1, 685, 719, 563, 7, 3.33%, 0, 0, 15, 11.80
1701586460, 1, 685, 720, 564, 7, 3.33%, 0, 0, 15, 11.82
1701586465, 1, 685, 721, 565, 7, 3.33%, 0, 0, 15, 12.91
1701586475, 1, 685, 722, 566, 7, 3.33%, 0, 0, 15, 11.13
1701586480, 1, 685, 724, 568, 7, 3.33%, 0, 0, 15, 10.35
1701586485, 1, 685, 725, 569, 7, 3.33%, 0, 0, 15, 13.83
1701586495, 1, 685, 726, 570, 7, 3.33%, 0, 0, 15, 11.47
1701586515, 1, 685, 727, 571, 7, 3.33%, 0, 0, 15, 12.30
1701586526, 1, 685, 728, 572, 7, 3.33%, 0, 0, 15, 10.83
1701586531, 1, 685, 729, 573, 7, 3.33%, 0, 0, 15, 10.91
1701586536, 1, 685, 730, 574, 7, 3.33%, 0, 0, 15, 13.95
1701586556, 1, 685, 731, 575, 7, 3.33%, 0, 0, 15, 15.11
1701586562, 1, 685, 733, 577, 7, 3.33%, 0, 0, 15, 12.51
1701586567, 1, 685, 734, 578, 7, 3.33%, 0, 0, 15, 14.90
1701586628, 1, 685, 735, 579, 7, 3.33%, 0, 0, 15, 9.35
1701586659, 1, 692, 735, 578, 8, 3.33%, 0, 0, 15, 9.88
1701594455, 1, 694, 735, 577, 7, 3.33%, 0, 0, 15, 23.18
1701595835, 1, 702, 735, 576, 6, 3.33%, 0, 0, 15, 26.27
1701596925, 1, 702, 738, 579, 6, 3.33%, 0, 0, 15, 16.76
1701596931, 1, 702, 739, 580, 6, 3.33%, 0, 0, 15, 20.44
1701596956, 1, 702, 740, 581, 6, 3.33%, 0, 0, 15, 20.41
1701596972, 1, 702, 741, 582, 6, 3.33%, 0, 0, 15, 19.42
1701597090, 1, 702, 742, 583, 6, 3.33%, 0, 0, 15, 24.28
1701597100, 1, 705, 742, 582, 6, 3.33%, 0, 0, 15, 22.20
1701598465, 1, 708, 742, 581, 5, 3.33%, 0, 0, 15, 17.92
1701600751, 1, 711, 742, 580, 4, 3.33%, 0, 0, 15, 17.43
1701602677, 1, 711, 743, 581, 4, 3.34%, 0, 0, 16, 9.78
1701607553, 1, 711, 744, 582, 4, 3.34%, 0, 0, 16, 10.51
1701607650, 1, 711, 745, 583, 4, 3.34%, 0, 0, 16, 12.23
1701607655, 1, 711, 746, 584, 4, 3.34%, 0, 0, 16, 9.80
1701607680, 1, 711, 747, 585, 4, 3.34%, 0, 0, 16, 14.11
1701607686, 1, 711, 748, 586, 4, 3.34%, 0, 0, 16, 13.42
1701607727, 1, 711, 749, 587, 4, 3.34%, 0, 0, 16, 13.41
1701607767, 1, 711, 750, 588, 4, 3.34%, 0, 0, 16, 16.34
1701607804, 1, 724, 750, 587, 7, 3.34%, 0, 0, 16, 9.15
1701607839, 1, 724, 751, 588, 7, 3.34%, 0, 0, 16, 12.19
1701608930, 1, 724, 752, 589, 7, 3.34%, 0, 0, 16, 12.09
1701613421, 1, 724, 753, 590, 7, 3.34%, 0, 0, 16, 11.07
1701613457, 1, 724, 754, 591, 7, 3.34%, 0, 0, 16, 17.05
1701613503, 1, 724, 755, 592, 7, 3.34%, 0, 0, 16, 13.20
1701613580, 1, 741, 755, 591, 6, 3.34%, 0, 0, 16, 14.87
1701614619, 1, 741, 756, 592, 6, 3.34%, 0, 0, 16, 19.65
1701614695, 1, 743, 756, 591, 6, 3.34%, 0, 0, 16, 18.32
1701614777, 1, 743, 757, 592, 6, 3.34%, 0, 0, 17, 18.08
1701617668, 1, 743, 758, 593, 6, 3.34%, 0, 0, 17, 17.02
1701617913, 1, 745, 758, 592, 6, 3.34%, 0, 0, 17, 19.00
1701618103, 1, 745, 759, 593, 6, 3.34%, 0, 0, 17, 14.02
1701623019, 1, 745, 760, 594, 6, 3.34%, 0, 0, 17, 17.97
1701623049, 1, 745, 761, 595, 6, 3.34%, 0, 0, 17, 16.91
1701623070, 1, 745, 762, 596, 6, 3.34%, 0, 0, 17, 16.53
1701623162, 1, 749, 762, 595, 6, 3.34%, 0, 0, 17, 14.57
1701626833, 1, 749, 763, 596, 6, 3.34%, 0, 0, 17, 12.94
1701626915, 1, 753, 763, 595, 6, 3.34%, 0, 0, 17, 16.27
1701632320, 1, 755, 763, 594, 5, 3.34%, 0, 0, 17, 12.58
1701632448, 1, 755, 764, 595, 5, 3.34%, 0, 0, 17, 13.18
1701632453, 1, 755, 765, 596, 5, 3.34%, 0, 0, 17, 11.28
1701634178, 1, 755, 766, 597, 5, 3.34%, 0, 0, 17, 24.40
1701634255, 1, 757, 766, 596, 5, 3.34%, 0, 0, 17, 16.29
1701638365, 1, 757, 767, 597, 5, 3.34%, 0, 0, 18, 13.38
1701638381, 1, 757, 768, 598, 5, 3.34%, 0, 0, 18, 15.10
1701638509, 1, 757, 769, 599, 5, 3.34%, 0, 0, 18, 14.19
1701638534, 1, 761, 769, 598, 6, 3.34%, 0, 0, 18, 12.30
1701638733, 1, 761, 770, 599, 6, 3.34%, 0, 0, 18, 13.44
1701641962, 1, 761, 771, 600, 6, 3.34%, 0, 0, 18, 13.29
1701642019, 1, 761, 772, 601, 6, 3.34%, 0, 0, 18, 18.65
1701642142, 1, 762, 772, 600, 6, 3.34%, 0, 0, 18, 13.71
