# unix_time, cycles_done, cur_path, paths_total, pending_total, pending_favs, map_size, unique_crashes, unique_hangs, max_depth, execs_per_sec
1701298015, 0, 0, 1, 1, 1, 0.25%, 0, 0, 1, 35.40
1701298025, 0, 0, 11, 11, 1, 0.32%, 0, 0, 2, 37.55
1701298051, 0, 0, 13, 13, 1, 0.36%, 0, 0, 2, 51.21
1701298056, 0, 0, 14, 14, 1, 0.36%, 0, 0, 2, 51.47
1701298061, 0, 0, 15, 15, 1, 0.38%, 0, 0, 2, 50.71
1701298122, 0, 0, 18, 18, 1, 0.38%, 0, 0, 2, 19.46
1701298127, 0, 0, 20, 20, 1, 0.38%, 0, 0, 2, 19.83
1701298296, 0, 0, 21, 21, 1, 0.38%, 0, 0, 2, 21.37
1701298486, 0, 0, 22, 22, 1, 0.38%, 0, 0, 2, 23.02
1701298507, 0, 0, 23, 23, 1, 0.39%, 0, 0, 2, 21.71
1701298512, 0, 0, 24, 24, 1, 0.39%, 0, 0, 2, 20.20
1701298553, 0, 0, 26, 26, 1, 0.39%, 0, 0, 2, 24.00
1701298666, 0, 0, 27, 27, 1, 0.39%, 0, 0, 2, 19.82
1701298737, 0, 0, 28, 28, 1, 0.40%, 0, 0, 2, 19.83
1701299289, 0, 0, 30, 30, 1, 0.40%, 1, 0, 2, 22.61
1701300086, 0, 0, 31, 31, 1, 0.40%, 1, 0, 2, 22.61
1701301094, 0, 2, 31, 30, 14, 0.40%, 1, 0, 2, 20.55
1701301099, 0, 4, 31, 29, 13, 0.40%, 1, 0, 2, 17.16
1701301181, 0, 4, 32, 30, 13, 0.40%, 1, 0, 3, 19.22
1701301268, 0, 4, 33, 31, 13, 0.40%, 1, 0, 3, 18.87
1701301654, 0, 4, 34, 32, 13, 0.40%, 1, 0, 3, 22.07
1701301772, 0, 4, 35, 33, 13, 0.40%, 1, 0, 3, 17.20
1701304182, 0, 5, 35, 32, 13, 0.40%, 1, 0, 3, 24.63
1701304192, 0, 7, 35, 31, 12, 0.40%, 1, 0, 3, 23.77
1701304197, 0, 14, 35, 30, 11, 0.40%, 1, 0, 3, 20.24
1701304207, 0, 21, 35, 29, 10, 0.40%, 1, 0, 3, 17.52
1701304218, 0, 22, 35, 28, 9, 0.40%, 1, 0, 3, 17.86
1701304228, 0, 23, 35, 27, 8, 0.40%, 1, 0, 3, 18.97
1701304233, 0, 26, 35, 26, 7, 0.40%, 1, 0, 3, 17.66
1701304243, 0, 26, 36, 27, 7, 0.40%, 1, 0, 3, 19.89
1701304361, 0, 26, 37, 28, 7, 0.40%, 1, 0, 3, 17.31
1701304627, 0, 26, 38, 29, 7, 0.40%, 1, 0, 3, 18.55
1701304934, 0, 26, 39, 30, 7, 0.40%, 1, 0, 3, 17.87
1701305236, 0, 26, 40, 31, 7, 0.40%, 1, 0, 3, 24.58
1701306351, 0, 26, 41, 32, 7, 0.40%, 1, 0, 3, 14.34
1701307804, 0, 26, 42, 33, 7, 0.40%, 1, 0, 3, 12.66
1701307856, 0, 26, 43, 34, 7, 0.40%, 1, 0, 3, 24.05
1701307876, 0, 26, 44, 35, 7, 0.40%, 1, 0, 3, 20.70
1701307973, 0, 27, 44, 34, 10, 0.40%, 1, 0, 3, 23.33
1701307983, 0, 27, 45, 35, 10, 0.40%, 1, 0, 3, 24.00
1701308049, 0, 27, 46, 36, 10, 0.41%, 1, 0, 3, 24.84
1701308396, 0, 27, 47, 37, 10, 0.41%, 1, 0, 3, 24.46
1701308739, 0, 27, 48, 38, 10, 0.41%, 1, 0, 3, 23.49
1701309854, 0, 28, 48, 37, 10, 0.41%, 1, 0, 3, 20.66
1701310345, 0, 28, 49, 38, 10, 0.41%, 1, 0, 3, 20.86
1701312678, 0, 31, 49, 37, 10, 0.41%, 1, 0, 3, 24.17
1701312688, 0, 32, 49, 36, 9, 0.41%, 1, 0, 3, 19.76
1701312693, 0, 40, 49, 35, 8, 0.41%, 1, 0, 3, 21.24
1701312775, 0, 40, 50, 36, 8, 0.41%, 1, 0, 4, 25.96
1701312811, 0, 40, 51, 37, 8, 0.41%, 1, 0, 4, 23.98
1701312928, 0, 40, 52, 38, 8, 0.41%, 1, 0, 4, 22.58
1701314844, 0, 41, 52, 37, 8, 0.41%, 1, 0, 4, 20.97
1701314854, 0, 42, 52, 36, 7, 0.41%, 1, 0, 4, 22.43
1701314859, 0, 44, 52, 35, 6, 0.41%, 1, 0, 4, 20.41
1701314930, 0, 44, 53, 36, 6, 0.41%, 1, 0, 4, 20.02
1701314941, 0, 44, 54, 37, 6, 0.41%, 1, 0, 4, 21.29
1701315273, 0, 44, 55, 38, 6, 0.41%, 1, 0, 4, 20.71
1701315395, 0, 44, 56, 39, 6, 0.41%, 1, 0, 4, 17.61
1701316764, 0, 48, 56, 38, 6, 0.41%, 1, 0, 4, 25.07
1701316835, 0, 48, 57, 39, 6, 0.41%, 1, 0, 4, 22.64
1701317270, 0, 48, 58, 40, 6, 0.41%, 1, 0, 4, 22.52
1701319528, 0, 50, 58, 39, 5, 0.41%, 1, 0, 4, 25.02
1701321654, 0, 51, 58, 38, 4, 0.41%, 1, 0, 4, 21.67
1701322160, 0, 51, 59, 39, 4, 0.41%, 1, 0, 5, 21.81
1701323762, 0, 53, 59, 38, 4, 0.41%, 1, 0, 5, 21.32
1701323767, 0, 55, 59, 37, 3, 0.41%, 1, 0, 5, 20.41
1701323772, 0, 57, 59, 36, 2, 0.41%, 1, 0, 5, 19.00
1701323777, 0, 58, 59, 35, 1, 0.41%, 1, 0, 5, 19.05
1701323859, 0, 58, 60, 36, 1, 0.41%, 1, 0, 6, 21.73
1701325837, 0, 59, 60, 35, 1, 0.41%, 1, 0, 6, 20.09
1701325842, 1, 3, 60, 33, 0, 0.41%, 1, 0, 6, 18.78
1701325858, 1, 6, 60, 32, 0, 0.41%, 1, 0, 6, 17.35
1701325863, 1, 13, 60, 31, 0, 0.41%, 1, 0, 6, 17.63
1701325873, 1, 17, 60, 30, 0, 0.41%, 1, 0, 6, 18.41
1701325884, 1, 56, 60, 29, 1, 0.41%, 1, 0, 6, 22.52
1701325889, 1, 57, 60, 28, 0, 0.41%, 1, 0, 6, 25.45
1701327643, 2, 16, 60, 28, 0, 0.41%, 1, 0, 6, 21.79
1701327653, 2, 30, 60, 27, 0, 0.41%, 1, 0, 6, 19.34
1701327659, 2, 35, 60, 26, 0, 0.41%, 1, 0, 6, 18.95
1701327669, 2, 43, 60, 25, 0, 0.41%, 1, 0, 6, 21.91
1701327674, 2, 47, 60, 24, 0, 0.41%, 1, 0, 6, 20.73
1701329744, 2, 47, 61, 25, 0, 0.41%, 1, 0, 6, 19.68
1701329764, 2, 47, 63, 27, 0, 0.41%, 1, 0, 6, 22.81
1701329774, 2, 62, 63, 26, 1, 0.41%, 1, 0, 6, 24.36
1701329821, 3, 10, 63, 25, 0, 0.41%, 1, 0, 6, 19.42
1701329831, 3, 12, 63, 24, 0, 0.41%, 1, 0, 6, 19.41
1701329841, 3, 29, 63, 23, 0, 0.41%, 1, 0, 6, 21.58
1701332840, 3, 33, 63, 22, 0, 0.41%, 1, 0, 6, 17.21
1701332845, 3, 54, 63, 21, 0, 0.41%, 1, 0, 6, 15.79
1701332855, 4, 15, 63, 20, 0, 0.41%, 1, 0, 6, 19.55
1701332860, 4, 31, 63, 19, 0, 0.41%, 1, 0, 6, 23.28
1701332870, 4, 31, 64, 20, 0, 0.41%, 1, 0, 6, 18.68
1701332876, 4, 38, 64, 20, 0, 0.41%, 1, 0, 6, 18.38
1701332881, 4, 39, 64, 19, 0, 0.41%, 1, 0, 6, 19.14
1701332886, 4, 46, 64, 18, 0, 0.41%, 1, 0, 6, 21.52
1701332891, 4, 54, 64, 17, 0, 0.41%, 1, 0, 6, 22.27
1701332932, 4, 54, 65, 18, 0, 0.41%, 1, 0, 6, 23.77
1701333263, 4, 54, 66, 19, 0, 0.41%, 1, 0, 6, 26.57
1701334541, 4, 54, 67, 20, 0, 0.41%, 1, 0, 6, 20.36
1701334556, 4, 64, 67, 20, 2, 0.41%, 1, 0, 6, 19.39
1701334561, 4, 66, 67, 19, 1, 0.41%, 1, 0, 6, 20.34
1701334566, 5, 23, 67, 18, 0, 0.41%, 1, 0, 6, 21.55
1701335671, 5, 31, 67, 18, 0, 0.41%, 1, 0, 6, 21.07
1701339028, 5, 36, 67, 18, 0, 0.41%, 1, 0, 6, 23.42
1701339038, 5, 39, 68, 18, 0, 0.41%, 1, 0, 6, 21.65
1701339131, 5, 39, 69, 19, 0, 0.41%, 1, 0, 6, 21.85
1701339453, 5, 39, 70, 20, 0, 0.41%, 1, 0, 6, 19.20
1701339612, 5, 39, 71, 21, 0, 0.41%, 1, 0, 6, 23.12
1701340809, 5, 68, 71, 21, 2, 0.41%, 1, 0, 6, 18.89
1701340820, 5, 70, 71, 20, 1, 0.41%, 1, 0, 6, 21.13
1701340825, 6, 11, 71, 19, 0, 0.41%, 1, 0, 6, 20.80
1701340830, 6, 19, 71, 18, 0, 0.41%, 1, 0, 6, 21.75
1701340840, 6, 49, 71, 17, 1, 0.41%, 1, 0, 6, 22.77
1701340845, 6, 63, 71, 16, 1, 0.41%, 1, 0, 6, 19.37
1701396815, 6, 70, 72, 16, 0, 0.41%, 1, 0, 6, 20.50
1701396820, 6, 70, 73, 17, 0, 0.41%, 1, 0, 6, 23.54
1701396912, 6, 70, 74, 18, 0, 0.41%, 1, 0, 6, 27.21
1701398736, 6, 73, 74, 18, 1, 0.41%, 1, 0, 6, 23.44
1701398741, 7, 20, 74, 17, 0, 0.41%, 1, 0, 6, 20.24
1701398751, 7, 32, 74, 16, 0, 0.41%, 1, 0, 6, 21.41
1701399710, 7, 32, 75, 17, 0, 0.41%, 1, 0, 6, 21.87
1701399736, 7, 74, 75, 17, 1, 0.41%, 1, 0, 6, 16.38
1701399741, 8, 8, 75, 16, 0, 0.41%, 1, 0, 6, 17.12
1701399751, 8, 14, 75, 15, 0, 0.41%, 1, 0, 6, 20.53
1701402572, 8, 20, 75, 15, 0, 0.41%, 1, 0, 6, 25.64
1701405334, 8, 37, 75, 15, 0, 0.41%, 1, 0, 6, 20.23
1701405344, 8, 41, 75, 14, 0, 0.41%, 1, 0, 6, 19.02
1701405359, 8, 45, 75, 14, 0, 0.41%, 1, 0, 6, 18.57
1701405364, 8, 55, 75, 13, 0, 0.41%, 1, 0, 6, 19.61
1701405431, 8, 55, 76, 14, 0, 0.41%, 1, 0, 6, 25.87
1701405927, 8, 55, 77, 15, 0, 0.41%, 1, 0, 6, 6.10
1701407224, 8, 60, 77, 15, 2, 0.41%, 1, 0, 6, 18.43
1701407301, 8, 69, 77, 14, 3, 0.41%, 1, 0, 6, 17.95
1701407306, 8, 75, 77, 13, 2, 0.41%, 1, 0, 6, 18.42
1701407317, 8, 76, 77, 12, 1, 0.41%, 1, 0, 6, 17.11
1701407322, 9, 18, 77, 11, 0, 0.41%, 1, 0, 6, 20.48
1701407327, 9, 25, 77, 10, 0, 0.41%, 1, 0, 6, 22.97
1701407332, 9, 41, 77, 9, 0, 0.41%, 1, 0, 6, 24.75
1701407347, 9, 53, 77, 9, 0, 0.41%, 1, 0, 6, 24.10
1701407597, 9, 53, 78, 10, 0, 0.41%, 1, 0, 6, 24.42
1701408435, 9, 77, 78, 10, 1, 0.41%, 1, 0, 6, 23.76
1701408440, 10, 24, 78, 9, 0, 0.41%, 1, 0, 6, 22.12
1701408446, 10, 41, 78, 8, 0, 0.41%, 1, 0, 6, 20.26
1701408456, 10, 52, 78, 8, 0, 0.41%, 1, 0, 6, 22.36
1701408466, 10, 65, 78, 7, 0, 0.41%, 1, 0, 6, 19.50
1701408471, 10, 67, 78, 6, 0, 0.41%, 1, 0, 6, 19.50
1701408476, 10, 76, 78, 5, 0, 0.41%, 1, 0, 6, 18.43
1701408553, 10, 76, 79, 6, 0, 0.41%, 1, 0, 6, 18.98
1701410193, 10, 78, 79, 6, 1, 0.41%, 1, 0, 6, 24.95
1701410199, 11, 2, 79, 5, 0, 0.41%, 1, 0, 6, 23.78
1701411082, 11, 41, 79, 4, 0, 0.41%, 1, 0, 6, 20.82
1701415365, 11, 59, 79, 4, 0, 0.41%, 1, 0, 6, 25.90
1701415452, 11, 59, 80, 5, 0, 0.41%, 1, 0, 7, 20.27
1701415907, 11, 59, 81, 6, 0, 0.41%, 1, 0, 7, 21.71
1701417275, 11, 80, 81, 6, 1, 0.41%, 1, 0, 7, 23.24
1701419272, 12, 61, 81, 5, 0, 0.41%, 1, 0, 7, 25.02
1701419323, 12, 71, 81, 4, 0, 0.41%, 1, 0, 7, 19.61
1701419328, 12, 74, 81, 3, 0, 0.41%, 1, 0, 7, 19.14
1701420447, 13, 56, 81, 3, 0, 0.41%, 1, 0, 7, 24.09
1701422573, 13, 66, 81, 3, 0, 0.41%, 1, 0, 7, 22.61
1701423539, 13, 66, 82, 4, 0, 0.41%, 1, 0, 7, 22.75
1701423580, 13, 81, 82, 4, 1, 0.41%, 1, 0, 7, 18.94
1701424745, 14, 2, 82, 3, 0, 0.41%, 1, 0, 7, 25.36
1701424760, 14, 14, 82, 3, 0, 0.41%, 1, 0, 7, 23.33
1701424771, 14, 73, 82, 3, 0, 0.41%, 1, 0, 7, 20.33
1701426385, 14, 73, 83, 4, 0, 0.41%, 1, 0, 7, 23.02
1701426425, 14, 82, 83, 4, 1, 0.41%, 1, 0, 7, 20.52
1701426436, 15, 2, 84, 4, 0, 0.41%, 1, 0, 7, 19.84
1701426461, 15, 83, 84, 4, 1, 0.41%, 1, 0, 7, 15.73
