# unix_time, cycles_done, cur_path, paths_total, pending_total, pending_favs, map_size, unique_crashes, unique_hangs, max_depth, execs_per_sec
1700597290, 0, 0, 1, 1, 1, 0.13%, 0, 0, 1, 12.72
1700597295, 0, 0, 7, 7, 1, 0.54%, 0, 0, 2, 10.69
1700597300, 0, 0, 12, 12, 1, 0.75%, 0, 0, 2, 9.72
1700597305, 0, 0, 17, 17, 1, 0.77%, 0, 0, 2, 9.21
1700597310, 0, 0, 21, 21, 1, 0.81%, 0, 0, 2, 8.71
1700597315, 0, 0, 25, 25, 1, 0.82%, 0, 0, 2, 8.27
1700597320, 0, 0, 28, 28, 1, 0.85%, 0, 0, 2, 7.28
1700597325, 0, 0, 30, 30, 1, 0.86%, 0, 0, 2, 6.79
1700597330, 0, 0, 31, 31, 1, 0.88%, 0, 0, 2, 5.34
1700597335, 0, 0, 33, 33, 1, 0.88%, 0, 0, 2, 5.98
1700597341, 0, 0, 34, 34, 1, 0.89%, 0, 0, 2, 5.00
1700597346, 0, 0, 35, 35, 1, 1.51%, 0, 0, 2, 5.07
1700597356, 0, 0, 36, 36, 1, 1.63%, 0, 0, 2, 3.68
1700597367, 0, 0, 37, 37, 1, 1.63%, 0, 0, 2, 4.44
1700597372, 0, 0, 38, 38, 1, 1.63%, 0, 0, 2, 5.13
1700597382, 0, 0, 39, 39, 1, 1.84%, 0, 0, 2, 4.78
1700597387, 0, 0, 40, 40, 1, 1.84%, 0, 0, 2, 4.60
1700597408, 0, 0, 41, 41, 1, 1.84%, 0, 0, 2, 4.80
1700597413, 0, 0, 42, 42, 1, 1.88%, 0, 0, 2, 4.57
1700597418, 0, 0, 43, 43, 1, 2.01%, 0, 0, 2, 4.91
1700597470, 0, 0, 44, 44, 1, 2.04%, 0, 0, 2, 4.49
1700597480, 0, 0, 45, 45, 1, 2.06%, 0, 0, 2, 4.55
1700597532, 0, 1, 46, 45, 24, 2.06%, 0, 0, 3, 10.99
1700597547, 0, 1, 47, 46, 24, 2.06%, 0, 0, 3, 10.59
1700597572, 0, 1, 49, 48, 24, 2.07%, 0, 0, 3, 11.78
1700597578, 0, 1, 51, 50, 24, 2.07%, 0, 0, 3, 11.91
1700597583, 0, 1, 52, 51, 24, 2.07%, 0, 0, 3, 12.09
1700597588, 0, 1, 54, 53, 24, 2.08%, 0, 0, 3, 12.04
1700597604, 0, 1, 55, 54, 24, 2.09%, 0, 0, 3, 12.26
1700597614, 0, 1, 56, 55, 24, 2.09%, 0, 0, 3, 11.48
1700597619, 0, 1, 57, 56, 24, 2.09%, 0, 0, 3, 11.88
1700597634, 0, 1, 59, 58, 24, 2.10%, 0, 0, 3, 11.83
1700597639, 0, 1, 61, 60, 24, 2.16%, 0, 0, 3, 11.80
1700597645, 0, 1, 62, 61, 24, 2.16%, 0, 0, 3, 11.59
1700597650, 0, 1, 63, 62, 24, 2.18%, 0, 0, 3, 12.87
1700597655, 0, 1, 64, 63, 24, 2.18%, 0, 0, 3, 13.44
1700597665, 0, 1, 65, 64, 24, 2.22%, 0, 0, 3, 13.09
1700597670, 0, 1, 66, 65, 24, 2.22%, 0, 0, 3, 12.07
1700597696, 0, 1, 67, 66, 24, 2.22%, 0, 0, 3, 12.72
1700597757, 0, 1, 68, 67, 24, 2.22%, 0, 0, 3, 12.24
1700597793, 0, 1, 69, 68, 24, 2.23%, 0, 0, 3, 13.12
1700597798, 0, 1, 70, 69, 24, 2.23%, 0, 0, 3, 13.40
1700597803, 0, 1, 71, 70, 24, 2.23%, 0, 0, 3, 12.78
1700597813, 0, 1, 72, 71, 24, 2.23%, 0, 0, 3, 13.23
1700597834, 0, 1, 73, 72, 24, 2.23%, 0, 0, 3, 13.10
1700598029, 0, 1, 74, 73, 24, 2.24%, 0, 0, 3, 12.40
1700598065, 0, 1, 75, 74, 24, 2.24%, 0, 0, 3, 12.64
1700598121, 0, 2, 75, 73, 40, 2.24%, 0, 0, 3, 14.28
1700598162, 0, 4, 75, 72, 39, 2.24%, 0, 0, 3, 12.78
1700598219, 0, 10, 75, 71, 38, 2.24%, 0, 0, 3, 1.65
1700598255, 0, 14, 75, 70, 37, 2.24%, 0, 0, 3, 16.49
1700598296, 0, 15, 75, 69, 36, 2.24%, 0, 0, 3, 16.11
1700598424, 0, 16, 75, 68, 35, 2.24%, 0, 0, 3, 12.62
1700598480, 0, 17, 75, 67, 34, 2.24%, 0, 0, 3, 12.81
1700598536, 0, 19, 75, 66, 33, 2.24%, 0, 0, 3, 14.73
1700598577, 0, 27, 75, 65, 31, 2.24%, 0, 0, 3, 11.89
1700598767, 0, 27, 77, 67, 31, 2.28%, 0, 0, 3, 12.26
1700598864, 0, 28, 77, 66, 32, 2.28%, 0, 0, 3, 12.37
1700598925, 0, 29, 77, 65, 31, 2.28%, 0, 0, 3, 12.52
1700598986, 0, 31, 77, 64, 30, 2.28%, 0, 0, 3, 11.88
1700599104, 0, 32, 77, 63, 29, 2.28%, 0, 0, 3, 12.79
1700599145, 0, 33, 77, 62, 28, 2.28%, 0, 0, 3, 6.85
1700599185, 0, 34, 77, 61, 27, 2.28%, 0, 0, 3, 14.64
1700599221, 0, 34, 81, 65, 27, 2.28%, 0, 0, 3, 13.11
1700599226, 0, 34, 82, 66, 27, 2.28%, 0, 0, 3, 13.18
1700599308, 0, 34, 83, 67, 27, 2.28%, 0, 0, 3, 12.95
1700599318, 0, 34, 84, 68, 27, 2.28%, 0, 0, 3, 12.67
1700599334, 0, 34, 85, 69, 27, 2.28%, 0, 0, 3, 12.62
1700599339, 0, 34, 87, 71, 27, 2.28%, 0, 0, 3, 12.10
1700599354, 0, 34, 92, 76, 27, 2.28%, 0, 0, 3, 12.64
1700599359, 0, 34, 95, 79, 27, 2.28%, 0, 0, 3, 12.62
1700599364, 0, 34, 97, 81, 27, 2.28%, 0, 0, 3, 13.04
1700599369, 0, 34, 98, 82, 27, 2.28%, 0, 0, 3, 12.77
1700599385, 0, 34, 99, 83, 27, 2.28%, 0, 0, 3, 12.50
1700599400, 0, 34, 100, 84, 27, 2.28%, 0, 0, 3, 13.18
1700599410, 0, 34, 103, 87, 27, 2.28%, 0, 0, 3, 12.75
1700599421, 0, 34, 105, 89, 27, 2.28%, 0, 0, 3, 12.38
1700599590, 0, 34, 108, 92, 27, 2.28%, 0, 0, 3, 12.59
1700599595, 0, 34, 109, 93, 27, 2.28%, 0, 0, 3, 12.86
1700599610, 0, 34, 111, 95, 27, 2.28%, 0, 0, 3, 13.01
1700599615, 0, 34, 112, 96, 27, 2.28%, 0, 0, 3, 12.98
1700599631, 0, 34, 113, 97, 27, 2.28%, 0, 0, 3, 12.95
1700599636, 0, 34, 114, 98, 27, 2.28%, 0, 0, 3, 12.56
1700599682, 0, 34, 115, 99, 27, 2.28%, 0, 0, 3, 13.20
1700599703, 0, 34, 116, 100, 27, 2.28%, 0, 0, 3, 12.97
1700599734, 0, 34, 117, 101, 27, 2.28%, 0, 0, 3, 13.01
1700599852, 0, 34, 118, 102, 27, 2.31%, 0, 0, 3, 13.36
1700599877, 0, 34, 119, 103, 27, 2.31%, 0, 0, 3, 13.33
1700599938, 0, 34, 120, 104, 27, 2.31%, 0, 0, 3, 12.27
1700600460, 0, 34, 121, 105, 27, 2.31%, 0, 0, 3, 11.54
1700600486, 0, 34, 126, 110, 27, 2.31%, 0, 0, 3, 12.18
1700600491, 0, 34, 131, 115, 27, 2.31%, 0, 0, 3, 12.34
1700600496, 0, 34, 137, 121, 27, 2.31%, 0, 0, 3, 12.31
1700600506, 0, 34, 141, 125, 27, 2.31%, 0, 0, 3, 12.85
1700600512, 0, 34, 147, 131, 27, 2.31%, 0, 0, 3, 12.79
1700600666, 0, 34, 148, 132, 27, 2.31%, 0, 0, 3, 12.24
1700604818, 0, 34, 149, 133, 27, 2.32%, 0, 0, 3, 12.99
1700605191, 0, 37, 149, 132, 28, 2.32%, 0, 0, 3, 12.76
1700605242, 0, 38, 149, 131, 28, 2.32%, 0, 0, 3, 12.89
1700605273, 0, 38, 152, 134, 28, 2.32%, 0, 0, 3, 11.29
1700605278, 0, 38, 158, 140, 28, 2.32%, 0, 0, 3, 10.26
1700605283, 0, 38, 163, 145, 28, 2.32%, 0, 0, 3, 9.83
1700605288, 0, 38, 168, 150, 28, 2.32%, 0, 0, 3, 9.80
1700605293, 0, 38, 174, 156, 28, 2.32%, 0, 0, 3, 9.59
1700605298, 0, 38, 178, 160, 28, 2.32%, 0, 0, 3, 9.46
1700605303, 0, 38, 183, 165, 28, 2.32%, 0, 0, 3, 9.56
1700605308, 0, 38, 189, 171, 28, 2.32%, 0, 0, 3, 9.62
1700605313, 0, 38, 194, 176, 28, 2.32%, 0, 0, 3, 9.65
1700605318, 0, 38, 198, 180, 28, 2.32%, 0, 0, 3, 9.69
1700605323, 0, 38, 203, 185, 28, 2.32%, 0, 0, 3, 9.66
1700605328, 0, 38, 208, 190, 28, 2.32%, 0, 0, 3, 9.47
1700605334, 0, 38, 212, 194, 28, 2.32%, 0, 0, 3, 9.38
1700605339, 0, 38, 216, 198, 28, 2.32%, 0, 0, 3, 9.20
1700605344, 0, 38, 221, 203, 28, 2.32%, 0, 0, 3, 9.02
1700605349, 0, 38, 223, 205, 28, 2.32%, 0, 0, 3, 9.23
1700605354, 0, 38, 227, 209, 28, 2.32%, 0, 0, 3, 9.07
1700605359, 0, 38, 230, 212, 28, 2.32%, 0, 0, 3, 9.09
1700605364, 0, 38, 234, 216, 28, 2.32%, 0, 0, 3, 9.29
1700605370, 0, 38, 238, 220, 28, 2.32%, 0, 0, 3, 9.11
1700605375, 0, 38, 242, 224, 28, 2.32%, 0, 0, 3, 9.18
1700605380, 0, 38, 244, 226, 28, 2.32%, 0, 0, 3, 9.38
1700605385, 0, 38, 245, 227, 28, 2.32%, 0, 0, 3, 9.37
1700605410, 0, 38, 246, 228, 28, 2.32%, 0, 0, 3, 11.11
1700605416, 0, 38, 248, 230, 28, 2.32%, 0, 0, 3, 9.68
1700605421, 0, 38, 250, 232, 28, 2.32%, 0, 0, 3, 9.43
1700605477, 0, 38, 251, 233, 28, 2.32%, 0, 0, 3, 12.31
1700605482, 0, 38, 252, 234, 28, 2.32%, 0, 0, 3, 12.09
1700605497, 0, 38, 253, 235, 28, 2.32%, 0, 0, 3, 13.11
1700605502, 0, 38, 255, 237, 28, 2.33%, 0, 0, 3, 12.56
1700605512, 0, 38, 256, 238, 28, 2.33%, 0, 0, 3, 13.37
1700605518, 0, 38, 258, 240, 28, 2.33%, 0, 0, 3, 10.70
1700605523, 0, 38, 262, 244, 28, 2.33%, 0, 0, 3, 9.84
1700605528, 0, 38, 266, 248, 28, 2.33%, 0, 0, 3, 9.48
1700605533, 0, 38, 270, 252, 28, 2.33%, 0, 0, 3, 9.79
1700605538, 0, 38, 272, 254, 28, 2.33%, 0, 0, 3, 9.62
1700605543, 0, 38, 274, 256, 28, 2.33%, 0, 0, 3, 9.64
1700605559, 0, 38, 275, 257, 28, 2.33%, 0, 0, 3, 12.05
1700605564, 0, 38, 276, 258, 28, 2.33%, 0, 0, 3, 12.34
1700605574, 0, 38, 277, 259, 28, 2.33%, 0, 0, 3, 12.11
1700605579, 0, 38, 279, 261, 28, 2.33%, 0, 0, 3, 10.90
1700605594, 0, 38, 280, 262, 28, 2.33%, 0, 0, 3, 10.54
1700605599, 0, 38, 283, 265, 28, 2.33%, 0, 0, 3, 9.99
1700605604, 0, 38, 286, 268, 28, 2.33%, 0, 0, 3, 9.49
1700605610, 0, 38, 289, 271, 28, 2.33%, 0, 0, 3, 9.51
1700605615, 0, 38, 292, 274, 28, 2.33%, 0, 0, 3, 9.44
1700605620, 0, 38, 293, 275, 28, 2.33%, 0, 0, 3, 9.47
1700605625, 0, 38, 294, 276, 28, 2.33%, 0, 0, 3, 9.74
1700605630, 0, 38, 296, 278, 28, 2.33%, 0, 0, 3, 10.02
1700605635, 0, 38, 298, 280, 28, 2.33%, 0, 0, 3, 9.56
1700605641, 0, 38, 300, 282, 28, 2.33%, 0, 0, 3, 10.20
1700605646, 0, 38, 301, 283, 28, 2.33%, 0, 0, 3, 10.26
1700605656, 0, 38, 303, 285, 28, 2.33%, 0, 0, 3, 11.08
1700605666, 0, 38, 305, 287, 28, 2.33%, 0, 0, 3, 10.07
1700605671, 0, 38, 307, 289, 28, 2.33%, 0, 0, 3, 9.90
1700605676, 0, 38, 308, 290, 28, 2.33%, 0, 0, 3, 9.88
1700605687, 0, 38, 309, 291, 28, 2.33%, 0, 0, 3, 10.13
1700605697, 0, 38, 310, 292, 28, 2.33%, 0, 0, 3, 10.12
1700605723, 0, 38, 311, 293, 28, 2.33%, 0, 0, 3, 10.37
1700605728, 0, 38, 312, 294, 28, 2.33%, 0, 0, 3, 9.69
1700605779, 0, 38, 313, 295, 28, 2.33%, 0, 0, 3, 10.37
1700605836, 0, 38, 314, 296, 28, 2.33%, 0, 0, 3, 12.08
1700605841, 0, 38, 315, 297, 28, 2.33%, 0, 0, 3, 13.05
1700605861, 0, 38, 316, 298, 28, 2.33%, 0, 0, 3, 13.05
1700605876, 0, 38, 317, 299, 28, 2.33%, 0, 0, 3, 11.60
1700605922, 0, 38, 318, 300, 28, 2.33%, 0, 0, 3, 12.55
1700605938, 0, 38, 320, 302, 28, 2.33%, 0, 0, 3, 10.24
1700606142, 0, 38, 322, 304, 28, 2.35%, 0, 0, 3, 11.81
1700606168, 0, 38, 323, 305, 28, 2.35%, 0, 0, 3, 12.56
1700606209, 0, 38, 324, 306, 28, 2.35%, 0, 0, 3, 13.13
1700606219, 0, 38, 325, 307, 28, 2.35%, 0, 0, 3, 12.42
1700606296, 0, 38, 326, 308, 28, 2.35%, 0, 0, 3, 10.95
1700606623, 0, 38, 327, 309, 28, 2.35%, 0, 0, 3, 9.61
1700606905, 0, 38, 330, 312, 28, 2.38%, 0, 0, 3, 11.43
1700606910, 0, 38, 334, 316, 28, 2.38%, 0, 0, 3, 9.68
1700606915, 0, 38, 338, 320, 28, 2.38%, 0, 0, 3, 8.58
1700606920, 0, 38, 342, 324, 28, 2.38%, 0, 0, 3, 7.71
1700606936, 0, 38, 346, 328, 28, 2.38%, 0, 0, 3, 12.25
1700607180, 0, 38, 347, 329, 28, 2.38%, 0, 0, 3, 12.57
1700607354, 0, 38, 348, 330, 28, 2.38%, 0, 0, 3, 13.08
1700607456, 0, 38, 350, 332, 28, 2.38%, 0, 0, 3, 11.56
1700608082, 0, 38, 351, 333, 28, 2.38%, 0, 0, 3, 11.53
1700609648, 0, 38, 352, 334, 28, 2.38%, 0, 0, 3, 10.98
1700610237, 0, 38, 353, 335, 28, 2.38%, 0, 0, 3, 12.26
1700611492, 0, 38, 354, 336, 28, 2.38%, 0, 0, 3, 10.87
1700611809, 0, 38, 355, 337, 28, 2.38%, 0, 0, 3, 12.61
1700611922, 0, 40, 355, 336, 34, 2.38%, 0, 0, 3, 12.72
1700612044, 0, 41, 355, 335, 33, 2.38%, 0, 0, 3, 13.26
1700612075, 0, 41, 356, 336, 33, 2.38%, 0, 0, 3, 11.19
1700612080, 0, 41, 361, 341, 33, 2.38%, 0, 0, 3, 9.18
1700612085, 0, 41, 365, 345, 33, 2.38%, 0, 0, 3, 8.84
1700612090, 0, 41, 366, 346, 33, 2.38%, 0, 0, 3, 8.91
1700612096, 0, 41, 368, 348, 33, 2.38%, 0, 0, 3, 9.26
1700612101, 0, 41, 370, 350, 33, 2.38%, 0, 0, 3, 9.05
1700612111, 0, 41, 373, 353, 33, 2.38%, 0, 0, 3, 8.73
1700612157, 0, 41, 374, 354, 33, 2.38%, 0, 0, 3, 9.53
1700612260, 0, 41, 376, 356, 33, 2.38%, 0, 0, 3, 8.94
1700612265, 0, 41, 377, 357, 33, 2.38%, 0, 0, 3, 9.24
1700612270, 0, 41, 379, 359, 33, 2.38%, 0, 0, 3, 8.89
1700612276, 0, 41, 380, 360, 33, 2.38%, 0, 0, 3, 9.49
1700612342, 0, 41, 381, 361, 33, 2.38%, 0, 0, 3, 9.31
1700612372, 0, 41, 382, 362, 33, 2.38%, 0, 0, 3, 9.96
1700612383, 0, 41, 383, 363, 33, 2.38%, 0, 0, 3, 9.57
1700612403, 0, 41, 385, 365, 33, 2.38%, 0, 0, 3, 9.29
1700612593, 0, 41, 386, 366, 33, 2.38%, 0, 0, 3, 10.84
1700612870, 0, 41, 388, 368, 33, 2.38%, 0, 0, 3, 10.94
1700613785, 0, 41, 391, 371, 33, 2.38%, 0, 0, 3, 11.10
1700613790, 0, 41, 395, 375, 33, 2.38%, 0, 0, 3, 9.00
1700613795, 0, 41, 397, 377, 33, 2.38%, 0, 0, 3, 8.15
1700614046, 0, 41, 398, 378, 33, 2.38%, 0, 0, 3, 12.59
1700616794, 0, 41, 399, 379, 33, 2.38%, 0, 0, 3, 12.88
1700619331, 0, 42, 399, 378, 33, 2.38%, 0, 0, 3, 12.88
1700619361, 0, 42, 402, 381, 33, 2.38%, 0, 0, 3, 13.64
1700619367, 0, 42, 406, 385, 33, 2.38%, 0, 0, 3, 13.43
1700619372, 0, 42, 408, 387, 33, 2.38%, 0, 0, 3, 12.85
1700619377, 0, 42, 411, 390, 33, 2.38%, 0, 0, 3, 13.26
1700619387, 0, 42, 412, 391, 33, 2.38%, 0, 0, 3, 13.02
1700619392, 0, 42, 413, 392, 33, 2.38%, 0, 0, 3, 13.45
1700619490, 0, 42, 414, 393, 33, 2.38%, 0, 0, 3, 13.40
1700619535, 0, 42, 415, 394, 33, 2.38%, 0, 0, 3, 12.39
1700619540, 0, 42, 417, 396, 33, 2.38%, 0, 0, 3, 13.22
1700619551, 0, 42, 418, 397, 33, 2.38%, 0, 0, 3, 13.45
1700619556, 0, 42, 420, 399, 33, 2.38%, 0, 0, 3, 13.64
1700619704, 0, 42, 421, 400, 33, 2.38%, 0, 0, 3, 12.81
1700619795, 0, 42, 422, 401, 33, 2.38%, 0, 0, 3, 13.40
1700619958, 0, 42, 423, 402, 33, 2.40%, 0, 0, 3, 13.16
1700620055, 0, 42, 424, 403, 33, 2.40%, 0, 0, 3, 13.64
1700620132, 0, 42, 425, 404, 33, 2.40%, 0, 0, 3, 13.30
1700620572, 0, 42, 426, 405, 33, 2.40%, 0, 0, 3, 13.60
1700620578, 0, 42, 432, 411, 33, 2.40%, 0, 0, 3, 12.94
1700620583, 0, 42, 437, 416, 33, 2.40%, 0, 0, 3, 13.10
1700620588, 0, 42, 438, 417, 33, 2.40%, 0, 0, 3, 13.36
1700620593, 0, 42, 440, 419, 33, 2.40%, 0, 0, 3, 12.83
1700620598, 0, 42, 442, 421, 33, 2.40%, 0, 0, 3, 13.55
1700620839, 0, 42, 443, 422, 33, 2.40%, 0, 0, 3, 13.30
1700625002, 0, 43, 443, 421, 34, 2.40%, 0, 0, 3, 11.42
1700625145, 0, 43, 444, 422, 34, 2.40%, 0, 0, 3, 13.42
1700625160, 0, 43, 445, 423, 34, 2.40%, 0, 0, 3, 13.27
1700625309, 0, 43, 446, 424, 34, 2.40%, 0, 0, 3, 12.02
1700625345, 0, 43, 447, 425, 34, 2.40%, 0, 0, 3, 12.42
1700625391, 0, 43, 449, 427, 34, 2.40%, 0, 0, 3, 12.16
1700625412, 0, 43, 450, 428, 34, 2.40%, 0, 0, 3, 13.77
1700625657, 0, 43, 452, 430, 34, 2.40%, 0, 0, 3, 12.78
1700626319, 0, 43, 453, 431, 34, 2.40%, 0, 0, 3, 12.63
1700626324, 0, 43, 455, 433, 34, 2.40%, 0, 0, 3, 12.07
1700626329, 0, 43, 457, 435, 34, 2.40%, 0, 0, 3, 12.07
1700626334, 0, 43, 459, 437, 34, 2.41%, 0, 0, 3, 11.94
1700626339, 0, 43, 464, 442, 34, 2.41%, 0, 0, 3, 10.75
1700626344, 0, 43, 466, 444, 34, 2.41%, 0, 0, 3, 10.37
1700626492, 0, 43, 468, 446, 34, 2.41%, 0, 0, 3, 13.59
1700630941, 0, 44, 468, 445, 33, 2.41%, 0, 0, 3, 12.83
1700630972, 0, 44, 469, 446, 33, 2.41%, 0, 0, 3, 12.31
1700631023, 0, 44, 470, 447, 33, 2.41%, 0, 0, 3, 12.61
1700631142, 0, 44, 471, 448, 33, 2.41%, 0, 0, 3, 13.51
1700631327, 0, 44, 472, 449, 33, 2.41%, 0, 0, 3, 12.98
1700631332, 0, 44, 473, 450, 33, 2.41%, 0, 0, 3, 13.14
1700632248, 0, 44, 478, 455, 33, 2.41%, 0, 0, 3, 12.96
1700632253, 0, 44, 481, 458, 33, 2.41%, 0, 0, 3, 12.64
1700632258, 0, 44, 482, 459, 33, 2.42%, 0, 0, 3, 12.89
1700632263, 0, 44, 486, 463, 33, 2.42%, 0, 0, 3, 10.70
