# unix_time, cycles_done, cur_path, paths_total, pending_total, pending_favs, map_size, unique_crashes, unique_hangs, max_depth, execs_per_sec
1701298055, 0, 0, 1, 1, 1, 0.02%, 0, 0, 1, 18.22
1701298060, 0, 0, 12, 12, 1, 0.24%, 0, 0, 2, 24.71
1701298066, 0, 0, 17, 17, 1, 0.45%, 0, 0, 2, 19.26
1701298071, 0, 0, 19, 19, 1, 0.46%, 0, 0, 2, 13.96
1701298091, 0, 0, 20, 20, 1, 0.46%, 0, 0, 2, 7.69
1701298096, 0, 0, 21, 21, 1, 0.46%, 0, 0, 2, 7.43
1701298132, 0, 0, 22, 22, 1, 0.46%, 0, 0, 2, 7.77
1701298235, 0, 5, 22, 21, 8, 0.46%, 0, 0, 2, 18.87
1701298271, 0, 9, 22, 20, 8, 0.46%, 0, 0, 2, 16.54
1701298276, 0, 9, 26, 24, 8, 0.46%, 0, 0, 3, 16.56
1701298287, 0, 9, 29, 27, 8, 0.46%, 0, 0, 3, 13.81
1701298292, 0, 9, 31, 29, 8, 0.46%, 0, 0, 3, 15.00
1701298302, 0, 9, 31, 29, 8, 0.46%, 1, 0, 3, 2.02
1701298338, 0, 9, 32, 30, 8, 0.46%, 1, 0, 3, 14.84
1701298405, 0, 9, 32, 30, 8, 0.46%, 2, 0, 3, 12.94
1701298579, 0, 12, 32, 29, 6, 0.46%, 2, 0, 3, 13.84
1701298610, 0, 12, 32, 29, 6, 0.46%, 3, 0, 3, 5.05
1701298953, 0, 13, 32, 28, 5, 0.46%, 3, 0, 3, 16.25
1701299715, 0, 14, 32, 27, 4, 0.46%, 3, 0, 3, 15.88
1701299731, 0, 14, 37, 32, 4, 0.48%, 3, 0, 3, 14.70
1701299736, 0, 14, 38, 33, 4, 0.48%, 3, 0, 3, 13.95
1701299787, 0, 14, 39, 34, 4, 0.48%, 3, 0, 3, 14.47
1701299833, 0, 14, 41, 36, 4, 0.49%, 3, 0, 3, 13.29
1701299838, 0, 14, 44, 39, 4, 0.49%, 3, 0, 3, 11.80
1701299843, 0, 14, 45, 40, 4, 0.49%, 3, 0, 3, 14.91
1701299849, 0, 14, 46, 41, 4, 0.49%, 3, 0, 3, 15.17
1701299879, 0, 14, 47, 42, 4, 0.50%, 3, 0, 3, 10.43
1701299915, 0, 14, 49, 44, 4, 0.50%, 3, 0, 3, 14.96
1701299936, 0, 14, 50, 45, 4, 0.50%, 3, 0, 3, 11.97
1701299982, 0, 14, 51, 46, 4, 0.51%, 3, 0, 3, 12.89
1701299998, 0, 14, 52, 47, 4, 0.51%, 3, 0, 3, 15.39
1701300090, 0, 14, 53, 48, 4, 0.51%, 3, 0, 3, 13.80
1701300110, 0, 14, 55, 50, 4, 0.53%, 3, 0, 3, 11.57
1701300233, 0, 14, 56, 51, 4, 0.53%, 3, 0, 3, 12.78
1701300552, 0, 14, 57, 52, 4, 0.53%, 3, 0, 3, 16.09
1701300562, 0, 14, 58, 53, 4, 0.53%, 3, 0, 3, 15.01
1701300567, 0, 14, 59, 54, 4, 0.54%, 3, 0, 3, 15.22
1701300634, 0, 14, 60, 55, 4, 0.54%, 3, 0, 3, 16.08
1701300639, 0, 14, 62, 57, 4, 0.54%, 3, 0, 3, 16.77
1701300767, 0, 14, 65, 60, 4, 0.54%, 3, 0, 3, 12.02
1701300772, 0, 14, 70, 65, 4, 0.54%, 3, 0, 3, 12.10
1701300828, 0, 14, 71, 66, 4, 0.54%, 3, 0, 3, 13.54
1701300915, 0, 14, 72, 67, 4, 0.54%, 3, 0, 3, 13.96
1701301625, 0, 14, 73, 68, 4, 0.54%, 3, 0, 3, 12.45
1701301630, 0, 14, 74, 69, 4, 0.54%, 3, 0, 3, 11.78
1701304374, 0, 14, 75, 70, 4, 0.54%, 3, 0, 3, 15.22
1701304400, 0, 18, 75, 69, 14, 0.54%, 3, 0, 3, 14.67
1701304753, 0, 19, 75, 68, 13, 0.54%, 3, 0, 3, 16.14
1701305194, 0, 35, 75, 67, 12, 0.54%, 3, 0, 3, 11.01
1701305225, 0, 35, 76, 68, 12, 0.54%, 3, 0, 4, 13.84
1701305338, 0, 35, 77, 69, 12, 0.54%, 3, 0, 4, 12.14
1701305389, 0, 35, 78, 70, 12, 0.54%, 3, 0, 4, 14.48
1701305697, 0, 35, 79, 71, 12, 0.54%, 3, 0, 4, 13.80
1701306046, 0, 35, 80, 72, 12, 0.54%, 3, 0, 4, 16.17
1701306457, 0, 35, 81, 73, 12, 0.54%, 3, 0, 4, 14.28
1701307288, 0, 35, 82, 74, 12, 0.54%, 3, 0, 4, 14.51
1701310621, 0, 37, 82, 73, 12, 0.54%, 3, 0, 4, 14.44
1701311665, 0, 37, 83, 74, 12, 0.54%, 3, 0, 4, 14.06
1701312479, 0, 37, 84, 75, 12, 0.54%, 3, 0, 4, 15.07
1701315400, 0, 48, 84, 74, 11, 0.54%, 3, 0, 4, 11.32
1701318959, 0, 49, 84, 73, 11, 0.54%, 3, 0, 4, 17.80
1701319471, 0, 49, 85, 74, 11, 0.54%, 3, 0, 4, 19.68
1701322219, 0, 53, 85, 73, 9, 0.54%, 3, 0, 4, 13.40
1701327208, 0, 56, 85, 72, 8, 0.54%, 3, 0, 4, 17.25
1701331011, 0, 59, 85, 71, 7, 0.54%, 3, 0, 4, 14.25
1701331032, 0, 59, 86, 72, 7, 0.54%, 3, 0, 4, 13.99
1701331078, 0, 59, 87, 73, 7, 0.54%, 3, 0, 4, 16.84
1701333666, 0, 60, 87, 72, 6, 0.54%, 3, 0, 4, 13.98
1701333686, 0, 60, 88, 73, 6, 0.54%, 3, 0, 4, 16.73
1701333727, 0, 60, 89, 74, 6, 0.54%, 3, 0, 4, 15.21
1701336320, 0, 61, 89, 73, 6, 0.54%, 3, 0, 4, 14.50
1701338958, 0, 69, 89, 72, 5, 0.54%, 3, 0, 4, 14.42
1701342462, 0, 81, 89, 71, 4, 0.54%, 3, 0, 4, 16.27
1701343559, 0, 81, 90, 72, 4, 0.54%, 3, 0, 5, 13.50
1701345554, 0, 81, 91, 73, 4, 0.54%, 3, 0, 5, 10.91
1701346572, 0, 84, 91, 72, 3, 0.54%, 3, 0, 5, 17.91
1701348125, 0, 85, 91, 71, 2, 0.54%, 3, 0, 5, 16.85
1701349056, 0, 86, 91, 70, 1, 0.54%, 3, 0, 5, 13.07
1701349066, 0, 86, 92, 71, 1, 0.54%, 3, 0, 5, 15.90
1701351800, 0, 87, 92, 70, 1, 0.54%, 3, 0, 5, 16.46
1701352676, 1, 1, 92, 69, 0, 0.54%, 3, 0, 5, 18.53
1701352717, 1, 4, 92, 68, 0, 0.54%, 3, 0, 5, 17.67
1701352752, 1, 9, 92, 67, 0, 0.54%, 3, 0, 5, 2.34
1701352758, 1, 11, 92, 67, 0, 0.54%, 3, 0, 5, 19.45
1701352788, 1, 12, 92, 66, 0, 0.54%, 3, 0, 5, 21.63
1701352793, 1, 18, 92, 66, 0, 0.54%, 3, 0, 5, 18.21
1701352799, 1, 20, 92, 66, 0, 0.54%, 3, 0, 5, 17.57
1701353197, 1, 25, 92, 65, 0, 0.54%, 3, 0, 5, 15.93
1701353520, 1, 34, 92, 64, 0, 0.54%, 3, 0, 5, 12.09
1701353787, 1, 34, 93, 65, 0, 0.54%, 3, 0, 5, 15.61
1701354874, 1, 34, 94, 66, 0, 0.54%, 3, 0, 5, 15.46
1701359169, 1, 34, 95, 67, 0, 0.55%, 3, 0, 5, 13.18
1701359327, 1, 39, 95, 66, 1, 0.55%, 3, 0, 5, 16.06
1701364485, 1, 94, 95, 65, 1, 0.55%, 3, 0, 5, 17.65
1701369120, 2, 9, 95, 64, 0, 0.55%, 3, 0, 5, 16.18
1701369125, 2, 11, 95, 64, 0, 0.55%, 3, 0, 5, 17.80
1701369130, 2, 15, 95, 64, 0, 0.55%, 3, 0, 5, 17.25
1701369187, 2, 18, 97, 65, 0, 0.55%, 3, 0, 5, 16.33
1701369197, 2, 19, 97, 65, 0, 0.55%, 3, 0, 5, 16.79
1701369202, 2, 22, 97, 65, 0, 0.55%, 3, 0, 5, 16.81
1701369514, 2, 28, 97, 64, 0, 0.55%, 3, 0, 5, 14.07
1701369689, 2, 36, 97, 63, 0, 0.55%, 3, 0, 5, 14.52
1701372648, 2, 37, 97, 62, 0, 0.55%, 3, 0, 5, 14.21
1701372654, 2, 44, 97, 62, 0, 0.55%, 3, 0, 5, 13.79
1701377193, 2, 44, 98, 63, 0, 0.56%, 3, 0, 5, 15.09
1701377214, 2, 97, 98, 62, 1, 0.56%, 3, 0, 5, 0.22
1701381674, 3, 8, 98, 61, 0, 0.56%, 3, 0, 5, 15.16
1701381704, 3, 9, 98, 60, 0, 0.56%, 3, 0, 5, 22.75
1701381709, 3, 11, 98, 60, 0, 0.56%, 3, 0, 5, 17.88
1701381714, 3, 12, 98, 60, 0, 0.56%, 3, 0, 5, 14.48
1701381720, 3, 16, 98, 60, 0, 0.56%, 3, 0, 5, 13.94
1701382570, 3, 18, 98, 59, 0, 0.56%, 3, 0, 5, 17.72
1701382575, 3, 21, 98, 59, 0, 0.56%, 3, 0, 5, 16.92
1701382927, 3, 23, 98, 58, 0, 0.56%, 3, 0, 5, 16.48
1701383244, 3, 24, 98, 57, 0, 0.56%, 3, 0, 5, 17.71
1701383556, 3, 37, 98, 56, 0, 0.56%, 3, 0, 5, 16.72
1701383562, 3, 40, 98, 56, 0, 0.56%, 3, 0, 5, 16.22
1701388981, 3, 41, 98, 55, 0, 0.56%, 3, 0, 5, 15.17
1701393240, 3, 48, 98, 54, 0, 0.56%, 3, 0, 5, 16.65
1701393245, 3, 53, 98, 54, 0, 0.56%, 3, 0, 5, 14.62
1701393250, 3, 55, 98, 54, 0, 0.56%, 3, 0, 5, 12.21
1701398894, 3, 56, 98, 53, 0, 0.56%, 3, 0, 5, 13.99
1701398899, 3, 59, 98, 53, 0, 0.56%, 3, 0, 5, 12.29
1701398904, 3, 60, 98, 53, 0, 0.56%, 3, 0, 5, 15.34
1701398909, 3, 64, 98, 53, 0, 0.56%, 3, 0, 5, 14.83
1701403102, 3, 73, 98, 51, 0, 0.56%, 3, 0, 5, 15.45
1701406850, 3, 77, 98, 50, 0, 0.56%, 3, 0, 5, 16.48
1701410787, 3, 79, 98, 49, 0, 0.56%, 3, 0, 5, 14.11
1701412626, 3, 81, 98, 48, 0, 0.56%, 3, 0, 5, 13.62
1701412637, 3, 82, 98, 48, 0, 0.56%, 3, 0, 5, 15.41
1701413457, 3, 82, 99, 49, 0, 0.56%, 3, 0, 5, 13.22
1701417372, 3, 84, 99, 48, 0, 0.56%, 3, 0, 5, 18.43
1701417377, 3, 85, 99, 48, 0, 0.56%, 3, 0, 5, 16.43
1701417382, 3, 87, 99, 48, 0, 0.56%, 3, 0, 5, 17.06
1701417387, 3, 89, 99, 48, 0, 0.56%, 3, 0, 5, 14.55
1701418084, 3, 89, 100, 49, 0, 0.56%, 3, 0, 6, 13.24
1701421694, 3, 90, 100, 48, 0, 0.56%, 3, 0, 6, 17.53
1701425616, 3, 94, 100, 47, 0, 0.56%, 3, 0, 6, 16.83
1701425627, 3, 97, 100, 47, 0, 0.56%, 3, 0, 6, 14.59
1701425637, 4, 9, 100, 47, 0, 0.56%, 3, 0, 6, 21.49
1701425642, 4, 12, 100, 47, 0, 0.56%, 3, 0, 6, 20.18
1701425647, 4, 15, 100, 47, 0, 0.56%, 3, 0, 6, 18.41
1701425652, 4, 18, 100, 47, 0, 0.56%, 3, 0, 6, 16.27
1701425658, 4, 27, 100, 47, 0, 0.56%, 3, 0, 6, 2.67
1701425842, 4, 37, 100, 46, 0, 0.56%, 3, 0, 6, 14.32
1701425847, 4, 48, 100, 45, 0, 0.56%, 3, 0, 6, 15.65
1701425852, 4, 53, 100, 45, 0, 0.56%, 3, 0, 6, 16.71
1701425857, 4, 57, 100, 45, 0, 0.56%, 3, 0, 6, 17.06
1701430873, 4, 59, 100, 44, 0, 0.56%, 3, 0, 6, 12.83
1701430879, 4, 60, 100, 44, 0, 0.56%, 3, 0, 6, 13.47
1701430884, 4, 69, 100, 44, 0, 0.56%, 3, 0, 6, 1.38
1701430889, 4, 73, 100, 44, 0, 0.56%, 3, 0, 6, 16.62
1701430894, 4, 81, 100, 43, 0, 0.56%, 3, 0, 6, 15.25
1701430904, 4, 84, 100, 43, 0, 0.56%, 3, 0, 6, 15.81
1701430914, 4, 85, 100, 43, 0, 0.56%, 3, 0, 6, 14.38
1701430919, 4, 86, 100, 43, 0, 0.56%, 3, 0, 6, 13.41
1701430930, 4, 87, 100, 43, 0, 0.56%, 3, 0, 6, 16.73
1701430935, 4, 90, 100, 43, 0, 0.56%, 3, 0, 6, 15.59
1701430940, 4, 91, 100, 43, 0, 0.56%, 3, 0, 6, 16.09
1701433514, 4, 93, 100, 42, 0, 0.56%, 3, 0, 6, 9.35
1701434180, 4, 93, 101, 43, 0, 0.56%, 3, 0, 6, 16.01
1701437457, 4, 94, 101, 42, 0, 0.56%, 3, 0, 6, 16.60
1701437468, 4, 96, 101, 42, 0, 0.56%, 3, 0, 6, 15.38
