# unix_time, cycles_done, cur_path, paths_total, pending_total, pending_favs, map_size, unique_crashes, unique_hangs, max_depth, execs_per_sec
1701298039, 0, 0, 1, 1, 1, 0.25%, 0, 0, 1, 15.94
1701298045, 0, 0, 4, 4, 1, 0.28%, 0, 0, 2, 42.69
1701298050, 0, 0, 11, 11, 1, 0.32%, 0, 0, 2, 50.40
1701298075, 0, 0, 12, 12, 1, 0.32%, 0, 0, 2, 31.79
1701298080, 0, 0, 14, 14, 1, 0.36%, 0, 0, 2, 26.55
1701298106, 0, 0, 15, 15, 1, 0.38%, 0, 0, 2, 18.77
1701298177, 0, 0, 20, 20, 1, 0.38%, 0, 0, 2, 17.89
1701298536, 0, 0, 21, 21, 1, 0.38%, 0, 0, 2, 22.03
1701298556, 0, 0, 22, 22, 1, 0.39%, 0, 0, 2, 20.90
1701298561, 0, 0, 23, 23, 1, 0.39%, 0, 0, 2, 21.67
1701298602, 0, 0, 25, 25, 1, 0.39%, 0, 0, 2, 22.76
1701298811, 0, 0, 27, 27, 1, 0.40%, 0, 0, 2, 22.02
1701299353, 0, 0, 29, 29, 1, 0.40%, 0, 0, 2, 18.82
1701300196, 0, 0, 30, 30, 1, 0.40%, 0, 0, 2, 22.95
1701301216, 0, 0, 31, 31, 1, 0.40%, 0, 0, 2, 21.65
1701301247, 0, 2, 31, 30, 15, 0.40%, 0, 0, 2, 22.12
1701301252, 0, 4, 31, 29, 14, 0.40%, 0, 0, 2, 20.73
1701301324, 0, 4, 32, 30, 14, 0.40%, 0, 0, 3, 21.45
1701301416, 0, 4, 33, 31, 14, 0.41%, 0, 0, 3, 23.17
1701301805, 0, 4, 34, 32, 14, 0.41%, 0, 0, 3, 23.38
1701301958, 0, 4, 35, 33, 14, 0.41%, 0, 0, 3, 20.16
1701304594, 0, 4, 36, 34, 14, 0.41%, 0, 0, 3, 21.57
1701304634, 0, 5, 36, 33, 15, 0.41%, 0, 0, 3, 24.30
1701304645, 0, 7, 36, 32, 14, 0.41%, 0, 0, 3, 23.35
1701304650, 0, 14, 36, 31, 13, 0.41%, 0, 0, 3, 25.00
1701304655, 0, 21, 36, 30, 12, 0.41%, 0, 0, 3, 25.35
1701304665, 0, 22, 36, 29, 11, 0.41%, 0, 0, 3, 25.67
1701304670, 0, 25, 36, 28, 10, 0.41%, 0, 0, 3, 22.71
1701304675, 0, 26, 36, 27, 9, 0.41%, 0, 0, 3, 22.55
1701304685, 0, 26, 37, 28, 9, 0.41%, 0, 0, 3, 21.57
1701304747, 0, 26, 38, 29, 9, 0.41%, 0, 0, 3, 24.93
1701304752, 0, 26, 39, 30, 9, 0.41%, 0, 0, 3, 23.29
1701304787, 0, 26, 40, 31, 9, 0.41%, 0, 0, 3, 21.00
1701305088, 0, 26, 41, 32, 9, 0.41%, 0, 0, 3, 21.80
1701305452, 0, 26, 42, 33, 9, 0.41%, 0, 0, 3, 21.48
1701306610, 0, 27, 42, 32, 11, 0.41%, 0, 0, 3, 20.31
1701306692, 0, 27, 43, 33, 11, 0.41%, 0, 0, 3, 17.43
1701306906, 0, 27, 44, 34, 11, 0.41%, 0, 0, 3, 23.16
1701309458, 0, 30, 44, 33, 9, 0.41%, 0, 0, 3, 22.85
1701311569, 0, 31, 44, 32, 8, 0.41%, 0, 0, 3, 26.34
1701311579, 0, 32, 44, 31, 8, 0.41%, 0, 0, 3, 15.95
1701311584, 0, 34, 44, 30, 7, 0.41%, 0, 0, 3, 20.42
1701311599, 0, 36, 44, 29, 6, 0.41%, 0, 0, 3, 23.66
1701311666, 0, 36, 45, 30, 6, 0.41%, 0, 0, 4, 20.92
1701311676, 0, 36, 46, 31, 6, 0.41%, 0, 0, 4, 15.68
1701311987, 0, 36, 47, 32, 6, 0.41%, 0, 0, 4, 17.23
1701312105, 0, 36, 48, 33, 6, 0.41%, 0, 0, 4, 24.08
1701313493, 0, 39, 48, 32, 6, 0.41%, 0, 0, 4, 21.46
1701313498, 0, 41, 48, 31, 5, 0.41%, 0, 0, 4, 22.13
1701313508, 0, 43, 48, 30, 4, 0.41%, 0, 0, 4, 20.81
1701313580, 0, 43, 49, 31, 4, 0.41%, 0, 0, 4, 21.11
1701314597, 0, 43, 50, 32, 4, 0.41%, 0, 0, 4, 20.38
1701316351, 0, 45, 50, 31, 4, 0.41%, 0, 0, 4, 22.05
1701316356, 0, 46, 50, 30, 3, 0.41%, 0, 0, 4, 19.24
1701316361, 0, 47, 50, 29, 2, 0.41%, 0, 0, 4, 19.97
1701316366, 0, 49, 50, 28, 1, 0.41%, 0, 0, 4, 22.58
1701316371, 1, 6, 50, 27, 0, 0.41%, 0, 0, 4, 24.73
1701316381, 1, 20, 50, 26, 0, 0.41%, 0, 0, 4, 23.68
1701316386, 1, 21, 50, 25, 0, 0.41%, 0, 0, 4, 23.81
1701316847, 1, 21, 51, 26, 0, 0.41%, 0, 0, 4, 20.09
1701319099, 1, 50, 51, 26, 1, 0.41%, 0, 0, 4, 18.95
1701319104, 2, 8, 51, 25, 0, 0.41%, 0, 0, 4, 15.87
1701319115, 2, 35, 51, 23, 0, 0.41%, 0, 0, 4, 17.23
1701319125, 2, 38, 51, 22, 0, 0.41%, 0, 0, 4, 21.28
1701319130, 2, 44, 51, 21, 0, 0.41%, 0, 0, 4, 23.42
1701319135, 2, 46, 51, 20, 0, 0.41%, 0, 0, 4, 24.20
1701319171, 2, 46, 52, 21, 0, 0.41%, 0, 0, 5, 27.28
1701319478, 2, 46, 53, 22, 0, 0.41%, 0, 0, 5, 27.74
1701320678, 2, 46, 54, 23, 0, 0.41%, 0, 0, 5, 21.44
1701320693, 2, 46, 55, 24, 0, 0.41%, 0, 0, 5, 22.78
1701320714, 2, 46, 56, 25, 0, 0.41%, 0, 0, 5, 24.46
1701320739, 2, 46, 57, 26, 0, 0.41%, 0, 0, 5, 25.32
1701321154, 2, 46, 58, 27, 0, 0.41%, 0, 0, 5, 21.54
1701321220, 2, 51, 58, 27, 4, 0.41%, 0, 0, 5, 20.33
1701321225, 2, 53, 58, 26, 3, 0.41%, 0, 0, 5, 24.08
1701321266, 2, 56, 58, 25, 2, 0.41%, 0, 0, 5, 25.87
1701321271, 2, 57, 58, 24, 1, 0.41%, 0, 0, 5, 22.05
1701391253, 3, 1, 58, 23, 0, 0.41%, 0, 0, 5, 15.54
1701391258, 3, 10, 58, 22, 0, 0.41%, 0, 0, 5, 17.81
1701391268, 3, 11, 58, 21, 0, 0.41%, 0, 0, 5, 18.02
1701391273, 3, 13, 58, 20, 0, 0.41%, 0, 0, 5, 19.46
1701391402, 3, 13, 59, 21, 0, 0.41%, 0, 0, 5, 18.56
1701395465, 3, 13, 60, 22, 0, 0.41%, 0, 0, 5, 16.42
1701397076, 3, 58, 60, 21, 2, 0.41%, 0, 0, 5, 24.47
1701397086, 3, 59, 60, 20, 1, 0.41%, 0, 0, 5, 18.24
1701397097, 4, 3, 60, 19, 0, 0.41%, 0, 0, 5, 17.23
1701397107, 4, 16, 60, 18, 0, 0.41%, 0, 0, 5, 19.50
1701397112, 4, 48, 60, 17, 1, 0.41%, 0, 0, 5, 18.25
1701397122, 4, 50, 60, 16, 0, 0.41%, 0, 0, 5, 18.67
1701397163, 4, 50, 61, 17, 0, 0.41%, 0, 0, 5, 20.21
1701398962, 4, 60, 61, 17, 1, 0.41%, 0, 0, 5, 21.97
1701398967, 5, 23, 61, 16, 0, 0.41%, 0, 0, 5, 19.57
1701398978, 5, 24, 61, 15, 0, 0.41%, 0, 0, 5, 22.34
1701398983, 5, 25, 62, 15, 0, 0.41%, 0, 0, 5, 25.30
1701399408, 5, 25, 63, 16, 0, 0.41%, 0, 0, 5, 25.43
1701399485, 5, 25, 64, 17, 0, 0.41%, 0, 0, 5, 23.24
1701400839, 5, 25, 65, 18, 0, 0.41%, 0, 0, 5, 24.58
1701400950, 5, 62, 65, 18, 2, 0.41%, 0, 0, 5, 20.17
1701401027, 5, 62, 66, 19, 2, 0.41%, 0, 0, 5, 23.94
1701401364, 5, 62, 67, 20, 2, 0.41%, 0, 0, 5, 24.75
1701402976, 5, 63, 67, 19, 2, 0.41%, 0, 0, 5, 20.95
1701402981, 5, 64, 67, 18, 1, 0.41%, 0, 0, 5, 23.79
1701404314, 5, 64, 68, 19, 1, 0.41%, 0, 0, 5, 21.18
1701404432, 5, 65, 68, 18, 3, 0.41%, 0, 0, 5, 22.70
1701404437, 5, 66, 68, 17, 2, 0.41%, 0, 0, 5, 22.29
1701404442, 5, 67, 68, 16, 1, 0.41%, 0, 0, 5, 20.51
1701409309, 5, 67, 70, 18, 1, 0.41%, 0, 0, 5, 21.55
1701409345, 5, 67, 71, 19, 1, 0.41%, 0, 0, 5, 19.32
1701409391, 5, 67, 72, 20, 1, 0.41%, 0, 0, 5, 22.13
1701409753, 5, 69, 72, 19, 1, 0.41%, 0, 0, 5, 24.43
1701409764, 5, 69, 74, 21, 1, 0.41%, 0, 0, 6, 18.01
1701415801, 5, 69, 75, 22, 1, 0.41%, 0, 0, 6, 19.56
1701416332, 5, 72, 75, 21, 2, 0.41%, 0, 0, 6, 21.68
1701416337, 5, 74, 75, 20, 1, 0.41%, 0, 0, 6, 20.61
1701416342, 6, 19, 75, 19, 0, 0.41%, 0, 0, 6, 19.94
1701416352, 6, 34, 75, 18, 0, 0.41%, 0, 0, 6, 17.38
1701416357, 6, 54, 75, 18, 0, 0.41%, 0, 0, 6, 17.55
1701416409, 7, 12, 75, 17, 0, 0.41%, 0, 0, 6, 17.99
1701416419, 7, 15, 75, 16, 0, 0.41%, 0, 0, 6, 15.09
1701416429, 7, 22, 75, 15, 0, 0.41%, 0, 0, 6, 21.14
1701417440, 7, 33, 75, 15, 0, 0.41%, 0, 0, 6, 19.96
1701417445, 7, 34, 75, 14, 0, 0.41%, 0, 0, 6, 20.52
1701418162, 7, 34, 76, 15, 0, 0.41%, 0, 0, 6, 21.87
1701418689, 7, 34, 77, 16, 0, 0.41%, 0, 0, 6, 25.65
1701422253, 7, 76, 77, 16, 1, 0.41%, 0, 0, 6, 20.09
1701422258, 8, 29, 77, 15, 0, 0.41%, 0, 0, 6, 19.21
1701422268, 8, 40, 77, 14, 0, 0.41%, 0, 0, 6, 22.90
1701422273, 8, 47, 77, 13, 0, 0.41%, 0, 0, 6, 24.47
1701422345, 8, 47, 78, 14, 0, 0.41%, 0, 0, 6, 25.15
1701422355, 8, 47, 79, 15, 0, 0.41%, 0, 0, 6, 21.90
1701422800, 8, 47, 80, 16, 0, 0.41%, 0, 0, 6, 21.59
1701424060, 8, 75, 80, 16, 4, 0.41%, 0, 0, 6, 20.68
1701424065, 8, 77, 80, 15, 3, 0.41%, 0, 0, 6, 18.37
1701424076, 8, 78, 80, 14, 2, 0.41%, 0, 0, 6, 20.73
1701424081, 8, 79, 80, 13, 1, 0.41%, 0, 0, 6, 21.08
1701424086, 9, 14, 80, 12, 0, 0.41%, 0, 0, 6, 20.43
1701426984, 9, 28, 80, 12, 0, 0.41%, 0, 0, 6, 20.36
1701426994, 9, 32, 80, 11, 0, 0.41%, 0, 0, 6, 22.82
1701428227, 9, 37, 80, 11, 0, 0.41%, 0, 0, 6, 21.61
1701428237, 9, 75, 80, 10, 0, 0.41%, 0, 0, 6, 20.67
1701428660, 9, 75, 81, 11, 0, 0.41%, 0, 0, 6, 22.62
1701430235, 9, 80, 81, 11, 1, 0.41%, 0, 0, 6, 21.31
1701430240, 10, 28, 81, 10, 0, 0.41%, 0, 0, 6, 19.01
1701433091, 10, 55, 81, 10, 0, 0.41%, 0, 0, 6, 20.04
1701433142, 10, 61, 81, 9, 0, 0.41%, 0, 0, 6, 22.53
1701433147, 10, 71, 81, 8, 0, 0.41%, 0, 0, 6, 20.73
1701437587, 10, 71, 82, 9, 0, 0.41%, 0, 0, 6, 20.39
1701437612, 10, 71, 83, 10, 0, 0.41%, 0, 0, 6, 20.38
1701438073, 10, 81, 83, 9, 1, 0.41%, 0, 0, 6, 17.75
1701438083, 11, 2, 83, 8, 0, 0.41%, 0, 0, 6, 17.16
1701439326, 11, 42, 83, 8, 0, 0.41%, 0, 0, 6, 22.33
1701439331, 11, 68, 83, 7, 0, 0.41%, 0, 0, 6, 23.08
1701439336, 11, 73, 83, 6, 0, 0.41%, 0, 0, 6, 21.89
1701439346, 11, 79, 83, 5, 0, 0.41%, 0, 0, 6, 22.94
1701439418, 11, 79, 84, 6, 0, 0.41%, 0, 0, 6, 23.83
1701441246, 11, 83, 84, 6, 1, 0.41%, 0, 0, 6, 24.92
1701441251, 12, 48, 84, 5, 0, 0.41%, 0, 0, 6, 24.33
1701441752, 12, 48, 85, 6, 0, 0.41%, 0, 0, 6, 21.72
1701443414, 12, 84, 85, 6, 1, 0.41%, 0, 0, 6, 25.07
1701445684, 12, 84, 86, 7, 1, 0.41%, 0, 0, 6, 22.77
1701445751, 12, 84, 87, 8, 1, 0.41%, 0, 0, 6, 23.48
1701446511, 12, 85, 87, 7, 2, 0.41%, 0, 0, 6, 25.94
1701446516, 12, 86, 87, 6, 1, 0.41%, 0, 0, 6, 23.88
1701448530, 13, 52, 87, 5, 0, 0.41%, 0, 0, 6, 9.54
1701448535, 13, 76, 87, 4, 0, 0.41%, 0, 0, 6, 18.65
1701449057, 13, 76, 88, 5, 0, 0.41%, 0, 0, 6, 21.78
1701450495, 13, 87, 88, 5, 1, 0.41%, 0, 0, 6, 25.74
1701450501, 14, 2, 88, 4, 0, 0.41%, 0, 0, 6, 21.96
1701450531, 14, 87, 88, 4, 0, 0.41%, 0, 0, 6, 23.16
1701452484, 15, 2, 88, 4, 0, 0.41%, 0, 0, 6, 26.21
1701452556, 15, 14, 88, 4, 0, 0.41%, 0, 0, 6, 19.18
1701452577, 15, 53, 88, 4, 0, 0.41%, 0, 0, 6, 21.36
1701458957, 15, 70, 88, 4, 0, 0.41%, 0, 0, 6, 24.27
1701458968, 15, 85, 88, 3, 0, 0.41%, 0, 0, 6, 20.28
1701459372, 15, 85, 89, 4, 0, 0.41%, 0, 0, 7, 22.52
1701459428, 15, 85, 90, 5, 0, 0.41%, 0, 0, 7, 20.32
1701460876, 15, 85, 91, 6, 0, 0.41%, 0, 0, 7, 23.10
1701461239, 15, 88, 91, 6, 1, 0.41%, 0, 0, 7, 22.80
1701462814, 16, 14, 91, 5, 0, 0.41%, 0, 0, 7, 24.18
1701462844, 16, 18, 91, 5, 0, 0.41%, 0, 0, 7, 20.70
1701462849, 16, 81, 91, 4, 0, 0.41%, 0, 0, 7, 17.42
1701467649, 16, 81, 92, 5, 0, 0.41%, 0, 0, 7, 18.27
1701467910, 16, 91, 92, 5, 1, 0.41%, 0, 0, 7, 22.21
1701467925, 17, 22, 92, 4, 0, 0.41%, 0, 0, 7, 17.26
1701467946, 17, 63, 92, 4, 0, 0.41%, 0, 0, 7, 21.28
1701469937, 17, 89, 92, 4, 0, 0.41%, 0, 0, 7, 22.93
1701469947, 18, 22, 92, 3, 0, 0.41%, 0, 0, 7, 24.95
1701469993, 18, 30, 92, 3, 0, 0.41%, 0, 0, 7, 21.96
1701470014, 18, 32, 92, 3, 0, 0.41%, 0, 0, 7, 25.33
1701470024, 18, 82, 92, 3, 0, 0.41%, 0, 0, 7, 25.37
1701470039, 19, 30, 92, 2, 0, 0.41%, 0, 0, 7, 21.95
1701470069, 19, 32, 92, 2, 0, 0.41%, 0, 0, 7, 25.07
1701470100, 19, 83, 92, 2, 0, 0.41%, 0, 0, 7, 20.45
1701470161, 19, 83, 93, 3, 0, 0.41%, 0, 0, 7, 22.03
