# unix_time, cycles_done, cur_path, paths_total, pending_total, pending_favs, map_size, unique_crashes, unique_hangs, max_depth, execs_per_sec
1700952431, 0, 0, 1, 1, 1, 1.99%, 0, 0, 1, 106.67
1700952436, 0, 0, 22, 22, 1, 4.23%, 0, 0, 2, 111.92
1700952446, 0, 0, 24, 24, 1, 4.26%, 0, 0, 2, 46.00
1700952452, 0, 0, 27, 27, 1, 4.27%, 0, 0, 2, 40.08
1700952457, 0, 0, 29, 29, 1, 4.29%, 0, 0, 2, 35.68
1700952482, 0, 0, 34, 34, 1, 4.29%, 0, 0, 2, 32.69
1700952503, 0, 0, 35, 35, 1, 4.31%, 0, 0, 2, 33.36
1700952529, 0, 0, 36, 36, 1, 4.32%, 0, 0, 2, 29.66
1700952554, 0, 0, 42, 42, 1, 4.35%, 0, 0, 2, 36.61
1700952570, 0, 0, 43, 43, 1, 4.35%, 0, 0, 2, 37.85
1700952575, 0, 0, 49, 49, 1, 4.35%, 0, 0, 2, 38.30
1700952949, 0, 0, 50, 50, 1, 4.37%, 0, 0, 2, 23.13
1700952954, 0, 0, 52, 52, 1, 4.37%, 0, 0, 2, 33.22
1700952965, 0, 0, 54, 54, 1, 4.55%, 0, 0, 2, 21.94
1700952970, 0, 0, 55, 55, 1, 4.56%, 0, 0, 2, 24.87
1700952980, 0, 0, 56, 56, 1, 4.56%, 0, 0, 2, 34.92
1700953026, 0, 0, 64, 64, 1, 4.68%, 0, 0, 2, 30.58
1700953031, 0, 0, 67, 67, 1, 4.69%, 0, 0, 2, 23.30
1700953036, 0, 0, 69, 69, 1, 4.70%, 0, 0, 2, 22.61
1700953133, 0, 0, 70, 70, 1, 4.70%, 0, 0, 2, 34.18
1700953138, 0, 0, 72, 72, 1, 4.70%, 0, 0, 2, 24.92
1700953144, 0, 0, 75, 75, 1, 4.75%, 0, 0, 2, 22.17
1700953149, 0, 0, 78, 78, 1, 4.76%, 0, 0, 2, 23.91
1700953154, 0, 0, 79, 79, 1, 4.82%, 0, 0, 2, 23.30
1700953159, 0, 0, 82, 82, 1, 4.88%, 0, 0, 2, 20.55
1700953164, 0, 0, 86, 86, 1, 5.01%, 0, 0, 2, 22.29
1700953169, 0, 0, 88, 88, 1, 5.01%, 0, 0, 2, 21.48
1700953174, 0, 0, 91, 91, 1, 5.02%, 0, 0, 2, 23.24
1700953179, 0, 0, 92, 92, 1, 5.02%, 0, 0, 2, 22.71
1700953184, 0, 0, 94, 94, 1, 5.02%, 0, 0, 2, 24.39
1700953189, 0, 0, 95, 95, 1, 5.02%, 0, 0, 2, 21.18
1700953194, 0, 0, 96, 96, 1, 5.02%, 0, 0, 2, 22.03
1700953200, 0, 0, 97, 97, 1, 5.02%, 0, 0, 2, 23.51
1700953205, 0, 0, 100, 100, 1, 5.04%, 0, 0, 2, 21.58
1700953210, 0, 0, 101, 101, 1, 5.07%, 0, 0, 2, 19.56
1700953225, 0, 0, 102, 102, 1, 5.07%, 0, 0, 2, 21.86
1700953246, 0, 0, 106, 106, 1, 5.11%, 0, 0, 2, 22.59
1700953256, 0, 0, 108, 108, 1, 5.11%, 0, 0, 2, 23.73
1700953262, 0, 0, 110, 110, 1, 5.12%, 0, 0, 2, 24.83
1700953267, 0, 0, 112, 112, 1, 5.13%, 0, 0, 2, 23.19
1700953297, 0, 0, 115, 115, 1, 5.14%, 0, 0, 2, 22.67
1700953302, 0, 0, 117, 117, 1, 5.15%, 0, 0, 2, 24.30
1700953307, 0, 0, 118, 118, 1, 5.15%, 0, 0, 2, 24.10
1700953313, 0, 0, 119, 119, 1, 5.16%, 0, 0, 2, 22.24
1700953318, 0, 0, 120, 120, 1, 5.16%, 0, 0, 2, 21.40
1700953333, 0, 0, 122, 122, 1, 5.21%, 0, 0, 2, 21.37
1700953343, 0, 0, 123, 123, 1, 5.21%, 0, 0, 2, 22.08
1700953348, 0, 0, 125, 125, 1, 5.21%, 0, 0, 2, 21.58
1700953374, 0, 0, 126, 126, 1, 5.22%, 0, 0, 2, 24.49
1700953379, 0, 0, 127, 127, 1, 5.22%, 0, 0, 2, 24.50
1700953384, 0, 0, 128, 128, 1, 5.29%, 0, 0, 2, 23.11
1700953389, 0, 0, 129, 129, 1, 5.29%, 0, 0, 2, 22.14
1700953394, 0, 0, 130, 130, 1, 5.29%, 0, 0, 2, 21.41
1700953405, 0, 0, 131, 131, 1, 5.30%, 0, 0, 2, 21.50
1700953420, 0, 0, 132, 132, 1, 5.30%, 0, 0, 2, 25.21
1700953425, 0, 0, 133, 133, 1, 5.31%, 0, 0, 2, 23.89
1700953436, 0, 0, 137, 137, 1, 5.32%, 0, 0, 2, 21.27
1700953446, 0, 0, 140, 140, 1, 5.50%, 0, 0, 2, 21.73
1700953451, 0, 0, 141, 141, 1, 5.50%, 0, 0, 2, 20.56
1700953461, 0, 0, 143, 143, 1, 5.50%, 0, 0, 2, 20.90
1700953472, 0, 0, 144, 144, 1, 5.50%, 0, 0, 2, 22.66
1700953487, 0, 0, 146, 146, 1, 5.51%, 0, 0, 2, 22.13
1700953497, 0, 0, 147, 147, 1, 5.51%, 0, 0, 2, 21.40
1700953502, 0, 0, 150, 150, 1, 5.56%, 0, 0, 2, 23.91
1700953507, 0, 0, 151, 151, 1, 5.56%, 0, 0, 2, 23.60
1700953512, 0, 0, 152, 152, 1, 5.56%, 0, 0, 2, 23.24
1700953523, 0, 0, 153, 153, 1, 5.66%, 0, 0, 2, 23.78
1700953533, 0, 0, 154, 154, 1, 5.66%, 0, 0, 2, 20.65
1700953538, 0, 0, 156, 156, 1, 5.67%, 0, 0, 2, 22.68
1700953543, 0, 0, 157, 157, 1, 5.67%, 0, 0, 2, 23.36
1700953569, 0, 0, 159, 159, 1, 5.69%, 0, 0, 2, 24.34
1700953574, 0, 0, 160, 160, 1, 5.70%, 0, 0, 2, 24.57
1700953594, 0, 0, 161, 161, 1, 5.71%, 0, 0, 2, 22.61
1700953610, 0, 0, 162, 162, 1, 5.71%, 0, 0, 2, 22.90
1700953620, 0, 0, 164, 164, 1, 5.72%, 0, 0, 2, 19.84
1700953625, 0, 0, 166, 166, 1, 5.72%, 0, 0, 2, 21.94
1700953630, 0, 0, 167, 167, 1, 5.72%, 0, 0, 2, 19.34
1700953635, 0, 0, 168, 168, 1, 5.72%, 0, 0, 2, 22.39
1700953646, 0, 0, 170, 170, 1, 5.72%, 0, 0, 2, 23.00
1700953656, 0, 0, 171, 171, 1, 5.72%, 0, 0, 2, 21.76
1700953666, 0, 0, 172, 172, 1, 5.72%, 0, 0, 2, 25.96
1700953671, 0, 0, 174, 174, 1, 5.73%, 0, 0, 2, 24.10
1700953676, 0, 0, 177, 177, 1, 5.74%, 0, 0, 2, 22.00
1700953681, 0, 0, 178, 178, 1, 5.75%, 0, 0, 2, 23.92
1700953687, 0, 0, 180, 180, 1, 5.77%, 0, 0, 2, 20.90
1700953692, 0, 0, 181, 181, 1, 5.77%, 0, 0, 2, 23.58
1700953697, 0, 0, 183, 183, 1, 5.78%, 0, 0, 2, 25.39
1700953702, 0, 0, 186, 186, 1, 5.79%, 0, 0, 2, 23.65
1700953707, 0, 0, 187, 187, 1, 5.79%, 0, 0, 2, 24.69
1700953717, 0, 0, 188, 188, 1, 5.79%, 0, 0, 2, 24.75
1700953738, 0, 0, 189, 189, 1, 5.79%, 0, 0, 2, 25.39
1700953748, 0, 0, 190, 190, 1, 5.79%, 0, 0, 2, 25.26
1700953763, 0, 0, 191, 191, 1, 5.79%, 0, 0, 2, 23.10
1700953768, 0, 0, 192, 192, 1, 5.79%, 0, 0, 2, 23.89
1700953773, 0, 0, 193, 193, 1, 5.79%, 0, 0, 2, 22.16
1700953784, 0, 0, 194, 194, 1, 5.79%, 0, 0, 2, 23.69
1700953794, 0, 0, 195, 195, 1, 5.80%, 0, 0, 2, 21.30
1700953804, 0, 0, 196, 196, 1, 5.81%, 0, 0, 2, 23.12
1700953815, 0, 0, 197, 197, 1, 5.81%, 0, 0, 2, 23.10
1700953845, 0, 0, 198, 198, 1, 5.85%, 0, 0, 2, 24.20
1700953851, 0, 0, 199, 199, 1, 5.85%, 0, 0, 2, 23.19
1700953861, 0, 0, 200, 200, 1, 5.85%, 0, 0, 2, 24.94
1700953876, 0, 0, 201, 201, 1, 5.85%, 0, 0, 2, 24.44
1700953881, 0, 0, 202, 202, 1, 5.85%, 0, 0, 2, 22.54
1700953897, 0, 0, 203, 203, 1, 5.85%, 0, 0, 2, 22.33
1700953907, 0, 0, 204, 204, 1, 6.09%, 0, 0, 2, 23.99
1700953912, 0, 0, 206, 206, 1, 6.12%, 0, 0, 2, 22.87
1700953927, 0, 0, 207, 207, 1, 6.12%, 0, 0, 2, 23.09
1700953989, 0, 0, 208, 208, 1, 6.12%, 0, 0, 2, 22.61
1700953994, 0, 0, 209, 209, 1, 6.13%, 0, 0, 2, 22.62
1700954009, 0, 0, 210, 210, 1, 6.19%, 0, 0, 2, 24.18
1700954014, 0, 0, 211, 211, 1, 6.19%, 0, 0, 2, 25.02
1700954024, 0, 0, 212, 212, 1, 6.19%, 0, 0, 2, 23.94
1700954029, 0, 0, 213, 213, 1, 6.19%, 0, 0, 2, 21.47
1700954034, 0, 0, 214, 214, 1, 6.20%, 0, 0, 2, 23.91
1700954039, 0, 0, 216, 216, 1, 6.20%, 0, 0, 2, 22.72
1700954050, 0, 0, 217, 217, 1, 6.20%, 0, 0, 2, 25.52
1700954055, 0, 0, 218, 218, 1, 6.32%, 0, 0, 2, 23.47
1700954060, 0, 0, 220, 220, 1, 6.32%, 0, 0, 2, 22.61
1700954070, 0, 0, 221, 221, 1, 6.32%, 0, 0, 2, 25.93
1700954075, 0, 0, 225, 225, 1, 6.32%, 0, 0, 2, 24.23
1700954080, 0, 0, 227, 227, 1, 6.32%, 0, 0, 2, 25.50
1700954085, 0, 0, 228, 228, 1, 6.32%, 0, 0, 2, 25.77
1700954106, 0, 0, 229, 229, 1, 6.34%, 0, 0, 2, 24.23
1700954111, 0, 0, 230, 230, 1, 6.34%, 0, 0, 2, 25.12
1700954121, 0, 0, 232, 232, 1, 6.34%, 0, 0, 2, 20.36
1700954126, 0, 0, 233, 233, 1, 6.34%, 0, 0, 2, 20.52
1700954131, 0, 0, 235, 235, 1, 6.34%, 0, 0, 2, 23.67
1700954141, 0, 0, 236, 236, 1, 6.34%, 0, 0, 2, 26.72
1700954147, 0, 0, 238, 238, 1, 6.35%, 0, 0, 2, 24.85
1700954172, 0, 0, 239, 239, 1, 6.35%, 0, 0, 2, 25.12
1700954208, 0, 0, 240, 240, 1, 6.35%, 0, 0, 2, 24.63
1700954213, 0, 0, 241, 241, 1, 6.35%, 0, 0, 2, 25.68
1700954229, 0, 0, 243, 243, 1, 6.35%, 0, 0, 2, 22.48
1700954244, 0, 0, 245, 245, 1, 6.35%, 0, 0, 2, 25.01
1700954249, 0, 0, 247, 247, 1, 6.36%, 0, 0, 2, 26.78
1700954254, 0, 0, 249, 249, 1, 6.36%, 0, 0, 2, 25.52
1700954259, 0, 0, 250, 250, 1, 6.36%, 0, 0, 2, 25.83
1700954264, 0, 0, 252, 252, 1, 6.38%, 0, 0, 2, 25.83
1700954269, 0, 0, 253, 253, 1, 6.39%, 0, 0, 2, 23.84
1700954285, 0, 0, 254, 254, 1, 6.39%, 0, 0, 2, 24.50
1700954321, 0, 0, 255, 255, 1, 6.39%, 0, 0, 2, 25.41
1700954326, 0, 0, 256, 256, 1, 6.39%, 0, 0, 2, 22.59
1700954331, 0, 0, 257, 257, 1, 6.39%, 0, 0, 2, 25.37
1700954346, 0, 0, 258, 258, 1, 6.39%, 0, 0, 2, 26.13
1700954377, 0, 0, 259, 259, 1, 6.39%, 0, 0, 2, 23.66
1700954382, 0, 0, 260, 260, 1, 6.40%, 0, 0, 2, 26.01
1700954387, 0, 0, 261, 261, 1, 6.40%, 0, 0, 2, 26.13
1700954408, 0, 0, 262, 262, 1, 6.40%, 0, 0, 2, 24.57
1700954433, 0, 0, 263, 263, 1, 6.40%, 0, 0, 2, 26.46
1700954448, 0, 0, 264, 264, 1, 6.40%, 0, 0, 2, 23.07
1700954459, 0, 0, 265, 265, 1, 6.40%, 0, 0, 2, 25.25
1700954505, 0, 0, 266, 266, 1, 6.41%, 0, 0, 2, 23.28
1700954510, 0, 0, 267, 267, 1, 6.41%, 0, 0, 2, 22.69
1700954530, 0, 0, 270, 270, 1, 6.46%, 0, 0, 2, 25.22
1700954536, 0, 0, 272, 272, 1, 6.46%, 0, 0, 2, 23.37
1700954541, 0, 0, 274, 274, 1, 6.46%, 0, 0, 2, 23.31
1700954581, 0, 0, 275, 275, 1, 6.46%, 0, 0, 2, 25.14
1700954592, 0, 0, 276, 276, 1, 6.46%, 0, 0, 2, 24.67
1700954612, 0, 3, 276, 275, 94, 6.46%, 0, 0, 2, 28.50
1700955176, 0, 3, 277, 276, 94, 6.47%, 0, 0, 3, 29.30
1700955309, 0, 3, 278, 277, 94, 6.47%, 0, 0, 3, 26.08
1700955314, 0, 3, 279, 278, 94, 6.47%, 0, 0, 3, 26.76
1700955324, 0, 3, 281, 280, 94, 6.48%, 0, 0, 3, 26.44
1700955340, 0, 3, 283, 282, 94, 6.48%, 0, 0, 3, 24.48
1700955370, 0, 3, 284, 283, 94, 6.48%, 0, 0, 3, 24.21
1700955375, 0, 3, 286, 285, 94, 6.48%, 0, 0, 3, 25.75
1700955380, 0, 3, 287, 286, 94, 6.48%, 0, 0, 3, 24.04
1700955391, 0, 3, 288, 287, 94, 6.49%, 0, 0, 3, 24.90
1700955396, 0, 3, 289, 288, 94, 6.49%, 0, 0, 3, 23.10
1700955401, 0, 3, 290, 289, 94, 6.49%, 0, 0, 3, 24.92
1700955447, 0, 3, 291, 290, 94, 6.50%, 0, 0, 3, 24.76
1700955452, 0, 3, 292, 291, 94, 6.50%, 0, 0, 3, 24.82
1700955467, 0, 3, 293, 292, 94, 6.50%, 0, 0, 3, 28.23
1700955472, 0, 3, 294, 293, 94, 6.50%, 0, 0, 3, 25.16
1700955493, 0, 3, 295, 294, 94, 6.51%, 0, 0, 3, 24.81
1700955518, 0, 3, 296, 295, 94, 6.51%, 0, 0, 3, 27.46
1700955523, 0, 3, 297, 296, 94, 6.51%, 0, 0, 3, 28.18
1700955559, 0, 3, 299, 298, 94, 6.52%, 0, 0, 3, 25.32
1700955564, 0, 3, 300, 299, 94, 6.52%, 0, 0, 3, 27.69
1700955569, 0, 3, 301, 300, 94, 6.52%, 0, 0, 3, 24.71
1700955574, 0, 3, 302, 301, 94, 6.53%, 0, 0, 3, 23.88
1700955584, 0, 3, 303, 302, 94, 6.53%, 0, 0, 3, 25.74
1700955589, 0, 3, 304, 303, 94, 6.55%, 0, 0, 3, 26.92
1700955595, 0, 3, 305, 304, 94, 6.55%, 0, 0, 3, 24.10
1700955605, 0, 3, 306, 305, 94, 6.56%, 0, 0, 3, 27.85
1700955610, 0, 3, 307, 306, 94, 6.56%, 0, 0, 3, 25.66
1700955620, 0, 3, 308, 307, 94, 6.56%, 0, 0, 3, 26.20
1700955641, 0, 3, 309, 308, 94, 6.57%, 0, 0, 3, 28.03
1700955651, 0, 3, 310, 309, 94, 6.57%, 0, 0, 3, 26.49
1700955666, 0, 3, 311, 310, 94, 6.57%, 0, 0, 3, 24.63
1700955682, 0, 3, 312, 311, 94, 6.57%, 0, 0, 3, 26.01
1700955697, 0, 3, 313, 312, 94, 6.57%, 0, 0, 3, 23.44
1700955718, 0, 3, 314, 313, 94, 6.57%, 0, 0, 3, 27.91
1700955733, 0, 3, 316, 315, 94, 6.59%, 0, 0, 3, 24.36
1700955753, 0, 3, 317, 316, 94, 6.59%, 0, 0, 3, 26.80
1700955764, 0, 3, 318, 317, 94, 6.61%, 0, 0, 3, 27.50
1700955779, 0, 3, 320, 319, 94, 6.61%, 0, 0, 3, 25.03
1700955784, 0, 3, 321, 320, 94, 6.62%, 0, 0, 3, 26.82
1700955799, 0, 3, 322, 321, 94, 6.63%, 0, 0, 3, 26.87
1700955809, 0, 3, 324, 323, 94, 6.64%, 0, 0, 3, 26.58
1700955815, 0, 3, 325, 324, 94, 6.65%, 0, 0, 3, 24.43
1700955850, 0, 3, 326, 325, 94, 6.65%, 0, 0, 3, 26.07
1700955906, 0, 3, 327, 326, 94, 6.65%, 0, 0, 3, 24.59
1700955917, 0, 3, 328, 327, 94, 6.65%, 0, 0, 3, 24.96
1700955927, 0, 3, 329, 328, 94, 6.65%, 0, 0, 3, 25.67
1700955937, 0, 3, 330, 329, 94, 6.65%, 0, 0, 3, 26.91
1700955942, 0, 3, 331, 330, 94, 6.65%, 0, 0, 3, 26.01
1700956019, 0, 3, 332, 331, 94, 6.67%, 0, 0, 3, 22.83
1700956055, 0, 3, 333, 332, 94, 6.67%, 0, 0, 3, 22.10
1700956106, 0, 3, 334, 333, 94, 6.67%, 0, 0, 3, 23.63
1700956151, 0, 3, 335, 334, 94, 6.67%, 0, 0, 3, 26.37
1700956182, 0, 3, 336, 335, 94, 6.67%, 0, 0, 3, 22.77
1700956187, 0, 3, 337, 336, 94, 6.67%, 0, 0, 3, 24.07
1700956202, 0, 3, 338, 337, 94, 6.68%, 0, 0, 3, 24.15
1700956238, 0, 3, 339, 338, 94, 6.68%, 0, 0, 3, 24.70
1700956253, 0, 3, 340, 339, 94, 6.68%, 0, 0, 3, 22.87
1700956279, 0, 4, 340, 338, 114, 6.68%, 0, 0, 3, 41.06
1700956452, 0, 4, 341, 339, 114, 6.68%, 0, 0, 3, 19.92
1700956493, 0, 4, 342, 340, 114, 6.68%, 0, 0, 3, 18.46
1700956514, 0, 4, 343, 341, 114, 6.68%, 0, 0, 3, 20.98
1700956539, 0, 4, 344, 342, 114, 6.68%, 0, 0, 3, 18.80
1700956554, 0, 4, 345, 343, 114, 6.69%, 0, 0, 3, 19.81
1700956836, 0, 4, 346, 344, 114, 6.69%, 0, 0, 3, 20.49
1700957015, 0, 4, 348, 346, 114, 6.69%, 0, 0, 3, 18.86
1700957307, 0, 4, 349, 347, 114, 6.69%, 0, 0, 3, 17.76
1700957353, 0, 4, 350, 348, 114, 6.75%, 0, 0, 3, 19.82
1700957512, 0, 4, 351, 349, 114, 6.76%, 0, 0, 3, 20.87
1700957675, 0, 8, 351, 348, 116, 6.76%, 0, 0, 3, 20.82
1700957829, 0, 8, 352, 349, 116, 6.77%, 0, 0, 3, 23.63
1700957890, 0, 8, 353, 350, 116, 6.77%, 0, 0, 3, 18.58
1700958121, 0, 8, 354, 351, 116, 6.77%, 0, 0, 3, 20.50
1700958258, 0, 8, 356, 353, 116, 6.78%, 0, 0, 3, 19.20
1700958279, 0, 8, 357, 354, 116, 6.78%, 0, 0, 3, 19.29
1700958314, 0, 8, 358, 355, 116, 6.78%, 0, 0, 3, 21.11
1700958396, 0, 8, 359, 356, 116, 6.80%, 0, 0, 3, 20.39
1700958809, 0, 8, 360, 357, 116, 6.80%, 0, 0, 3, 20.53
1700958988, 0, 8, 361, 358, 116, 6.80%, 0, 0, 3, 20.91
1700959029, 0, 8, 362, 359, 116, 6.81%, 0, 0, 3, 20.32
1700959034, 0, 8, 364, 361, 116, 6.81%, 0, 0, 3, 19.45
1700959059, 0, 8, 365, 362, 116, 6.81%, 0, 0, 3, 19.24
1700959085, 0, 12, 365, 361, 123, 6.81%, 0, 0, 3, 21.67
1700959228, 0, 12, 366, 362, 123, 6.82%, 0, 0, 3, 23.72
1700959325, 0, 15, 366, 361, 122, 6.82%, 0, 0, 3, 21.54
1700959632, 0, 15, 367, 362, 122, 6.82%, 0, 0, 3, 32.16
1700959662, 0, 15, 368, 363, 122, 6.82%, 0, 0, 3, 20.52
1700959733, 0, 15, 369, 364, 122, 6.82%, 0, 0, 3, 21.62
1700959749, 0, 15, 370, 365, 122, 6.83%, 0, 0, 3, 20.90
1700959856, 0, 15, 371, 366, 122, 6.84%, 0, 0, 3, 19.97
1700959974, 0, 15, 372, 367, 122, 6.84%, 0, 0, 3, 19.67
1700960234, 0, 15, 373, 368, 122, 6.84%, 0, 0, 3, 21.16
1700960485, 0, 15, 374, 369, 122, 6.85%, 0, 0, 3, 22.27
1700960506, 0, 16, 374, 368, 121, 6.85%, 0, 0, 3, 22.72
1700960608, 0, 16, 375, 369, 121, 6.85%, 0, 0, 3, 40.14
1700961113, 0, 18, 375, 368, 121, 6.85%, 0, 0, 3, 23.35
1700961942, 0, 18, 376, 369, 121, 6.85%, 0, 0, 3, 24.11
1700961994, 0, 18, 377, 370, 121, 6.85%, 0, 0, 3, 22.45
1700961999, 0, 18, 378, 371, 121, 6.85%, 0, 0, 3, 22.31
1700962045, 0, 18, 379, 372, 121, 6.85%, 0, 0, 3, 21.67
1700962101, 0, 18, 380, 373, 121, 6.85%, 0, 0, 3, 23.09
1700962142, 0, 18, 381, 374, 121, 6.85%, 0, 0, 3, 24.66
1700962162, 0, 18, 382, 375, 121, 6.85%, 0, 0, 3, 24.95
1700962239, 0, 18, 383, 376, 121, 6.85%, 0, 0, 3, 23.54
1700962306, 0, 18, 384, 377, 121, 6.85%, 0, 0, 3, 24.07
1700962387, 0, 18, 385, 378, 121, 6.85%, 0, 0, 3, 23.67
1700962434, 0, 18, 386, 379, 121, 6.85%, 0, 0, 3, 23.72
1700962603, 0, 18, 388, 381, 121, 6.85%, 0, 0, 3, 23.37
1700962741, 0, 18, 389, 382, 121, 6.88%, 0, 0, 3, 24.57
1700962792, 0, 18, 390, 383, 121, 6.88%, 0, 0, 3, 24.99
1700962859, 0, 28, 390, 382, 124, 6.88%, 0, 0, 3, 25.57
1700962895, 0, 28, 391, 383, 124, 6.93%, 0, 0, 3, 34.65
1700963592, 0, 28, 392, 384, 124, 6.93%, 0, 0, 3, 21.44
1700963663, 0, 28, 393, 385, 124, 6.93%, 0, 0, 3, 23.49
1700963684, 0, 28, 394, 386, 124, 6.99%, 0, 0, 3, 24.43
1700963689, 0, 28, 395, 387, 124, 7.00%, 0, 0, 3, 25.50
1700963776, 0, 28, 396, 388, 124, 7.00%, 0, 0, 3, 23.33
1700963807, 0, 28, 397, 389, 124, 7.00%, 0, 0, 3, 23.46
1700963878, 0, 28, 398, 390, 124, 7.01%, 0, 0, 3, 23.84
1700963980, 0, 28, 399, 391, 124, 7.02%, 0, 0, 3, 22.01
1700964001, 0, 28, 400, 392, 124, 7.03%, 0, 0, 3, 22.87
1700964083, 0, 28, 401, 393, 124, 7.03%, 0, 0, 3, 24.53
1700964098, 0, 28, 402, 394, 124, 7.04%, 0, 0, 3, 25.72
1700964149, 0, 28, 403, 395, 124, 7.04%, 0, 0, 3, 23.51
1700964160, 0, 28, 404, 396, 124, 7.04%, 0, 0, 3, 24.83
1700964170, 0, 28, 405, 397, 124, 7.04%, 0, 0, 3, 24.44
1700964175, 0, 28, 406, 398, 124, 7.04%, 0, 0, 3, 24.33
1700964180, 0, 28, 407, 399, 124, 7.04%, 0, 0, 3, 24.78
1700964185, 0, 28, 408, 400, 124, 7.04%, 0, 0, 3, 24.13
1700964364, 0, 28, 409, 401, 124, 7.04%, 0, 0, 3, 24.16
1700964385, 0, 28, 410, 402, 124, 7.04%, 0, 0, 3, 24.88
1700964446, 0, 28, 411, 403, 124, 7.04%, 0, 0, 3, 23.00
1700964850, 0, 28, 412, 404, 124, 7.04%, 0, 0, 3, 23.36
1700964860, 0, 28, 413, 405, 124, 7.05%, 0, 0, 3, 23.65
1700964937, 0, 28, 414, 406, 124, 7.05%, 0, 0, 3, 24.44
1700964942, 0, 34, 414, 405, 134, 7.05%, 0, 0, 3, 28.33
1700964973, 0, 34, 415, 406, 134, 7.05%, 0, 0, 3, 36.00
1700965086, 0, 34, 417, 408, 134, 7.06%, 0, 0, 3, 36.22
1700965239, 0, 34, 419, 410, 134, 7.07%, 0, 0, 3, 46.76
1700965632, 0, 38, 419, 409, 138, 7.07%, 0, 0, 3, 24.65
1700965637, 0, 38, 420, 410, 138, 7.07%, 0, 0, 3, 33.69
1700965663, 0, 38, 421, 411, 138, 7.12%, 0, 0, 3, 34.75
1700965668, 0, 38, 422, 412, 138, 7.12%, 0, 0, 3, 35.55
1700965781, 0, 38, 424, 414, 138, 7.13%, 0, 0, 3, 28.97
1700966139, 0, 38, 425, 415, 138, 7.13%, 0, 0, 3, 36.00
1700966349, 0, 39, 425, 414, 140, 7.13%, 0, 0, 3, 27.40
1700966385, 0, 39, 426, 415, 140, 7.15%, 0, 0, 3, 37.99
1700966410, 0, 39, 427, 416, 140, 7.17%, 0, 0, 3, 38.95
1700966477, 0, 39, 428, 417, 140, 7.18%, 0, 0, 3, 41.34
1700966493, 0, 39, 429, 418, 140, 7.18%, 0, 0, 3, 34.43
1700967029, 0, 39, 430, 419, 140, 7.18%, 0, 0, 3, 26.29
1700967081, 0, 40, 430, 418, 143, 7.18%, 0, 0, 3, 24.69
1700967219, 0, 40, 431, 419, 143, 7.18%, 0, 0, 3, 37.40
1700967757, 0, 40, 432, 420, 143, 7.18%, 0, 0, 3, 26.64
1700967767, 0, 40, 433, 421, 143, 7.18%, 0, 0, 3, 26.23
1700967788, 0, 40, 434, 422, 143, 7.21%, 0, 0, 3, 24.75
1700967849, 0, 40, 435, 423, 143, 7.21%, 0, 0, 3, 25.36
1700968079, 0, 40, 436, 424, 143, 7.21%, 0, 0, 3, 26.83
1700968160, 0, 40, 437, 425, 143, 7.21%, 0, 0, 3, 24.58
1700968181, 0, 40, 438, 426, 143, 7.22%, 0, 0, 3, 26.79
1700968196, 0, 40, 439, 427, 143, 7.22%, 0, 0, 3, 25.11
1700968227, 0, 40, 440, 428, 143, 7.22%, 0, 0, 3, 23.20
1700968477, 0, 40, 441, 429, 143, 7.23%, 0, 0, 3, 26.76
1700968527, 0, 40, 442, 430, 143, 7.23%, 0, 0, 3, 25.60
1700968533, 0, 40, 443, 431, 143, 7.23%, 0, 0, 3, 26.76
1700968558, 0, 40, 444, 432, 143, 7.23%, 0, 0, 3, 26.91
1700968635, 0, 40, 445, 433, 143, 7.23%, 0, 0, 3, 23.22
1700968660, 0, 40, 446, 434, 143, 7.23%, 0, 0, 3, 23.93
1700968927, 0, 40, 447, 435, 143, 7.23%, 0, 0, 3, 24.90
1700968932, 0, 40, 448, 436, 143, 7.23%, 0, 0, 3, 26.23
1700969065, 0, 40, 449, 437, 143, 7.23%, 0, 0, 3, 23.66
1700969086, 0, 50, 449, 436, 147, 7.23%, 0, 0, 3, 25.50
1700969096, 0, 50, 450, 437, 147, 7.24%, 0, 0, 3, 32.10
1700969219, 0, 50, 452, 439, 147, 7.26%, 0, 0, 3, 34.29
1700969828, 0, 58, 452, 438, 149, 7.26%, 0, 0, 3, 23.16
1700969834, 0, 58, 453, 439, 149, 7.28%, 0, 0, 3, 25.78
1700970013, 0, 58, 454, 440, 149, 7.28%, 0, 0, 3, 27.06
1700970700, 0, 58, 455, 441, 149, 7.28%, 0, 0, 3, 19.50
1700970715, 0, 58, 456, 442, 149, 7.28%, 0, 0, 3, 18.57
1700970745, 0, 58, 457, 443, 149, 7.28%, 0, 0, 3, 17.42
1700970761, 0, 58, 458, 444, 149, 7.28%, 0, 0, 3, 18.84
1700970812, 0, 58, 459, 445, 149, 7.28%, 0, 0, 3, 18.70
1700970818, 0, 58, 460, 446, 149, 7.28%, 0, 0, 3, 20.09
1700970859, 0, 58, 461, 447, 149, 7.28%, 0, 0, 3, 19.24
1700970884, 0, 58, 462, 448, 149, 7.28%, 0, 0, 3, 18.62
1700970941, 0, 58, 463, 449, 149, 7.33%, 0, 0, 3, 19.70
1700971064, 0, 58, 464, 450, 149, 7.33%, 0, 0, 3, 20.39
1700971110, 0, 58, 465, 451, 149, 7.33%, 0, 0, 3, 19.41
1700971212, 0, 58, 466, 452, 149, 7.33%, 0, 0, 3, 19.70
1700971217, 0, 58, 467, 453, 149, 7.33%, 0, 0, 3, 19.71
1700971238, 0, 58, 468, 454, 149, 7.34%, 0, 0, 3, 19.55
1700971253, 0, 58, 469, 455, 149, 7.34%, 0, 0, 3, 18.87
1700971273, 0, 58, 470, 456, 149, 7.35%, 0, 0, 3, 18.59
1700971406, 0, 58, 471, 457, 149, 7.35%, 0, 0, 3, 20.21
1700971483, 0, 58, 472, 458, 149, 7.35%, 0, 0, 3, 18.24
1700971499, 0, 58, 473, 459, 149, 7.35%, 0, 0, 3, 18.57
1700971524, 0, 58, 474, 460, 149, 7.36%, 0, 0, 3, 18.77
1700971694, 0, 58, 475, 461, 149, 7.36%, 0, 0, 3, 20.88
1700971755, 0, 58, 476, 462, 149, 7.39%, 0, 0, 3, 19.28
1700971858, 0, 58, 477, 463, 149, 7.39%, 0, 0, 3, 18.51
1700972404, 0, 58, 478, 464, 149, 7.39%, 0, 0, 3, 17.37
1700972430, 0, 62, 478, 463, 156, 7.39%, 0, 0, 3, 28.57
1700973014, 0, 62, 479, 464, 156, 7.39%, 0, 0, 3, 21.31
1700973081, 0, 75, 479, 463, 156, 7.39%, 0, 0, 3, 21.29
1700973086, 0, 75, 480, 464, 156, 7.40%, 0, 0, 3, 34.36
1700973158, 0, 75, 483, 467, 156, 7.41%, 0, 0, 3, 35.69
1700973403, 0, 76, 484, 467, 158, 7.41%, 0, 0, 3, 22.52
1700973725, 0, 78, 484, 466, 157, 7.41%, 0, 0, 3, 17.78
1700973740, 0, 88, 484, 465, 156, 7.41%, 0, 0, 3, 21.15
1700973954, 0, 97, 484, 464, 155, 7.41%, 0, 0, 3, 17.62
1700973970, 0, 98, 484, 463, 154, 7.41%, 0, 0, 3, 19.90
1700974246, 0, 98, 485, 464, 154, 7.41%, 0, 0, 3, 25.53
1700974328, 0, 108, 485, 463, 154, 7.41%, 0, 0, 3, 25.86
1700974394, 0, 108, 486, 464, 154, 7.41%, 0, 0, 3, 29.74
1700974973, 0, 126, 486, 463, 153, 7.41%, 0, 0, 3, 22.45
1700975540, 0, 131, 486, 462, 152, 7.41%, 0, 0, 3, 25.43
1700976149, 0, 140, 486, 461, 151, 7.41%, 0, 0, 3, 19.58
1700976665, 0, 145, 486, 460, 150, 7.41%, 0, 0, 3, 16.62
1700976783, 0, 146, 486, 459, 149, 7.41%, 0, 0, 3, 16.40
1700977784, 0, 146, 487, 460, 149, 7.41%, 0, 0, 3, 17.99
1700977836, 0, 152, 487, 459, 149, 7.41%, 0, 0, 3, 19.33
1700977841, 0, 152, 490, 462, 149, 7.42%, 0, 0, 3, 24.15
1700977846, 0, 152, 491, 463, 149, 7.42%, 0, 0, 3, 27.64
1700977851, 0, 152, 494, 466, 149, 7.43%, 0, 0, 3, 28.08
1700977861, 0, 152, 495, 467, 149, 7.43%, 0, 0, 3, 27.96
1700977872, 0, 152, 496, 468, 149, 7.44%, 0, 0, 3, 28.64
1700977882, 0, 152, 497, 469, 149, 7.44%, 0, 0, 3, 29.03
1700977923, 0, 152, 501, 473, 149, 7.44%, 0, 0, 3, 28.58
1700978209, 0, 152, 502, 474, 149, 7.44%, 0, 0, 3, 23.37
1700978317, 0, 152, 503, 475, 149, 7.44%, 0, 0, 3, 20.66
1700978327, 0, 152, 505, 477, 149, 7.46%, 0, 0, 3, 19.22
1700978378, 0, 152, 506, 478, 149, 7.46%, 0, 0, 3, 19.66
1700978419, 0, 152, 507, 479, 149, 7.46%, 0, 0, 3, 19.83
1700978471, 0, 152, 508, 480, 149, 7.51%, 0, 0, 3, 20.77
1700978517, 0, 152, 510, 482, 149, 7.51%, 0, 0, 3, 21.00
1700978532, 0, 152, 511, 483, 149, 7.51%, 0, 0, 3, 21.52
1700978594, 0, 152, 512, 484, 149, 7.52%, 0, 0, 3, 20.61
1700978619, 0, 152, 513, 485, 149, 7.52%, 0, 0, 3, 21.36
1700978635, 0, 152, 515, 487, 149, 7.52%, 0, 0, 3, 22.25
1700978650, 0, 152, 516, 488, 149, 7.52%, 0, 0, 3, 21.32
1700978655, 0, 152, 517, 489, 149, 7.52%, 0, 0, 3, 20.61
1700978696, 0, 152, 518, 490, 149, 7.52%, 0, 0, 3, 20.93
1700978706, 0, 152, 519, 491, 149, 7.52%, 0, 0, 3, 20.50
1700978742, 0, 152, 520, 492, 149, 7.55%, 0, 0, 3, 19.61
1700978819, 0, 152, 521, 493, 149, 7.55%, 0, 0, 3, 20.23
1700978839, 0, 152, 522, 494, 149, 7.55%, 0, 0, 3, 17.94
1700978865, 0, 152, 523, 495, 149, 7.55%, 0, 0, 3, 19.84
1700978988, 0, 152, 524, 496, 149, 7.55%, 0, 0, 3, 20.87
1700979008, 0, 152, 525, 497, 149, 7.55%, 0, 0, 3, 19.11
1700979146, 0, 152, 526, 498, 149, 7.55%, 0, 0, 3, 20.23
1700979157, 0, 152, 527, 499, 149, 7.55%, 0, 0, 3, 19.99
1700979162, 0, 152, 528, 500, 149, 7.55%, 0, 0, 3, 20.40
1700979198, 0, 152, 529, 501, 149, 7.55%, 0, 0, 3, 20.12
1700979371, 0, 152, 530, 502, 149, 7.55%, 0, 0, 3, 20.01
1700979438, 0, 152, 531, 503, 149, 7.55%, 0, 0, 3, 20.09
1700979474, 0, 152, 532, 504, 149, 7.55%, 0, 0, 3, 20.36
1700979499, 0, 152, 533, 505, 149, 7.55%, 0, 0, 3, 19.33
1700979530, 0, 152, 534, 506, 149, 7.55%, 0, 0, 3, 19.87
1700979535, 0, 152, 535, 507, 149, 7.55%, 0, 0, 3, 20.33
1700979617, 0, 152, 536, 508, 149, 7.55%, 0, 0, 3, 20.17
1700979699, 0, 152, 537, 509, 149, 7.55%, 0, 0, 3, 19.69
1700979740, 0, 152, 538, 510, 149, 7.55%, 0, 0, 3, 20.41
1700979750, 0, 152, 539, 511, 149, 7.55%, 0, 0, 3, 21.35
1700979827, 0, 152, 540, 512, 149, 7.55%, 0, 0, 3, 21.04
1700979873, 0, 152, 541, 513, 149, 7.55%, 0, 0, 3, 20.68
1700979929, 0, 152, 542, 514, 149, 7.55%, 0, 0, 3, 21.54
1700979965, 0, 158, 542, 513, 157, 7.55%, 0, 0, 3, 19.15
1700979985, 0, 158, 543, 514, 157, 7.55%, 0, 0, 3, 17.87
1700980365, 0, 160, 543, 513, 156, 7.55%, 0, 0, 3, 17.12
1700980385, 0, 175, 543, 512, 155, 7.55%, 0, 0, 3, 17.11
1700980824, 0, 177, 543, 511, 154, 7.55%, 0, 0, 3, 17.51
1700980844, 0, 178, 543, 510, 153, 7.55%, 0, 0, 3, 17.21
1700980870, 0, 179, 543, 509, 152, 7.55%, 0, 0, 3, 16.80
1700980885, 0, 193, 543, 508, 151, 7.55%, 0, 0, 3, 18.95
1700980961, 0, 193, 544, 509, 151, 7.56%, 0, 0, 3, 25.85
1700981488, 0, 193, 545, 510, 151, 7.56%, 0, 0, 3, 18.55
1700981570, 0, 197, 545, 509, 151, 7.56%, 0, 0, 3, 20.91
1700981575, 0, 197, 547, 511, 151, 7.56%, 0, 0, 3, 23.44
1700981595, 0, 197, 548, 512, 151, 7.56%, 0, 0, 3, 27.24
1700982079, 0, 197, 550, 514, 151, 7.62%, 0, 0, 3, 24.80
1700982084, 0, 197, 551, 515, 151, 7.62%, 0, 0, 3, 25.64
1700982237, 0, 199, 551, 514, 154, 7.62%, 0, 0, 3, 22.20
1700982242, 0, 199, 552, 515, 154, 7.62%, 0, 0, 3, 23.70
1700982779, 0, 199, 553, 516, 154, 7.62%, 0, 0, 3, 20.72
1700982799, 0, 199, 554, 517, 154, 7.62%, 0, 0, 3, 18.52
1700982825, 0, 199, 555, 518, 154, 7.62%, 0, 0, 3, 19.13
1700982850, 0, 199, 556, 519, 154, 7.62%, 0, 0, 3, 20.09
1700982917, 0, 199, 558, 521, 154, 7.62%, 0, 0, 3, 20.67
1700982984, 0, 199, 559, 522, 154, 7.62%, 0, 0, 3, 18.85
1700983337, 0, 199, 560, 523, 154, 7.62%, 0, 0, 3, 17.76
1700983593, 0, 199, 561, 524, 154, 7.62%, 0, 0, 3, 19.69
1700983629, 0, 199, 562, 525, 154, 7.62%, 0, 0, 3, 19.61
1700983736, 0, 199, 564, 527, 154, 7.62%, 0, 0, 3, 18.62
1700984110, 0, 199, 565, 528, 154, 7.63%, 0, 0, 3, 19.29
1700984473, 0, 201, 565, 527, 158, 7.63%, 0, 0, 3, 18.33
1700984498, 0, 205, 565, 526, 157, 7.63%, 0, 0, 3, 17.05
1700984509, 0, 205, 568, 529, 157, 7.66%, 0, 0, 3, 19.58
1700984514, 0, 205, 569, 530, 157, 7.66%, 0, 0, 3, 22.64
1700984671, 0, 205, 572, 533, 157, 7.73%, 0, 0, 3, 24.11
1700985003, 0, 205, 573, 534, 157, 7.73%, 0, 0, 3, 18.53
1700985070, 0, 205, 574, 535, 157, 7.73%, 0, 0, 3, 22.78
1700985244, 0, 205, 575, 536, 157, 7.74%, 0, 0, 3, 18.42
1700985305, 0, 205, 576, 537, 157, 7.74%, 0, 0, 3, 18.70
1700985408, 0, 208, 576, 536, 163, 7.74%, 0, 0, 3, 17.48
1700985652, 0, 212, 576, 535, 162, 7.74%, 0, 0, 3, 17.76
1700985668, 0, 213, 576, 534, 161, 7.74%, 0, 0, 3, 17.40
1700986108, 0, 214, 576, 533, 160, 7.74%, 0, 0, 3, 17.01
1700986282, 0, 216, 576, 532, 159, 7.74%, 0, 0, 3, 16.36
1700987345, 0, 216, 577, 533, 159, 7.74%, 0, 0, 3, 18.84
1700987391, 0, 216, 579, 535, 159, 7.74%, 0, 0, 3, 17.48
1700987432, 0, 216, 580, 536, 159, 7.74%, 0, 0, 3, 18.68
1700987442, 0, 216, 581, 537, 159, 7.74%, 0, 0, 3, 19.07
1700987498, 0, 216, 582, 538, 159, 7.75%, 0, 0, 3, 18.87
1700987565, 0, 216, 583, 539, 159, 7.75%, 0, 0, 3, 17.62
1700987636, 0, 216, 584, 540, 159, 7.75%, 0, 0, 3, 19.96
1700987662, 0, 216, 585, 541, 159, 7.75%, 0, 0, 3, 18.84
1700987667, 0, 216, 586, 542, 159, 7.77%, 0, 0, 3, 19.05
1700987830, 0, 216, 587, 543, 159, 7.77%, 0, 0, 3, 17.84
1700988019, 0, 216, 588, 544, 159, 7.77%, 0, 0, 3, 19.11
1700988060, 0, 216, 589, 545, 159, 7.77%, 0, 0, 3, 18.21
1700988070, 0, 216, 590, 546, 159, 7.77%, 0, 0, 3, 18.40
1700988146, 0, 216, 591, 547, 159, 7.77%, 0, 0, 3, 18.86
1700988187, 0, 216, 592, 548, 159, 7.77%, 0, 0, 3, 18.78
1700988192, 0, 216, 593, 549, 159, 7.78%, 0, 0, 3, 18.47
1700988198, 0, 216, 594, 550, 159, 7.81%, 0, 0, 3, 17.94
1700988239, 0, 216, 595, 551, 159, 7.81%, 0, 0, 3, 17.21
1700988290, 0, 216, 596, 552, 159, 7.82%, 0, 0, 3, 17.76
1700988331, 0, 216, 597, 553, 159, 7.82%, 0, 0, 3, 19.03
1700988346, 0, 216, 598, 554, 159, 7.82%, 0, 0, 3, 19.52
1700988443, 0, 216, 599, 555, 159, 7.82%, 0, 0, 3, 17.97
1700988474, 0, 216, 600, 556, 159, 7.82%, 0, 0, 3, 17.26
1700988632, 0, 216, 601, 557, 159, 7.82%, 0, 0, 3, 18.22
1700988642, 0, 216, 602, 558, 159, 7.82%, 0, 0, 3, 18.68
1700988765, 0, 216, 603, 559, 159, 7.82%, 0, 0, 3, 18.14
1700988770, 0, 216, 604, 560, 159, 7.82%, 0, 0, 3, 17.89
1700988944, 0, 216, 605, 561, 159, 7.82%, 0, 0, 3, 18.52
1700989174, 0, 217, 605, 560, 167, 7.82%, 0, 0, 3, 18.09
1700989813, 0, 217, 606, 561, 167, 7.82%, 0, 0, 3, 18.26
1700989880, 0, 217, 607, 562, 167, 7.82%, 0, 0, 3, 16.93
1700989972, 0, 217, 608, 563, 167, 7.82%, 0, 0, 3, 17.15
1700990094, 0, 228, 608, 562, 167, 7.82%, 0, 0, 3, 16.94
1700991375, 0, 228, 609, 563, 167, 7.82%, 0, 0, 3, 19.31
1700991881, 0, 230, 609, 562, 166, 7.82%, 0, 0, 3, 17.17
1700991896, 0, 245, 609, 561, 165, 7.82%, 0, 0, 3, 19.46
1700992008, 0, 245, 614, 566, 165, 7.86%, 0, 0, 3, 35.80
1700992571, 0, 245, 615, 567, 165, 7.86%, 0, 0, 3, 23.60
1700992581, 0, 245, 616, 568, 165, 7.86%, 0, 0, 3, 23.04
1700992612, 0, 245, 617, 569, 165, 7.86%, 0, 0, 3, 23.54
1700992689, 0, 245, 618, 570, 165, 7.86%, 0, 0, 3, 23.06
1700992715, 0, 245, 619, 571, 165, 7.86%, 0, 0, 3, 22.75
1700992756, 0, 245, 620, 572, 165, 7.86%, 0, 0, 3, 23.87
1700992818, 0, 245, 621, 573, 165, 7.86%, 0, 0, 3, 23.84
1700992864, 0, 245, 622, 574, 165, 7.86%, 0, 0, 3, 22.87
1700993079, 0, 245, 623, 575, 165, 7.86%, 0, 0, 3, 24.36
1700993089, 0, 245, 624, 576, 165, 7.86%, 0, 0, 3, 24.12
1700993207, 0, 245, 625, 577, 165, 7.86%, 0, 0, 3, 21.89
1700993360, 0, 245, 626, 578, 165, 7.86%, 0, 0, 3, 21.86
1700993509, 0, 245, 627, 579, 165, 7.86%, 0, 0, 3, 21.53
1700993535, 0, 245, 628, 580, 165, 7.86%, 0, 0, 3, 21.85
1700993766, 0, 245, 629, 581, 165, 7.86%, 0, 0, 3, 23.00
1700994017, 0, 251, 629, 580, 173, 7.86%, 0, 0, 3, 20.29
1700994042, 0, 251, 630, 581, 173, 7.86%, 0, 0, 3, 18.60
1700994063, 0, 251, 631, 582, 173, 7.86%, 0, 0, 3, 18.55
1700994222, 0, 251, 632, 583, 173, 7.86%, 0, 0, 3, 18.47
1700994237, 0, 251, 633, 584, 173, 7.86%, 0, 0, 3, 17.62
1700994267, 0, 251, 634, 585, 173, 7.86%, 0, 0, 3, 18.60
1700994478, 0, 251, 635, 586, 173, 7.86%, 0, 0, 3, 18.44
1700994508, 0, 251, 636, 587, 173, 7.86%, 0, 0, 3, 18.47
1700994724, 0, 251, 637, 588, 173, 7.86%, 0, 0, 3, 18.03
1700995241, 0, 251, 639, 590, 173, 7.86%, 0, 0, 3, 18.30
1700995272, 0, 251, 640, 591, 173, 7.86%, 0, 0, 3, 16.87
1700995876, 0, 267, 641, 591, 172, 7.86%, 0, 0, 3, 15.42
1700996198, 0, 269, 641, 590, 171, 7.86%, 0, 0, 3, 16.96
1700996745, 0, 269, 642, 591, 171, 7.87%, 0, 0, 3, 17.96
1700996817, 0, 269, 643, 592, 171, 7.87%, 0, 0, 3, 18.30
1700996991, 0, 271, 643, 591, 171, 7.87%, 0, 0, 3, 16.23
1700997063, 0, 274, 643, 590, 170, 7.87%, 0, 0, 3, 22.27
1700997206, 0, 274, 644, 591, 170, 7.87%, 0, 0, 3, 38.63
1700997415, 0, 274, 645, 592, 170, 7.87%, 0, 0, 3, 24.77
1700997420, 0, 274, 646, 593, 170, 7.87%, 0, 0, 3, 22.56
1700997426, 0, 274, 648, 595, 170, 7.87%, 0, 0, 3, 23.12
1700997446, 0, 274, 649, 596, 170, 7.87%, 0, 0, 3, 21.73
1700997451, 0, 274, 650, 597, 170, 7.88%, 0, 0, 3, 21.31
1700998576, 0, 275, 650, 596, 170, 7.88%, 0, 0, 3, 21.60
1700998643, 0, 276, 650, 595, 169, 7.88%, 0, 0, 3, 18.04
1700999461, 0, 277, 650, 594, 168, 7.88%, 0, 0, 3, 17.12
1700999487, 0, 278, 650, 593, 167, 7.88%, 0, 0, 3, 17.70
1700999621, 0, 279, 650, 592, 166, 7.88%, 0, 0, 3, 24.94
1701000342, 0, 280, 650, 591, 165, 7.88%, 0, 0, 3, 19.19
1701000995, 0, 287, 650, 590, 164, 7.88%, 0, 0, 3, 17.65
1701001021, 0, 288, 650, 589, 163, 7.88%, 0, 0, 3, 17.63
1701002735, 0, 291, 650, 588, 162, 7.88%, 0, 0, 3, 16.37
1701002766, 0, 291, 651, 589, 162, 7.88%, 0, 0, 4, 16.94
1701003206, 0, 291, 653, 591, 162, 7.88%, 0, 0, 4, 18.20
1701003605, 0, 293, 653, 590, 162, 7.88%, 0, 0, 4, 16.72
1701003790, 0, 295, 653, 589, 161, 7.88%, 0, 0, 4, 17.50
1701004806, 0, 297, 653, 588, 160, 7.88%, 0, 0, 4, 22.33
1701004821, 0, 297, 654, 589, 160, 7.89%, 0, 0, 4, 36.72
1701004837, 0, 297, 655, 590, 160, 7.91%, 0, 0, 4, 30.26
1701004944, 0, 297, 657, 592, 160, 7.91%, 0, 0, 4, 42.94
1701005692, 0, 297, 658, 593, 160, 7.91%, 0, 0, 4, 24.19
1701005722, 0, 297, 659, 594, 160, 7.91%, 0, 0, 4, 24.77
1701005763, 0, 297, 660, 595, 160, 7.91%, 0, 0, 4, 22.42
1701005768, 0, 297, 661, 596, 160, 7.91%, 0, 0, 4, 26.10
1701005871, 0, 297, 662, 597, 160, 7.91%, 0, 0, 4, 24.61
1701006095, 0, 297, 663, 598, 160, 7.91%, 0, 0, 4, 24.50
1701006563, 0, 297, 664, 599, 160, 7.91%, 0, 0, 4, 24.75
1701006716, 0, 297, 665, 600, 160, 7.91%, 0, 0, 4, 25.16
1701006772, 0, 297, 666, 601, 160, 7.91%, 0, 0, 4, 26.29
1701007048, 0, 301, 666, 600, 161, 7.91%, 0, 0, 4, 18.97
1701007247, 0, 301, 667, 601, 161, 7.91%, 0, 0, 4, 16.77
1701009354, 0, 301, 668, 602, 161, 7.91%, 0, 0, 4, 18.88
1701009932, 0, 301, 669, 603, 161, 7.91%, 0, 0, 4, 18.42
1701009958, 0, 301, 670, 604, 161, 7.91%, 0, 0, 4, 20.87
1701009973, 0, 301, 671, 605, 161, 7.91%, 0, 0, 4, 20.42
1701009983, 0, 301, 672, 606, 161, 7.91%, 0, 0, 4, 19.67
1701010040, 0, 301, 673, 607, 161, 7.91%, 0, 0, 4, 20.98
1701010142, 0, 301, 674, 608, 161, 7.91%, 0, 0, 4, 19.83
1701010173, 0, 301, 675, 609, 161, 7.91%, 0, 0, 4, 20.17
1701010178, 0, 301, 676, 610, 161, 7.91%, 0, 0, 4, 19.99
1701010214, 0, 301, 677, 611, 161, 7.91%, 0, 0, 4, 20.01
1701010654, 0, 301, 678, 612, 161, 7.91%, 0, 0, 4, 20.40
1701010725, 0, 301, 679, 613, 161, 7.91%, 0, 0, 4, 20.32
1701010889, 0, 301, 680, 614, 161, 7.91%, 0, 0, 4, 19.88
1701011067, 0, 301, 681, 615, 161, 7.91%, 0, 0, 4, 19.05
1701011185, 0, 301, 682, 616, 161, 7.91%, 0, 0, 4, 18.64
1701011426, 0, 301, 683, 617, 161, 7.91%, 0, 0, 4, 19.44
1701011621, 0, 302, 683, 616, 162, 7.91%, 0, 0, 4, 18.96
1701011769, 0, 303, 683, 615, 161, 7.91%, 0, 0, 4, 28.46
1701011779, 0, 303, 687, 619, 161, 7.92%, 0, 0, 4, 30.64
1701011790, 0, 303, 689, 621, 161, 7.93%, 0, 0, 4, 32.16
1701011846, 0, 303, 690, 622, 161, 7.93%, 0, 0, 4, 43.42
1701011871, 0, 303, 691, 623, 161, 7.93%, 0, 0, 4, 41.17
1701011999, 0, 303, 692, 624, 161, 7.94%, 0, 0, 4, 41.07
1701012147, 0, 305, 692, 623, 169, 7.94%, 0, 0, 4, 19.12
1701012346, 0, 306, 692, 622, 168, 7.94%, 0, 0, 4, 17.62
1701012495, 0, 306, 693, 623, 168, 7.94%, 0, 0, 4, 19.23
1701013578, 0, 307, 693, 622, 167, 7.94%, 0, 0, 4, 24.45
1701014671, 0, 308, 693, 621, 166, 7.94%, 0, 0, 4, 21.28
1701014686, 0, 313, 693, 620, 165, 7.94%, 0, 0, 4, 18.32
1701014819, 0, 313, 695, 622, 165, 7.94%, 0, 0, 4, 19.23
1701017285, 0, 313, 696, 623, 165, 7.94%, 0, 0, 4, 19.22
1701017346, 0, 313, 697, 624, 165, 7.94%, 0, 0, 4, 19.17
1701017504, 0, 314, 697, 623, 165, 7.94%, 0, 0, 4, 17.36
1701017591, 0, 314, 698, 624, 165, 7.94%, 0, 0, 4, 32.29
1701018022, 0, 314, 699, 625, 165, 7.94%, 0, 0, 4, 26.29
1701018186, 0, 321, 699, 624, 165, 7.94%, 0, 0, 4, 19.44
1701018876, 0, 322, 699, 623, 164, 7.94%, 0, 0, 4, 19.55
1701018896, 0, 322, 700, 624, 164, 7.95%, 0, 0, 4, 32.60
1701018963, 0, 322, 701, 625, 164, 7.96%, 0, 0, 4, 36.53
1701019296, 0, 322, 702, 626, 164, 7.96%, 0, 0, 4, 22.67
1701019332, 0, 324, 702, 625, 165, 7.96%, 0, 0, 4, 20.87
1701019971, 0, 334, 702, 624, 164, 7.96%, 0, 0, 4, 16.30
1701020319, 0, 340, 702, 623, 163, 7.96%, 0, 0, 4, 17.70
1701020462, 0, 342, 702, 622, 162, 7.96%, 0, 0, 4, 19.62
1701020605, 0, 344, 702, 621, 161, 7.96%, 0, 0, 4, 17.86
1701020805, 0, 344, 703, 622, 161, 7.96%, 0, 0, 4, 18.17
1701020917, 0, 347, 703, 621, 161, 7.96%, 0, 0, 4, 18.05
1701021254, 0, 347, 704, 622, 161, 7.98%, 0, 0, 4, 20.43
1701021443, 0, 349, 704, 621, 161, 7.98%, 0, 0, 4, 17.99
1701021490, 0, 352, 704, 620, 160, 7.98%, 0, 0, 4, 17.97
1701021515, 0, 353, 704, 619, 159, 7.98%, 0, 0, 4, 18.76
1701021683, 0, 353, 705, 620, 159, 7.98%, 0, 0, 4, 26.21
1701022367, 0, 356, 705, 619, 159, 7.98%, 0, 0, 4, 17.94
1701022398, 0, 358, 705, 618, 158, 7.98%, 0, 0, 4, 18.13
1701022429, 0, 358, 706, 619, 158, 7.98%, 0, 0, 4, 20.16
1701022515, 0, 358, 707, 620, 158, 7.98%, 0, 0, 4, 19.67
1701023308, 0, 361, 707, 619, 157, 7.98%, 0, 0, 4, 20.54
1701023472, 0, 364, 707, 618, 156, 7.98%, 0, 0, 4, 18.45
1701023492, 0, 364, 708, 619, 156, 7.98%, 0, 0, 4, 18.67
1701023517, 0, 364, 709, 620, 156, 7.98%, 0, 0, 4, 18.76
1701023758, 0, 364, 710, 621, 156, 7.98%, 0, 0, 4, 18.03
1701023896, 0, 364, 711, 622, 156, 7.98%, 0, 0, 4, 18.90
1701023922, 0, 364, 712, 623, 156, 7.98%, 0, 0, 4, 19.07
1701024867, 0, 364, 713, 624, 156, 7.98%, 0, 0, 4, 18.27
1701024903, 0, 364, 714, 625, 156, 7.98%, 0, 0, 4, 18.17
1701024913, 0, 364, 715, 626, 156, 7.98%, 0, 0, 4, 18.08
1701024933, 0, 364, 716, 627, 156, 7.98%, 0, 0, 4, 18.90
1701025000, 0, 364, 717, 628, 156, 7.98%, 0, 0, 4, 19.61
1701025087, 0, 364, 718, 629, 156, 7.99%, 0, 0, 4, 19.85
1701025153, 0, 364, 719, 630, 156, 7.99%, 0, 0, 4, 18.89
1701025159, 0, 364, 720, 631, 156, 7.99%, 0, 0, 4, 18.95
1701025251, 0, 364, 721, 632, 156, 7.99%, 0, 0, 4, 18.00
1701025256, 0, 364, 722, 633, 156, 7.99%, 0, 0, 4, 18.12
1701025312, 0, 364, 723, 634, 156, 7.99%, 0, 0, 4, 18.08
1701025486, 0, 364, 724, 635, 156, 7.99%, 0, 0, 4, 19.08
1701025506, 0, 364, 725, 636, 156, 7.99%, 0, 0, 4, 18.12
1701025532, 0, 364, 726, 637, 156, 7.99%, 0, 0, 4, 18.76
1701025593, 0, 364, 727, 638, 156, 7.99%, 0, 0, 4, 18.92
1701025731, 0, 364, 728, 639, 156, 7.99%, 0, 0, 4, 17.70
1701026068, 0, 364, 729, 640, 156, 7.99%, 0, 0, 4, 19.42
1701026078, 0, 364, 730, 641, 156, 7.99%, 0, 0, 4, 19.39
1701026185, 0, 365, 730, 640, 160, 7.99%, 0, 0, 4, 17.57
1701026226, 0, 365, 731, 641, 160, 8.02%, 0, 0, 4, 18.17
1701026308, 0, 370, 731, 640, 160, 8.02%, 0, 0, 4, 17.28
1701026328, 0, 371, 731, 639, 159, 8.02%, 0, 0, 4, 17.68
1701026343, 0, 372, 731, 638, 158, 8.02%, 0, 0, 4, 17.95
1701026354, 0, 372, 732, 639, 158, 8.02%, 0, 0, 4, 20.36
1701026374, 0, 372, 734, 641, 158, 8.02%, 0, 0, 4, 21.28
1701026476, 0, 372, 735, 642, 158, 8.02%, 0, 0, 4, 22.71
1701026496, 0, 372, 736, 643, 158, 8.02%, 0, 0, 4, 21.50
1701026619, 0, 372, 737, 644, 158, 8.02%, 0, 0, 4, 20.27
1701026629, 0, 372, 738, 645, 158, 8.02%, 0, 0, 4, 18.66
1701026634, 0, 372, 739, 646, 158, 8.02%, 0, 0, 4, 19.58
1701027059, 0, 373, 739, 645, 158, 8.02%, 0, 0, 4, 16.12
1701027110, 0, 375, 739, 644, 157, 8.02%, 0, 0, 4, 17.58
1701027714, 0, 379, 739, 643, 157, 8.02%, 0, 0, 4, 17.44
1701027877, 0, 381, 739, 642, 156, 8.02%, 0, 0, 4, 19.27
1701029151, 0, 381, 740, 643, 156, 8.02%, 0, 0, 4, 20.00
1701029223, 0, 387, 740, 642, 155, 8.02%, 0, 0, 4, 17.80
1701029612, 0, 388, 740, 641, 154, 8.02%, 0, 0, 4, 21.77
1701029935, 0, 388, 741, 642, 154, 8.02%, 0, 0, 4, 28.11
1701030124, 0, 388, 743, 644, 154, 8.02%, 0, 0, 4, 30.37
1701030263, 0, 388, 744, 645, 154, 8.03%, 0, 0, 4, 21.63
1701030314, 0, 388, 745, 646, 154, 8.03%, 0, 0, 4, 22.65
1701030432, 0, 389, 745, 645, 156, 8.03%, 0, 0, 4, 20.53
1701030688, 0, 390, 745, 644, 155, 8.03%, 0, 0, 4, 26.74
1701030698, 0, 390, 747, 646, 155, 8.03%, 0, 0, 4, 1.76
1701030759, 0, 390, 749, 648, 155, 8.04%, 0, 0, 4, 39.83
1701030816, 0, 390, 750, 649, 155, 8.04%, 0, 0, 4, 42.32
1701030836, 0, 390, 751, 650, 155, 8.05%, 0, 0, 4, 38.28
1701031535, 0, 391, 751, 649, 160, 8.05%, 0, 0, 4, 20.26
1701031775, 0, 393, 751, 648, 159, 8.05%, 0, 0, 4, 18.60
1701031780, 0, 393, 752, 649, 159, 8.05%, 0, 0, 4, 20.80
1701031791, 0, 393, 753, 650, 159, 8.06%, 0, 0, 4, 21.73
1701031801, 0, 393, 754, 651, 159, 8.06%, 0, 0, 4, 20.02
1701032077, 0, 393, 756, 653, 159, 8.08%, 0, 0, 4, 17.46
1701032103, 0, 393, 757, 654, 159, 8.08%, 0, 0, 4, 20.61
1701032149, 0, 393, 758, 655, 159, 8.09%, 0, 0, 4, 21.35
1701032154, 0, 393, 759, 656, 159, 8.09%, 0, 0, 4, 22.32
1701032287, 0, 393, 760, 657, 159, 8.10%, 0, 0, 4, 19.00
1701032292, 0, 393, 762, 659, 159, 8.11%, 0, 0, 4, 19.39
1701032302, 0, 393, 763, 660, 159, 8.11%, 0, 0, 4, 19.38
1701032312, 0, 393, 764, 661, 159, 8.11%, 0, 0, 4, 19.79
1701032317, 0, 393, 765, 662, 159, 8.11%, 0, 0, 4, 20.88
1701032323, 0, 393, 766, 663, 159, 8.12%, 0, 0, 4, 20.26
1701032364, 0, 393, 767, 664, 159, 8.12%, 0, 0, 4, 18.62
1701032379, 0, 393, 768, 665, 159, 8.12%, 0, 0, 4, 20.07
1701032384, 0, 393, 769, 666, 159, 8.12%, 0, 0, 4, 19.91
1701032394, 0, 393, 770, 667, 159, 8.12%, 0, 0, 4, 18.58
1701032399, 0, 393, 771, 668, 159, 8.13%, 0, 0, 4, 19.52
1701032405, 0, 393, 772, 669, 159, 8.13%, 0, 0, 4, 19.66
1701032430, 0, 393, 773, 670, 159, 8.13%, 0, 0, 4, 20.12
1701032497, 0, 393, 774, 671, 159, 8.13%, 0, 0, 4, 19.63
1701032548, 0, 393, 775, 672, 159, 8.13%, 0, 0, 4, 17.85
1701032645, 0, 393, 776, 673, 159, 8.14%, 0, 0, 4, 19.11
1701032660, 0, 393, 777, 674, 159, 8.15%, 0, 0, 4, 20.06
1701032716, 0, 393, 778, 675, 159, 8.15%, 0, 0, 4, 19.42
1701032793, 0, 393, 779, 676, 159, 8.15%, 0, 0, 4, 18.50
1701032844, 0, 393, 780, 677, 159, 8.15%, 0, 0, 4, 19.12
1701032864, 0, 393, 781, 678, 159, 8.15%, 0, 0, 4, 19.50
1701032941, 0, 393, 782, 679, 159, 8.15%, 0, 0, 4, 19.45
1701033043, 0, 393, 783, 680, 159, 8.15%, 0, 0, 4, 19.76
1701033079, 0, 393, 784, 681, 159, 8.15%, 0, 0, 4, 19.05
1701033288, 0, 393, 785, 682, 159, 8.15%, 0, 0, 4, 19.33
1701033390, 0, 393, 786, 683, 159, 8.15%, 0, 0, 4, 18.59
1701033401, 0, 393, 787, 684, 159, 8.15%, 0, 0, 4, 19.37
1701033508, 0, 393, 788, 685, 159, 8.15%, 0, 0, 4, 19.33
1701033620, 0, 393, 789, 686, 159, 8.15%, 0, 0, 4, 19.86
1701034019, 0, 394, 789, 685, 181, 8.15%, 0, 0, 4, 18.55
1701034504, 0, 395, 789, 684, 180, 8.15%, 0, 0, 4, 16.01
1701034719, 0, 396, 789, 683, 179, 8.15%, 0, 0, 4, 19.24
1701035174, 0, 397, 789, 682, 178, 8.15%, 0, 0, 4, 21.62
1701035209, 0, 397, 790, 683, 178, 8.16%, 0, 0, 4, 35.54
1701035230, 0, 397, 791, 684, 178, 8.17%, 0, 0, 4, 36.97
1701035311, 0, 397, 793, 686, 178, 8.17%, 0, 0, 4, 37.89
1701035316, 0, 397, 794, 687, 178, 8.17%, 0, 0, 4, 41.89
1701035980, 0, 398, 794, 686, 181, 8.17%, 0, 0, 4, 22.84
1701036578, 0, 398, 795, 687, 181, 8.17%, 0, 0, 4, 24.59
1701036640, 0, 398, 796, 688, 181, 8.17%, 0, 0, 4, 19.95
1701036788, 0, 399, 796, 687, 180, 8.17%, 0, 0, 4, 20.27
1701037463, 0, 399, 797, 688, 180, 8.17%, 0, 0, 4, 21.71
1701037534, 0, 401, 797, 687, 179, 8.17%, 0, 0, 4, 20.16
1701037626, 0, 401, 798, 688, 179, 8.18%, 0, 0, 4, 19.60
1701037723, 0, 403, 798, 687, 179, 8.18%, 0, 0, 4, 18.71
1701039229, 0, 408, 798, 686, 179, 8.18%, 0, 0, 4, 17.72
1701041545, 0, 412, 798, 685, 178, 8.18%, 0, 0, 4, 27.45
1701041550, 0, 412, 799, 686, 178, 8.18%, 0, 0, 4, 38.55
1701041570, 0, 412, 800, 687, 178, 8.18%, 0, 0, 4, 37.80
1701041632, 0, 412, 801, 688, 178, 8.18%, 0, 0, 4, 42.71
1701041637, 0, 412, 802, 689, 178, 8.19%, 0, 0, 4, 43.30
1701042084, 0, 414, 802, 688, 179, 8.19%, 0, 0, 4, 25.62
1701042392, 0, 414, 803, 689, 179, 8.19%, 0, 0, 4, 32.53
1701042652, 0, 414, 804, 690, 179, 8.19%, 0, 0, 4, 34.99
1701042969, 0, 415, 804, 689, 178, 8.19%, 0, 0, 4, 28.93
1701043276, 0, 415, 805, 690, 178, 8.19%, 0, 0, 4, 37.08
1701043844, 0, 416, 805, 689, 177, 8.19%, 0, 0, 4, 26.77
1701044718, 0, 417, 805, 688, 176, 8.19%, 0, 0, 4, 24.78
1701045572, 0, 420, 805, 687, 175, 8.19%, 0, 0, 4, 23.30
1701045587, 0, 420, 807, 689, 175, 8.22%, 0, 0, 4, 36.30
1701045608, 0, 420, 808, 690, 175, 8.22%, 0, 0, 4, 35.49
1701045664, 0, 420, 809, 691, 175, 8.22%, 0, 0, 4, 29.94
1701045746, 0, 420, 810, 692, 175, 8.23%, 0, 0, 4, 37.02
1701046062, 0, 420, 811, 693, 175, 8.23%, 0, 0, 4, 36.99
1701046389, 0, 420, 812, 694, 175, 8.24%, 0, 0, 4, 25.10
1701046400, 0, 420, 813, 695, 175, 8.24%, 0, 0, 4, 24.62
1701046456, 0, 420, 814, 696, 175, 8.24%, 0, 0, 4, 25.13
1701046507, 0, 420, 815, 697, 175, 8.24%, 0, 0, 4, 23.58
1701046512, 0, 420, 816, 698, 175, 8.24%, 0, 0, 4, 25.32
1701046727, 0, 420, 817, 699, 175, 8.24%, 0, 0, 4, 25.68
1701047115, 0, 420, 818, 700, 175, 8.24%, 0, 0, 4, 24.65
1701047427, 0, 420, 819, 701, 175, 8.25%, 0, 0, 4, 24.97
1701047725, 0, 420, 820, 702, 175, 8.25%, 0, 0, 4, 24.46
1701047740, 0, 423, 820, 701, 180, 8.25%, 0, 0, 4, 23.81
1701047751, 0, 423, 821, 702, 180, 8.25%, 0, 0, 4, 36.13
1701048606, 0, 424, 821, 701, 179, 8.25%, 0, 0, 4, 26.17
1701049120, 0, 425, 821, 700, 178, 8.25%, 0, 0, 4, 26.32
1701049834, 0, 425, 822, 701, 178, 8.27%, 0, 0, 4, 34.48
1701049952, 0, 426, 822, 700, 178, 8.27%, 0, 0, 4, 25.87
1701049988, 0, 426, 823, 701, 178, 8.27%, 0, 0, 4, 37.31
1701050823, 0, 427, 823, 700, 178, 8.27%, 0, 0, 4, 23.46
1701050858, 0, 427, 824, 701, 178, 8.27%, 0, 0, 4, 32.43
1701050976, 0, 427, 825, 702, 178, 8.27%, 0, 0, 4, 34.81
1701051708, 0, 429, 825, 701, 178, 8.27%, 0, 0, 4, 19.85
1701053645, 0, 432, 825, 700, 177, 8.27%, 0, 0, 4, 18.32
1701054276, 0, 433, 825, 699, 177, 8.27%, 0, 0, 4, 22.58
1701055243, 0, 434, 825, 698, 176, 8.27%, 0, 0, 4, 17.45
1701055309, 0, 436, 825, 697, 175, 8.27%, 0, 0, 4, 18.33
1701055345, 0, 437, 825, 696, 174, 8.27%, 0, 0, 4, 18.19
1701057236, 0, 438, 825, 695, 173, 8.27%, 0, 0, 4, 18.94
1701057451, 0, 438, 826, 696, 173, 8.27%, 0, 0, 4, 18.39
1701057466, 0, 438, 827, 697, 173, 8.27%, 0, 0, 4, 19.26
1701058370, 0, 438, 828, 698, 173, 8.27%, 0, 0, 4, 17.13
1701059145, 0, 438, 829, 699, 173, 8.27%, 0, 0, 4, 19.50
1701059166, 0, 438, 830, 700, 173, 8.27%, 0, 0, 4, 19.91
1701059171, 0, 438, 831, 701, 173, 8.27%, 0, 0, 4, 19.97
1701059227, 0, 438, 832, 702, 173, 8.27%, 0, 0, 4, 19.76
1701059232, 0, 438, 833, 703, 173, 8.27%, 0, 0, 4, 20.25
1701059294, 0, 438, 834, 704, 173, 8.27%, 0, 0, 4, 18.84
1701059631, 0, 438, 835, 705, 173, 8.28%, 0, 0, 4, 18.98
1701059774, 0, 438, 836, 706, 173, 8.28%, 0, 0, 4, 18.10
1701059902, 0, 438, 837, 707, 173, 8.28%, 0, 0, 4, 18.86
1701060668, 0, 438, 838, 708, 173, 8.28%, 0, 0, 4, 19.62
1701060908, 0, 439, 838, 707, 177, 8.28%, 0, 0, 4, 25.93
1701061583, 0, 440, 838, 706, 176, 8.28%, 0, 0, 4, 24.61
1701061609, 0, 440, 839, 707, 176, 8.29%, 0, 0, 4, 42.10
1701061670, 0, 440, 840, 708, 176, 8.29%, 0, 0, 4, 44.85
1701062077, 0, 440, 841, 709, 176, 8.29%, 0, 0, 4, 24.11
1701062133, 0, 445, 841, 708, 177, 8.29%, 0, 0, 4, 23.73
1701062250, 0, 445, 842, 709, 177, 8.29%, 0, 0, 4, 18.84
1701062322, 0, 445, 843, 710, 177, 8.29%, 0, 0, 4, 19.82
1701062445, 0, 449, 843, 709, 177, 8.29%, 0, 0, 4, 22.82
1701062456, 0, 449, 845, 711, 177, 8.29%, 0, 0, 4, 35.22
1701062481, 0, 449, 846, 712, 177, 8.29%, 0, 0, 4, 40.22
1701062588, 0, 449, 847, 713, 177, 8.29%, 0, 0, 4, 41.16
1701062603, 0, 449, 848, 714, 177, 8.30%, 0, 0, 4, 39.33
1701062920, 0, 449, 849, 715, 177, 8.30%, 0, 0, 4, 35.59
1701063288, 0, 450, 849, 714, 179, 8.30%, 0, 0, 4, 24.04
1701063324, 0, 450, 850, 715, 179, 8.30%, 0, 0, 4, 33.05
1701063431, 0, 450, 851, 716, 179, 8.30%, 0, 0, 4, 38.20
1701064148, 0, 452, 851, 715, 179, 8.30%, 0, 0, 4, 24.78
1701065182, 0, 458, 851, 714, 178, 8.30%, 0, 0, 4, 17.03
1701065197, 0, 458, 852, 715, 178, 8.30%, 0, 0, 4, 18.82
1701066527, 0, 458, 853, 716, 178, 8.30%, 0, 0, 4, 20.19
1701067420, 0, 458, 854, 717, 178, 8.30%, 0, 0, 4, 19.43
1701067466, 0, 458, 855, 718, 178, 8.30%, 0, 0, 4, 18.41
1701067558, 0, 460, 855, 717, 178, 8.30%, 0, 0, 4, 19.98
1701068958, 0, 461, 855, 716, 177, 8.30%, 0, 0, 4, 18.49
1701070368, 0, 461, 856, 717, 177, 8.30%, 0, 0, 4, 19.00
1701070517, 0, 462, 856, 716, 177, 8.30%, 0, 0, 4, 24.22
1701070527, 0, 462, 857, 717, 177, 8.31%, 0, 0, 4, 25.20
1701070609, 0, 462, 858, 718, 177, 8.32%, 0, 0, 4, 29.69
1701070700, 0, 462, 859, 719, 177, 8.32%, 0, 0, 4, 27.14
1701070711, 0, 462, 860, 720, 177, 8.33%, 0, 0, 4, 31.75
1701070782, 0, 462, 862, 722, 177, 8.33%, 0, 0, 4, 23.62
1701070869, 0, 462, 863, 723, 177, 8.34%, 0, 0, 4, 22.48
1701070987, 0, 462, 864, 724, 177, 8.34%, 0, 0, 4, 24.52
1701071430, 0, 467, 864, 723, 183, 8.34%, 0, 0, 4, 27.84
1701071978, 0, 467, 865, 724, 183, 8.34%, 0, 0, 4, 19.18
1701071988, 0, 467, 866, 725, 183, 8.34%, 0, 0, 4, 20.04
1701072152, 0, 469, 866, 724, 181, 8.34%, 0, 0, 4, 18.48
1701072310, 0, 469, 867, 725, 181, 8.34%, 0, 0, 4, 19.55
1701073066, 0, 469, 868, 726, 181, 8.34%, 0, 0, 4, 21.55
1701073577, 0, 470, 868, 725, 181, 8.34%, 0, 0, 4, 19.12
1701074356, 0, 472, 868, 724, 180, 8.34%, 0, 0, 4, 19.26
1701076140, 0, 473, 868, 723, 179, 8.34%, 0, 0, 4, 33.87
1701076267, 0, 473, 869, 724, 179, 8.35%, 0, 0, 4, 34.77
1701076389, 0, 475, 869, 723, 179, 8.35%, 0, 0, 4, 23.36
1701076665, 0, 475, 870, 724, 179, 8.35%, 0, 0, 4, 25.34
1701076916, 0, 475, 871, 725, 179, 8.35%, 0, 0, 4, 23.24
1701076967, 0, 475, 872, 726, 179, 8.35%, 0, 0, 4, 22.38
1701077023, 0, 475, 873, 727, 179, 8.35%, 0, 0, 4, 20.26
1701077105, 0, 475, 874, 728, 179, 8.35%, 0, 0, 4, 21.75
1701077315, 0, 475, 875, 729, 179, 8.35%, 0, 0, 4, 20.28
1701077787, 0, 475, 876, 730, 179, 8.35%, 0, 0, 4, 21.25
1701078130, 0, 475, 877, 731, 179, 8.35%, 0, 0, 4, 21.42
1701078273, 0, 475, 878, 732, 179, 8.35%, 0, 0, 4, 20.55
1701078340, 0, 475, 879, 733, 179, 8.35%, 0, 0, 4, 21.47
1701078365, 0, 475, 880, 734, 179, 8.35%, 0, 0, 4, 20.19
1701078493, 0, 478, 880, 733, 177, 8.35%, 0, 0, 4, 22.13
1701079078, 0, 479, 880, 732, 176, 8.35%, 0, 0, 4, 35.47
1701079256, 0, 479, 881, 733, 176, 8.36%, 0, 0, 4, 46.15
1701079292, 0, 479, 882, 734, 176, 8.36%, 0, 0, 4, 39.18
1701079383, 0, 480, 882, 733, 176, 8.36%, 0, 0, 4, 22.88
1701079710, 0, 481, 882, 732, 175, 8.36%, 0, 0, 4, 35.51
1701079893, 0, 481, 883, 733, 175, 8.36%, 0, 0, 4, 33.65
1701079990, 0, 481, 884, 734, 175, 8.36%, 0, 0, 4, 23.75
1701080057, 0, 482, 884, 733, 176, 8.36%, 0, 0, 4, 20.71
1701080358, 0, 482, 885, 734, 176, 8.36%, 0, 0, 4, 22.29
1701080414, 0, 483, 885, 733, 175, 8.36%, 0, 0, 4, 22.57
1701080777, 0, 501, 885, 732, 174, 8.36%, 0, 0, 4, 21.98
1701080782, 0, 501, 886, 733, 174, 8.36%, 0, 0, 4, 26.04
1701081161, 0, 501, 887, 734, 174, 8.36%, 0, 0, 4, 27.75
1701081392, 0, 501, 889, 736, 174, 8.36%, 0, 0, 4, 21.59
1701081550, 0, 503, 889, 735, 174, 8.36%, 0, 0, 4, 18.59
1701081565, 0, 507, 889, 734, 173, 8.36%, 0, 0, 4, 16.89
1701081575, 0, 507, 890, 735, 173, 8.37%, 0, 0, 4, 17.08
1701081580, 0, 507, 891, 736, 173, 8.37%, 0, 0, 4, 19.96
1701081616, 0, 507, 892, 737, 173, 8.39%, 0, 0, 4, 21.84
1701081933, 0, 508, 892, 736, 175, 8.39%, 0, 0, 4, 19.48
1701082378, 0, 511, 892, 735, 175, 8.39%, 0, 0, 4, 21.03
1701083048, 0, 511, 893, 736, 175, 8.40%, 0, 0, 4, 23.69
1701083083, 0, 511, 894, 737, 175, 8.40%, 0, 0, 4, 21.91
1701083206, 0, 512, 894, 736, 175, 8.40%, 0, 0, 4, 23.13
1701083602, 0, 517, 894, 735, 174, 8.40%, 0, 0, 4, 20.22
1701083612, 0, 517, 895, 736, 174, 8.40%, 0, 0, 4, 28.50
1701083873, 0, 517, 896, 737, 174, 8.40%, 0, 0, 4, 26.33
1701083944, 0, 517, 898, 739, 174, 8.40%, 0, 0, 4, 20.75
1701083990, 0, 517, 899, 740, 174, 8.40%, 0, 0, 4, 21.12
1701084266, 0, 517, 900, 741, 174, 8.40%, 0, 0, 4, 20.45
1701084317, 0, 517, 901, 742, 174, 8.40%, 0, 0, 4, 20.00
1701084481, 0, 517, 902, 743, 174, 8.40%, 0, 0, 4, 20.66
1701084993, 0, 517, 903, 744, 174, 8.40%, 0, 0, 4, 20.22
1701085576, 0, 519, 903, 743, 174, 8.40%, 0, 0, 4, 19.99
1701085581, 0, 519, 904, 744, 174, 8.42%, 0, 0, 4, 20.81
1701085591, 0, 519, 906, 746, 174, 8.45%, 0, 0, 4, 21.44
1701085601, 0, 519, 909, 749, 174, 8.49%, 0, 0, 4, 21.00
1701085606, 0, 519, 912, 752, 174, 8.50%, 0, 0, 4, 22.68
1701085963, 0, 520, 912, 751, 179, 8.50%, 0, 0, 4, 21.10
1701085968, 0, 520, 913, 752, 179, 8.50%, 0, 0, 4, 20.48
1701086075, 0, 526, 913, 751, 179, 8.50%, 0, 0, 4, 19.15
1701086137, 0, 526, 914, 752, 179, 8.50%, 0, 0, 4, 25.46
1701086469, 0, 526, 915, 753, 179, 8.50%, 0, 0, 4, 22.83
1701086494, 0, 526, 916, 754, 179, 8.50%, 0, 0, 4, 20.91
1701086576, 0, 526, 917, 755, 179, 8.50%, 0, 0, 4, 19.24
1701086878, 0, 527, 917, 754, 178, 8.50%, 0, 0, 4, 18.78
1701087200, 0, 543, 917, 753, 177, 8.50%, 0, 0, 4, 20.24
1701087813, 0, 543, 918, 754, 177, 8.50%, 0, 0, 4, 18.81
1701087915, 0, 545, 918, 753, 177, 8.50%, 0, 0, 4, 20.14
1701088627, 0, 546, 918, 752, 176, 8.50%, 0, 0, 4, 23.16
1701089334, 0, 547, 918, 751, 175, 8.50%, 0, 0, 4, 27.92
1701090039, 0, 548, 918, 750, 174, 8.50%, 0, 0, 4, 20.68
1701091184, 0, 549, 918, 749, 173, 8.50%, 0, 0, 4, 26.00
1701091256, 0, 549, 919, 750, 173, 8.50%, 0, 0, 4, 34.53
1701091854, 0, 550, 919, 749, 173, 8.50%, 0, 0, 4, 26.59
1701091859, 0, 550, 920, 750, 173, 8.50%, 0, 0, 4, 34.53
1701091864, 0, 550, 921, 751, 173, 8.50%, 0, 0, 4, 37.52
1701091972, 0, 550, 922, 752, 173, 8.50%, 0, 0, 4, 37.54
1701092484, 0, 550, 923, 753, 173, 8.50%, 0, 0, 4, 21.08
1701092566, 0, 556, 923, 752, 173, 8.50%, 0, 0, 4, 22.49
1701093855, 0, 557, 923, 751, 172, 8.50%, 0, 0, 4, 20.57
1701093860, 0, 557, 924, 752, 172, 8.51%, 0, 0, 4, 24.88
1701094637, 0, 562, 924, 751, 172, 8.51%, 0, 0, 4, 18.47
1701095556, 0, 564, 924, 750, 171, 8.51%, 0, 0, 4, 18.42
1701096216, 0, 564, 925, 751, 171, 8.51%, 0, 0, 4, 18.26
1701096297, 0, 566, 925, 750, 171, 8.51%, 0, 0, 4, 21.41
1701096813, 0, 567, 925, 749, 170, 8.51%, 0, 0, 4, 19.89
1701096961, 0, 567, 926, 750, 170, 8.52%, 0, 0, 4, 25.93
1701097288, 0, 573, 926, 749, 171, 8.52%, 0, 0, 4, 20.89
1701097824, 0, 574, 926, 748, 170, 8.52%, 0, 0, 4, 22.47
1701097829, 0, 574, 927, 749, 170, 8.52%, 0, 0, 4, 26.31
1701097992, 0, 574, 928, 750, 170, 8.53%, 0, 0, 4, 26.58
1701098150, 0, 574, 930, 752, 170, 8.54%, 0, 0, 4, 27.43
1701098406, 0, 581, 930, 751, 171, 8.54%, 0, 0, 4, 21.13
1701098493, 0, 581, 931, 752, 171, 8.54%, 0, 0, 4, 18.82
1701098565, 0, 583, 931, 751, 171, 8.54%, 0, 0, 4, 21.21
1701098773, 0, 583, 933, 753, 171, 8.55%, 0, 0, 4, 22.32
1701098794, 0, 583, 934, 754, 171, 8.55%, 0, 0, 4, 23.44
1701099993, 0, 583, 935, 755, 171, 8.55%, 0, 0, 4, 20.96
1701099998, 0, 583, 936, 756, 171, 8.55%, 0, 0, 4, 21.19
1701100029, 0, 583, 937, 757, 171, 8.55%, 0, 0, 4, 20.19
1701100034, 0, 583, 938, 758, 171, 8.55%, 0, 0, 4, 20.98
1701100080, 0, 583, 939, 759, 171, 8.55%, 0, 0, 4, 21.98
1701100105, 0, 583, 940, 760, 171, 8.55%, 0, 0, 4, 21.81
1701100172, 0, 583, 941, 761, 171, 8.55%, 0, 0, 4, 20.29
1701100177, 0, 583, 942, 762, 171, 8.55%, 0, 0, 4, 20.29
1701100274, 0, 583, 944, 764, 171, 8.55%, 0, 0, 4, 22.31
1701100279, 0, 583, 945, 765, 171, 8.55%, 0, 0, 4, 22.39
1701100294, 0, 583, 946, 766, 171, 8.55%, 0, 0, 4, 20.97
1701100402, 0, 583, 947, 767, 171, 8.55%, 0, 0, 4, 20.32
1701100643, 0, 583, 948, 768, 171, 8.55%, 0, 0, 4, 20.39
1701100817, 0, 583, 949, 769, 171, 8.55%, 0, 0, 4, 19.04
1701101360, 0, 583, 950, 770, 171, 8.55%, 0, 0, 4, 20.56
1701101570, 0, 583, 951, 771, 171, 8.55%, 0, 0, 4, 20.12
1701101575, 0, 585, 951, 770, 173, 8.55%, 0, 0, 4, 20.03
1701101908, 0, 585, 952, 771, 173, 8.55%, 0, 0, 4, 17.39
1701101923, 0, 585, 953, 772, 173, 8.55%, 0, 0, 4, 18.06
1701102245, 0, 587, 953, 771, 172, 8.55%, 0, 0, 4, 18.44
1701103651, 0, 592, 953, 770, 171, 8.55%, 0, 0, 4, 18.02
1701104802, 0, 595, 953, 769, 170, 8.55%, 0, 0, 4, 19.44
1701104853, 0, 595, 954, 770, 170, 8.56%, 0, 0, 4, 20.59
1701105569, 0, 595, 956, 772, 170, 8.56%, 0, 0, 4, 21.32
1701105574, 0, 595, 957, 773, 170, 8.56%, 0, 0, 4, 19.42
1701105922, 0, 595, 958, 774, 170, 8.56%, 0, 0, 4, 20.56
1701106239, 0, 604, 958, 773, 172, 8.56%, 0, 0, 4, 19.21
1701109210, 0, 605, 958, 772, 172, 8.56%, 0, 0, 4, 14.80
1701109492, 0, 606, 958, 771, 171, 8.56%, 0, 0, 4, 15.55
1701110358, 0, 609, 958, 770, 170, 8.56%, 0, 0, 4, 19.11
1701111074, 0, 610, 958, 769, 169, 8.56%, 0, 0, 4, 25.51
1701111120, 0, 610, 959, 770, 169, 8.57%, 0, 0, 4, 30.64
1701111686, 0, 611, 959, 769, 169, 8.57%, 0, 0, 4, 23.38
1701112303, 0, 613, 959, 768, 168, 8.57%, 0, 0, 4, 26.27
1701112333, 0, 613, 960, 769, 168, 8.57%, 0, 0, 4, 43.17
1701112354, 0, 613, 961, 770, 168, 8.57%, 0, 0, 4, 39.04
1701112914, 0, 615, 961, 769, 167, 8.57%, 0, 0, 4, 30.20
1701113466, 0, 615, 962, 770, 167, 8.57%, 0, 0, 4, 23.38
1701113548, 0, 617, 962, 769, 166, 8.57%, 0, 0, 4, 21.52
1701113936, 0, 621, 962, 768, 165, 8.57%, 0, 0, 4, 22.58
1701114339, 0, 629, 962, 767, 164, 8.57%, 0, 0, 4, 22.82
1701114416, 0, 629, 963, 768, 164, 8.57%, 0, 0, 4, 19.01
1701114467, 0, 629, 964, 769, 164, 8.57%, 0, 0, 4, 18.45
1701114620, 0, 632, 965, 769, 163, 8.57%, 0, 0, 4, 24.67
1701114625, 0, 632, 966, 770, 163, 8.59%, 0, 0, 4, 26.75
1701114636, 0, 632, 967, 771, 163, 8.59%, 0, 0, 4, 28.71
1701114712, 0, 632, 968, 772, 163, 8.59%, 0, 0, 4, 21.25
1701114774, 0, 632, 969, 773, 163, 8.59%, 0, 0, 4, 18.78
1701114938, 0, 635, 969, 772, 166, 8.59%, 0, 0, 4, 18.04
1701115035, 0, 635, 970, 773, 166, 8.59%, 0, 0, 4, 22.23
1701115205, 0, 638, 970, 772, 166, 8.59%, 0, 0, 4, 17.44
1701116175, 0, 639, 970, 771, 165, 8.59%, 0, 0, 4, 17.92
1701116186, 0, 639, 971, 772, 165, 8.59%, 0, 0, 4, 17.54
1701116242, 0, 641, 971, 771, 165, 8.59%, 0, 0, 4, 18.56
1701118119, 0, 643, 971, 770, 164, 8.59%, 0, 0, 4, 18.08
1701118364, 0, 643, 972, 771, 164, 8.59%, 0, 0, 4, 36.66
1701118471, 0, 643, 974, 773, 164, 8.59%, 0, 0, 4, 28.46
1701118532, 0, 643, 975, 774, 164, 8.59%, 0, 0, 4, 21.90
1701118753, 0, 649, 975, 773, 166, 8.59%, 0, 0, 4, 18.93
1701118973, 0, 650, 975, 772, 165, 8.59%, 0, 0, 4, 20.63
1701119392, 0, 651, 975, 771, 164, 8.59%, 0, 0, 4, 19.77
1701120312, 0, 653, 975, 770, 163, 8.59%, 0, 0, 4, 19.50
1701121234, 0, 653, 976, 771, 163, 8.59%, 0, 0, 5, 26.37
1701121351, 0, 661, 976, 770, 162, 8.59%, 0, 0, 5, 24.16
1701121622, 0, 665, 976, 769, 161, 8.59%, 0, 0, 5, 20.64
1701121969, 0, 665, 977, 770, 161, 8.59%, 0, 0, 5, 42.23
1701122277, 0, 672, 977, 769, 160, 8.59%, 0, 0, 5, 21.40
1701122472, 0, 672, 978, 770, 160, 8.59%, 0, 0, 5, 22.02
1701124811, 0, 672, 979, 771, 160, 8.59%, 0, 0, 5, 19.48
1701124883, 0, 672, 980, 772, 160, 8.59%, 0, 0, 5, 20.62
1701125164, 0, 685, 980, 771, 159, 8.59%, 0, 0, 5, 20.26
