# unix_time, cycles_done, cur_path, paths_total, pending_total, pending_favs, map_size, unique_crashes, unique_hangs, max_depth, execs_per_sec
1700952419, 0, 0, 1, 1, 1, 1.99%, 0, 0, 1, 32.26
1700952424, 0, 0, 15, 15, 1, 4.15%, 0, 0, 2, 84.23
1700952429, 0, 0, 26, 26, 1, 4.27%, 0, 0, 2, 157.91
1700952434, 0, 0, 31, 31, 1, 4.30%, 0, 0, 2, 152.07
1700952440, 0, 0, 37, 37, 1, 4.30%, 0, 0, 2, 111.77
1700952455, 0, 0, 38, 38, 1, 4.32%, 0, 0, 2, 37.15
1700952460, 0, 0, 40, 40, 1, 4.33%, 0, 0, 2, 30.82
1700952465, 0, 0, 41, 41, 1, 4.34%, 0, 0, 2, 27.61
1700952485, 0, 0, 42, 42, 1, 4.34%, 0, 0, 2, 33.96
1700952506, 0, 0, 48, 48, 1, 4.37%, 0, 0, 2, 34.21
1700952527, 0, 0, 54, 54, 1, 4.38%, 0, 0, 2, 33.61
1700952532, 0, 0, 55, 55, 1, 4.38%, 0, 0, 2, 37.49
1700952901, 0, 0, 62, 62, 1, 4.51%, 0, 0, 2, 22.28
1700952906, 0, 0, 65, 65, 1, 4.51%, 0, 0, 2, 30.56
1700952916, 0, 0, 70, 70, 1, 4.70%, 0, 0, 2, 25.06
1700952921, 0, 0, 72, 72, 1, 4.72%, 0, 0, 2, 19.25
1700952926, 0, 0, 73, 73, 1, 4.74%, 0, 0, 2, 26.83
1700952937, 0, 0, 74, 74, 1, 4.74%, 0, 0, 2, 34.02
1700952983, 0, 0, 80, 80, 1, 4.80%, 0, 0, 2, 25.28
1700952988, 0, 0, 82, 82, 1, 4.82%, 0, 0, 2, 21.89
1700952993, 0, 0, 85, 85, 1, 4.83%, 0, 0, 2, 18.43
1700953091, 0, 0, 88, 88, 1, 5.06%, 0, 0, 2, 25.45
1700953096, 0, 0, 94, 94, 1, 5.13%, 0, 0, 2, 17.69
1700953101, 0, 0, 100, 100, 1, 5.19%, 0, 0, 2, 14.39
1700953106, 0, 0, 106, 106, 1, 5.23%, 0, 0, 2, 14.90
1700953111, 0, 0, 111, 111, 1, 5.24%, 0, 0, 2, 15.14
1700953117, 0, 0, 119, 119, 1, 5.27%, 0, 0, 2, 16.00
1700953122, 0, 0, 126, 126, 1, 5.30%, 0, 0, 2, 16.64
1700953127, 0, 0, 134, 134, 1, 5.31%, 0, 0, 2, 16.11
1700953132, 0, 0, 141, 141, 1, 5.33%, 0, 0, 2, 18.94
1700953137, 0, 0, 148, 148, 1, 5.47%, 0, 0, 2, 15.61
1700953142, 0, 0, 154, 154, 1, 5.47%, 0, 0, 2, 15.68
1700953148, 0, 0, 158, 158, 1, 5.49%, 0, 0, 2, 14.56
1700953153, 0, 0, 167, 167, 1, 5.49%, 0, 0, 2, 17.66
1700953158, 0, 0, 170, 170, 1, 5.50%, 0, 0, 2, 14.59
1700953163, 0, 0, 172, 172, 1, 5.52%, 0, 0, 2, 17.83
1700953168, 0, 0, 175, 175, 1, 5.52%, 0, 0, 2, 15.99
1700953173, 0, 0, 179, 179, 1, 5.56%, 0, 0, 2, 16.60
1700953178, 0, 0, 184, 184, 1, 5.71%, 0, 0, 2, 15.44
1700953183, 0, 0, 189, 189, 1, 5.72%, 0, 0, 2, 16.48
1700953188, 0, 0, 191, 191, 1, 5.78%, 0, 0, 2, 16.12
1700953193, 0, 0, 194, 194, 1, 5.78%, 0, 0, 2, 15.67
1700953198, 0, 0, 197, 197, 1, 5.78%, 0, 0, 2, 17.27
1700953204, 0, 0, 200, 200, 1, 5.79%, 0, 0, 2, 15.71
1700953209, 0, 0, 202, 202, 1, 5.81%, 0, 0, 2, 16.85
1700953214, 0, 0, 203, 203, 1, 5.81%, 0, 0, 2, 13.95
1700953219, 0, 0, 205, 205, 1, 5.81%, 0, 0, 2, 15.83
1700953224, 0, 0, 207, 207, 1, 5.83%, 0, 0, 2, 15.49
1700953229, 0, 0, 208, 208, 1, 5.84%, 0, 0, 2, 17.94
1700953234, 0, 0, 213, 213, 1, 5.84%, 0, 0, 2, 16.91
1700953239, 0, 0, 218, 218, 1, 5.86%, 0, 0, 2, 15.28
1700953244, 0, 0, 221, 221, 1, 5.86%, 0, 0, 2, 16.83
1700953250, 0, 0, 223, 223, 1, 5.86%, 0, 0, 2, 17.76
1700953255, 0, 0, 226, 226, 1, 5.86%, 0, 0, 2, 19.96
1700953260, 0, 0, 228, 228, 1, 5.91%, 0, 0, 2, 19.16
1700953265, 0, 0, 231, 231, 1, 5.91%, 0, 0, 2, 17.94
1700953270, 0, 0, 235, 235, 1, 5.92%, 0, 0, 2, 17.56
1700953275, 0, 0, 236, 236, 1, 5.92%, 0, 0, 2, 18.17
1700953280, 0, 0, 237, 237, 1, 5.92%, 0, 0, 2, 16.34
1700953285, 0, 0, 239, 239, 1, 5.93%, 0, 0, 2, 17.35
1700953290, 0, 0, 242, 242, 1, 5.93%, 0, 0, 2, 16.39
1700953296, 0, 0, 244, 244, 1, 5.94%, 0, 0, 2, 17.55
1700953301, 0, 0, 247, 247, 1, 5.94%, 0, 0, 2, 19.69
1700953306, 0, 0, 249, 249, 1, 6.00%, 0, 0, 2, 20.00
1700953311, 0, 0, 251, 251, 1, 6.01%, 0, 0, 2, 18.23
1700953316, 0, 0, 252, 252, 1, 6.01%, 0, 0, 2, 17.56
1700953321, 0, 0, 253, 253, 1, 6.01%, 0, 0, 2, 16.56
1700953326, 0, 0, 256, 256, 1, 6.01%, 0, 0, 2, 14.44
1700953337, 0, 0, 258, 258, 1, 6.01%, 0, 0, 2, 17.02
1700953342, 0, 0, 259, 259, 1, 6.01%, 0, 0, 2, 17.11
1700953347, 0, 0, 260, 260, 1, 6.02%, 0, 0, 2, 18.24
1700953352, 0, 0, 262, 262, 1, 6.02%, 0, 0, 2, 17.62
1700953362, 0, 0, 263, 263, 1, 6.02%, 0, 0, 2, 19.59
1700953368, 0, 0, 265, 265, 1, 6.02%, 0, 0, 2, 20.63
1700953373, 0, 0, 267, 267, 1, 6.02%, 0, 0, 2, 18.07
1700953383, 0, 0, 268, 268, 1, 6.03%, 0, 0, 2, 17.35
1700953388, 0, 0, 270, 270, 1, 6.09%, 0, 0, 2, 19.06
1700953393, 0, 0, 271, 271, 1, 6.09%, 0, 0, 2, 21.14
1700953398, 0, 0, 272, 272, 1, 6.09%, 0, 0, 2, 16.25
1700953408, 0, 0, 274, 274, 1, 6.10%, 0, 0, 2, 19.81
1700953413, 0, 0, 275, 275, 1, 6.11%, 0, 0, 2, 21.12
1700953418, 0, 0, 277, 277, 1, 6.11%, 0, 0, 2, 19.45
1700953429, 0, 0, 278, 278, 1, 6.11%, 0, 0, 2, 18.82
1700953434, 0, 0, 279, 279, 1, 6.11%, 0, 0, 2, 20.08
1700953444, 0, 0, 281, 281, 1, 6.15%, 0, 0, 2, 21.93
1700953449, 0, 0, 282, 282, 1, 6.15%, 0, 0, 2, 19.71
1700953464, 0, 0, 285, 285, 1, 6.16%, 0, 0, 2, 20.90
1700953475, 0, 0, 286, 286, 1, 6.16%, 0, 0, 2, 17.71
1700953480, 0, 0, 287, 287, 1, 6.17%, 0, 0, 2, 19.60
1700953490, 0, 0, 288, 288, 1, 6.17%, 0, 0, 2, 19.01
1700953495, 0, 0, 289, 289, 1, 6.17%, 0, 0, 2, 17.82
1700953500, 0, 0, 291, 291, 1, 6.17%, 0, 0, 2, 19.68
1700953510, 0, 0, 292, 292, 1, 6.17%, 0, 0, 2, 19.85
1700953515, 0, 0, 293, 293, 1, 6.17%, 0, 0, 2, 18.94
1700953521, 0, 0, 296, 296, 1, 6.18%, 0, 0, 2, 18.35
1700953526, 0, 0, 297, 297, 1, 6.20%, 0, 0, 2, 17.82
1700953531, 0, 0, 298, 298, 1, 6.20%, 0, 0, 2, 13.70
1700953541, 0, 0, 299, 299, 1, 6.20%, 0, 0, 2, 19.04
1700953551, 0, 0, 300, 300, 1, 6.20%, 0, 0, 2, 19.94
1700953561, 0, 4, 301, 300, 111, 6.20%, 0, 0, 2, 33.76
1700953709, 0, 4, 302, 301, 111, 6.21%, 0, 0, 3, 29.57
1700953715, 0, 4, 303, 302, 111, 6.21%, 0, 0, 3, 18.64
1700953725, 0, 4, 304, 303, 111, 6.22%, 0, 0, 3, 15.29
1700953730, 0, 4, 306, 305, 111, 6.22%, 0, 0, 3, 16.05
1700953735, 0, 4, 308, 307, 111, 6.23%, 0, 0, 3, 14.59
1700953740, 0, 4, 309, 308, 111, 6.23%, 0, 0, 3, 13.63
1700953745, 0, 4, 310, 309, 111, 6.23%, 0, 0, 3, 14.34
1700953750, 0, 4, 311, 310, 111, 6.23%, 0, 0, 3, 15.93
1700953755, 0, 4, 312, 311, 111, 6.23%, 0, 0, 3, 14.60
1700953771, 0, 4, 313, 312, 111, 6.23%, 0, 0, 3, 13.77
1700953781, 0, 4, 314, 313, 111, 6.23%, 0, 0, 3, 15.89
1700953802, 0, 4, 316, 315, 111, 6.23%, 0, 0, 3, 14.72
1700953812, 0, 4, 317, 316, 111, 6.23%, 0, 0, 3, 15.97
1700953817, 0, 4, 318, 317, 111, 6.23%, 0, 0, 3, 14.40
1700953828, 0, 4, 319, 318, 111, 6.23%, 0, 0, 3, 14.79
1700953838, 0, 4, 320, 319, 111, 6.23%, 0, 0, 3, 14.91
1700953843, 0, 4, 321, 320, 111, 6.23%, 0, 0, 3, 14.61
1700953874, 0, 4, 322, 321, 111, 6.24%, 0, 0, 3, 13.58
1700953879, 0, 4, 323, 322, 111, 6.24%, 0, 0, 3, 14.28
1700953905, 0, 4, 324, 323, 111, 6.24%, 0, 0, 3, 16.53
1700953925, 0, 4, 325, 324, 111, 6.24%, 0, 0, 3, 15.01
1700953935, 0, 4, 326, 325, 111, 6.24%, 0, 0, 3, 14.47
1700953945, 0, 4, 327, 326, 111, 6.24%, 0, 0, 3, 11.87
1700953950, 0, 4, 328, 327, 111, 6.24%, 0, 0, 3, 14.64
1700953961, 0, 4, 330, 329, 111, 6.24%, 0, 0, 3, 14.74
1700953971, 0, 4, 333, 332, 111, 6.25%, 0, 0, 3, 15.22
1700953986, 0, 4, 334, 333, 111, 6.25%, 0, 0, 3, 12.63
1700953992, 0, 4, 335, 334, 111, 6.25%, 0, 0, 3, 14.69
1700953997, 0, 4, 337, 336, 111, 6.26%, 0, 0, 3, 15.05
1700954002, 0, 4, 339, 338, 111, 6.26%, 0, 0, 3, 16.21
1700954007, 0, 4, 340, 339, 111, 6.26%, 0, 0, 3, 15.25
1700954023, 0, 4, 341, 340, 111, 6.26%, 0, 0, 3, 15.05
1700954053, 0, 4, 342, 341, 111, 6.26%, 0, 0, 3, 17.90
1700954074, 0, 4, 344, 343, 111, 6.28%, 0, 0, 3, 17.44
1700954089, 0, 4, 345, 344, 111, 6.28%, 0, 0, 3, 17.12
1700954120, 0, 4, 346, 345, 111, 6.28%, 0, 0, 3, 13.85
1700954125, 0, 4, 347, 346, 111, 6.28%, 0, 0, 3, 14.95
1700954135, 0, 4, 348, 347, 111, 6.28%, 0, 0, 3, 17.68
1700954151, 0, 4, 349, 348, 111, 6.29%, 0, 0, 3, 16.93
1700954166, 0, 8, 349, 347, 116, 6.29%, 0, 0, 3, 17.45
1700954176, 0, 8, 350, 348, 116, 6.29%, 0, 0, 3, 23.45
1700954324, 0, 8, 351, 349, 116, 6.29%, 0, 0, 3, 21.47
1700954329, 0, 8, 352, 350, 116, 6.29%, 0, 0, 3, 17.64
1700954339, 0, 8, 353, 351, 116, 6.29%, 0, 0, 3, 15.50
1700954365, 0, 8, 354, 352, 116, 6.29%, 0, 0, 3, 15.59
1700954370, 0, 8, 355, 353, 116, 6.29%, 0, 0, 3, 14.62
1700954416, 0, 8, 357, 355, 116, 6.34%, 0, 0, 3, 15.16
1700954436, 0, 8, 358, 356, 116, 6.34%, 0, 0, 3, 15.18
1700954451, 0, 8, 359, 357, 116, 6.34%, 0, 0, 3, 15.63
1700954467, 0, 8, 360, 358, 116, 6.34%, 0, 0, 3, 14.31
1700954523, 0, 8, 361, 359, 116, 6.34%, 0, 0, 3, 16.01
1700954533, 0, 8, 362, 360, 116, 6.34%, 0, 0, 3, 16.27
1700954543, 0, 8, 364, 362, 116, 6.34%, 0, 0, 3, 14.80
1700954564, 0, 8, 365, 363, 116, 6.34%, 0, 0, 3, 16.30
1700954574, 0, 8, 366, 364, 116, 6.34%, 0, 0, 3, 15.82
1700954584, 0, 8, 367, 365, 116, 6.34%, 0, 0, 3, 14.10
1700954589, 0, 8, 368, 366, 116, 6.34%, 0, 0, 3, 14.63
1700954605, 0, 8, 369, 367, 116, 6.34%, 0, 0, 3, 15.92
1700954625, 0, 8, 370, 368, 116, 6.34%, 0, 0, 3, 13.30
1700954630, 0, 8, 371, 369, 116, 6.34%, 0, 0, 3, 14.74
1700954656, 0, 12, 371, 368, 116, 6.34%, 0, 0, 3, 17.33
1700954824, 0, 12, 372, 369, 116, 6.34%, 0, 0, 3, 18.38
1700954844, 0, 12, 373, 370, 116, 6.34%, 0, 0, 3, 16.02
1700954850, 0, 12, 374, 371, 116, 6.34%, 0, 0, 3, 16.43
1700954860, 0, 12, 375, 372, 116, 6.34%, 0, 0, 3, 14.11
1700954891, 0, 12, 376, 373, 116, 6.34%, 0, 0, 3, 14.87
1700954916, 0, 12, 377, 374, 116, 6.35%, 0, 0, 3, 14.83
1700954921, 0, 12, 378, 375, 116, 6.39%, 0, 0, 3, 16.77
1700954952, 0, 12, 379, 376, 116, 6.39%, 0, 0, 3, 15.09
1700954972, 0, 12, 380, 377, 116, 6.41%, 0, 0, 3, 14.79
1700954977, 0, 12, 381, 378, 116, 6.41%, 0, 0, 3, 14.82
1700954998, 0, 12, 382, 379, 116, 6.41%, 0, 0, 3, 16.73
1700955003, 0, 12, 383, 380, 116, 6.41%, 0, 0, 3, 17.10
1700955018, 0, 12, 384, 381, 116, 6.63%, 0, 0, 3, 16.67
1700955029, 0, 12, 385, 382, 116, 6.63%, 0, 0, 3, 16.91
1700955034, 0, 12, 387, 384, 116, 6.64%, 0, 0, 3, 16.02
1700955049, 0, 12, 389, 386, 116, 6.65%, 0, 0, 3, 16.55
1700955065, 0, 12, 390, 387, 116, 6.66%, 0, 0, 3, 16.40
1700955075, 0, 12, 391, 388, 116, 6.66%, 0, 0, 3, 15.97
1700955141, 0, 16, 391, 387, 120, 6.66%, 0, 0, 3, 20.77
1700955223, 0, 16, 392, 388, 120, 6.66%, 0, 0, 3, 37.95
1700955238, 0, 16, 393, 389, 120, 6.66%, 0, 0, 3, 36.06
1700955244, 0, 16, 394, 390, 120, 6.66%, 0, 0, 3, 30.27
1700955529, 0, 16, 395, 391, 120, 6.66%, 0, 0, 3, 35.63
1700955621, 0, 22, 395, 390, 120, 6.66%, 0, 0, 3, 18.46
1700957002, 0, 22, 396, 391, 120, 6.67%, 0, 0, 3, 14.10
1700957043, 0, 22, 397, 392, 120, 6.67%, 0, 0, 3, 11.26
1700957054, 0, 22, 398, 393, 120, 6.67%, 0, 0, 3, 11.03
1700957059, 0, 22, 399, 394, 120, 6.67%, 0, 0, 3, 13.82
1700957069, 0, 22, 400, 395, 120, 6.67%, 0, 0, 3, 14.84
1700957079, 0, 22, 401, 396, 120, 6.67%, 0, 0, 3, 14.16
1700957084, 0, 22, 402, 397, 120, 6.68%, 0, 0, 3, 13.98
1700957110, 0, 22, 403, 398, 120, 6.68%, 0, 0, 3, 15.24
1700957120, 0, 22, 404, 399, 120, 6.68%, 0, 0, 3, 15.19
1700957125, 0, 22, 405, 400, 120, 6.68%, 0, 0, 3, 13.62
1700957131, 0, 22, 408, 403, 120, 6.68%, 0, 0, 3, 13.53
1700957161, 0, 22, 409, 404, 120, 6.68%, 0, 0, 3, 13.46
1700957172, 0, 22, 410, 405, 120, 6.68%, 0, 0, 3, 13.34
1700957182, 0, 22, 411, 406, 120, 6.68%, 0, 0, 3, 14.93
1700957192, 0, 22, 412, 407, 120, 6.68%, 0, 0, 3, 14.52
1700957223, 0, 22, 413, 408, 120, 6.69%, 0, 0, 3, 14.44
1700957228, 0, 22, 414, 409, 120, 6.69%, 0, 0, 3, 13.79
1700957253, 0, 22, 415, 410, 120, 6.69%, 0, 0, 3, 13.10
1700957356, 0, 22, 416, 411, 120, 6.69%, 0, 0, 3, 16.50
1700957361, 0, 22, 417, 412, 120, 6.72%, 0, 0, 3, 16.62
1700957371, 0, 24, 417, 411, 124, 6.72%, 0, 0, 3, 19.53
1700957376, 0, 24, 418, 412, 124, 6.74%, 0, 0, 3, 32.72
1700957381, 0, 24, 420, 414, 124, 6.74%, 0, 0, 3, 34.66
1700957509, 0, 24, 423, 417, 124, 6.75%, 0, 0, 3, 39.78
1700958093, 0, 24, 424, 418, 124, 6.75%, 0, 0, 3, 23.92
1700958099, 0, 24, 425, 419, 124, 6.77%, 0, 0, 3, 20.74
1700958134, 0, 24, 426, 420, 124, 6.77%, 0, 0, 3, 18.17
1700958139, 0, 24, 427, 421, 124, 6.78%, 0, 0, 3, 18.26
1700958145, 0, 24, 428, 422, 124, 6.78%, 0, 0, 3, 19.20
1700958165, 0, 24, 429, 423, 124, 6.78%, 0, 0, 3, 19.07
1700958175, 0, 24, 430, 424, 124, 6.78%, 0, 0, 3, 19.84
1700958211, 0, 24, 431, 425, 124, 6.78%, 0, 0, 3, 19.12
1700958221, 0, 24, 433, 427, 124, 6.78%, 0, 0, 3, 17.63
1700958257, 0, 24, 434, 428, 124, 6.78%, 0, 0, 3, 21.69
1700958263, 0, 24, 435, 429, 124, 6.78%, 0, 0, 3, 21.88
1700958268, 0, 24, 436, 430, 124, 6.78%, 0, 0, 3, 20.88
1700958278, 0, 24, 437, 431, 124, 6.78%, 0, 0, 3, 19.66
1700958283, 0, 24, 438, 432, 124, 6.78%, 0, 0, 3, 18.75
1700958324, 0, 24, 439, 433, 124, 6.78%, 0, 0, 3, 21.46
1700958329, 0, 24, 440, 434, 124, 6.78%, 0, 0, 3, 23.66
1700958334, 0, 27, 440, 433, 130, 6.78%, 0, 0, 3, 23.84
1700958416, 0, 27, 441, 434, 130, 6.78%, 0, 0, 3, 36.27
1700958462, 0, 27, 442, 435, 130, 6.78%, 0, 0, 3, 33.13
1700958887, 0, 27, 443, 436, 130, 6.78%, 0, 0, 3, 32.88
1700959092, 0, 27, 444, 437, 130, 6.79%, 0, 0, 3, 22.40
1700959103, 0, 27, 445, 438, 130, 6.79%, 0, 0, 3, 23.34
1700959123, 0, 27, 446, 439, 130, 6.79%, 0, 0, 3, 21.14
1700959160, 0, 27, 447, 440, 130, 6.81%, 0, 0, 3, 16.68
1700959165, 0, 27, 448, 441, 130, 6.81%, 0, 0, 3, 18.56
1700959201, 0, 27, 449, 442, 130, 6.81%, 0, 0, 3, 20.91
1700959211, 0, 27, 450, 443, 130, 6.81%, 0, 0, 3, 22.43
1700959247, 0, 27, 452, 445, 130, 6.81%, 0, 0, 3, 22.82
1700959277, 0, 27, 453, 446, 130, 6.81%, 0, 0, 3, 20.73
1700959282, 0, 27, 454, 447, 130, 6.83%, 0, 0, 3, 21.95
1700959287, 0, 27, 456, 449, 130, 6.83%, 0, 0, 3, 20.81
1700959308, 0, 28, 456, 448, 131, 6.83%, 0, 0, 3, 24.48
1700959339, 0, 28, 457, 449, 131, 6.89%, 0, 0, 3, 35.94
1700959431, 0, 28, 459, 451, 131, 6.89%, 0, 0, 3, 38.22
1700960025, 0, 28, 460, 452, 131, 6.89%, 0, 0, 3, 22.73
1700960041, 0, 28, 461, 453, 131, 6.89%, 0, 0, 3, 21.67
1700960051, 0, 28, 462, 454, 131, 6.89%, 0, 0, 3, 19.11
1700960087, 0, 28, 463, 455, 131, 6.89%, 0, 0, 3, 20.47
1700960097, 0, 28, 464, 456, 131, 6.89%, 0, 0, 3, 21.90
1700960107, 0, 28, 465, 457, 131, 6.89%, 0, 0, 3, 20.41
1700960113, 0, 28, 466, 458, 131, 6.89%, 0, 0, 3, 19.77
1700960123, 0, 28, 468, 460, 131, 6.92%, 0, 0, 3, 21.08
1700960128, 0, 28, 470, 462, 131, 6.92%, 0, 0, 3, 21.49
1700960133, 0, 28, 471, 463, 131, 6.92%, 0, 0, 3, 21.29
1700960179, 0, 28, 472, 464, 131, 6.92%, 0, 0, 3, 21.28
1700960190, 0, 28, 473, 465, 131, 6.92%, 0, 0, 3, 19.44
1700960205, 0, 28, 475, 467, 131, 6.93%, 0, 0, 3, 18.52
1700960246, 0, 28, 476, 468, 131, 6.93%, 0, 0, 3, 21.02
1700960256, 0, 37, 476, 467, 133, 6.93%, 0, 0, 3, 23.37
1700960394, 0, 37, 477, 468, 133, 6.94%, 0, 0, 3, 34.75
1700960409, 0, 37, 479, 470, 133, 6.95%, 0, 0, 3, 34.33
1700960583, 0, 37, 481, 472, 133, 6.95%, 0, 0, 3, 31.43
1700960977, 0, 37, 482, 473, 133, 6.95%, 0, 0, 3, 21.70
1700961002, 0, 40, 482, 472, 136, 6.95%, 0, 0, 3, 18.12
1700961223, 0, 40, 483, 473, 136, 6.95%, 0, 0, 3, 17.13
1700962448, 0, 45, 483, 472, 136, 6.95%, 0, 0, 3, 22.88
1700962479, 0, 45, 484, 473, 136, 6.97%, 0, 0, 3, 35.54
1700962505, 0, 45, 485, 474, 136, 6.99%, 0, 0, 3, 31.84
1700962597, 0, 45, 486, 475, 136, 6.99%, 0, 0, 3, 32.43
1700963165, 0, 46, 486, 474, 138, 6.99%, 0, 0, 3, 18.09
1700963329, 0, 46, 487, 475, 138, 6.99%, 0, 0, 3, 31.12
1700963897, 0, 63, 487, 474, 137, 6.99%, 0, 0, 3, 28.62
1700963902, 0, 63, 488, 475, 137, 7.01%, 0, 0, 3, 35.87
1700964030, 0, 63, 490, 477, 137, 7.04%, 0, 0, 3, 35.96
1700964035, 0, 63, 491, 478, 137, 7.04%, 0, 0, 3, 40.15
1700964587, 0, 65, 492, 478, 140, 7.04%, 0, 0, 3, 24.88
1700964613, 0, 65, 493, 479, 140, 7.04%, 0, 0, 3, 27.47
1700964664, 0, 65, 494, 480, 140, 7.05%, 0, 0, 3, 20.96
1700964823, 0, 65, 495, 481, 140, 7.05%, 0, 0, 3, 27.35
1700965171, 0, 76, 495, 480, 142, 7.05%, 0, 0, 3, 20.90
1700965181, 0, 76, 496, 481, 142, 7.05%, 0, 0, 3, 21.73
1700965212, 0, 76, 498, 483, 142, 7.05%, 0, 0, 3, 23.98
1700965303, 0, 76, 499, 484, 142, 7.05%, 0, 0, 3, 29.49
1700965349, 0, 76, 500, 485, 142, 7.05%, 0, 0, 3, 25.61
1700966243, 0, 76, 501, 486, 142, 7.05%, 0, 0, 3, 19.06
1700966258, 0, 76, 502, 487, 142, 7.05%, 0, 0, 3, 19.25
1700966263, 0, 76, 503, 488, 142, 7.05%, 0, 0, 3, 17.62
1700966274, 0, 76, 505, 490, 142, 7.06%, 0, 0, 3, 18.09
1700966309, 0, 76, 506, 491, 142, 7.06%, 0, 0, 3, 18.09
1700966340, 0, 76, 507, 492, 142, 7.06%, 0, 0, 3, 16.24
1700966381, 0, 76, 508, 493, 142, 7.06%, 0, 0, 3, 20.12
1700966391, 0, 76, 510, 495, 142, 7.06%, 0, 0, 3, 19.38
1700966483, 0, 76, 511, 496, 142, 7.06%, 0, 0, 3, 19.96
1700966519, 0, 76, 513, 498, 142, 7.08%, 0, 0, 3, 20.91
1700966576, 0, 76, 514, 499, 142, 7.08%, 0, 0, 3, 19.33
1700966601, 0, 80, 515, 499, 149, 7.08%, 0, 0, 3, 18.28
1700966606, 0, 80, 516, 500, 149, 7.10%, 0, 0, 3, 19.10
1700968013, 0, 81, 516, 499, 149, 7.10%, 0, 0, 3, 14.62
1700969200, 0, 81, 518, 501, 149, 7.11%, 0, 0, 3, 15.42
1700969394, 0, 101, 518, 500, 150, 7.11%, 0, 0, 3, 18.19
1700969532, 0, 121, 518, 499, 149, 7.11%, 0, 0, 3, 13.99
1700970526, 0, 122, 518, 498, 148, 7.11%, 0, 0, 3, 14.38
1700970813, 0, 122, 519, 499, 148, 7.11%, 0, 0, 3, 15.38
1700971453, 0, 137, 519, 498, 147, 7.11%, 0, 0, 3, 13.92
1700971494, 0, 137, 520, 499, 147, 7.11%, 0, 0, 3, 10.51
1700971565, 0, 137, 521, 500, 147, 7.12%, 0, 0, 3, 14.10
1700971713, 0, 137, 522, 501, 147, 7.12%, 0, 0, 3, 15.15
1700971744, 0, 141, 522, 500, 148, 7.12%, 0, 0, 3, 13.62
1700971749, 0, 141, 523, 501, 148, 7.14%, 0, 0, 3, 13.30
1700971759, 0, 141, 524, 502, 148, 7.14%, 0, 0, 3, 12.16
1700971815, 0, 141, 526, 504, 148, 7.14%, 0, 0, 3, 12.67
1700971846, 0, 141, 527, 505, 148, 7.14%, 0, 0, 3, 11.16
1700971908, 0, 141, 528, 506, 148, 7.14%, 0, 0, 3, 11.81
1700971913, 0, 141, 529, 507, 148, 7.14%, 0, 0, 3, 12.08
1700971918, 0, 141, 530, 508, 148, 7.14%, 0, 0, 3, 12.03
1700971934, 0, 141, 531, 509, 148, 7.14%, 0, 0, 3, 12.33
1700971975, 0, 141, 532, 510, 148, 7.14%, 0, 0, 3, 12.41
1700972021, 0, 141, 533, 511, 148, 7.14%, 0, 0, 3, 12.09
1700972042, 0, 141, 534, 512, 148, 7.15%, 0, 0, 3, 12.90
1700972103, 0, 141, 535, 513, 148, 7.15%, 0, 0, 3, 12.04
1700972340, 0, 141, 536, 514, 148, 7.15%, 0, 0, 3, 10.98
1700972355, 0, 141, 537, 515, 148, 7.15%, 0, 0, 3, 11.42
1700972360, 0, 144, 537, 514, 148, 7.15%, 0, 0, 3, 10.23
1700972483, 0, 162, 537, 513, 148, 7.15%, 0, 0, 3, 13.04
1700972892, 0, 162, 538, 514, 148, 7.15%, 0, 0, 3, 12.44
1700974161, 0, 162, 539, 515, 148, 7.15%, 0, 0, 3, 15.03
1700974166, 0, 162, 540, 516, 148, 7.15%, 0, 0, 3, 15.35
1700974187, 0, 162, 542, 518, 148, 7.15%, 0, 0, 3, 14.74
1700974207, 0, 162, 543, 519, 148, 7.15%, 0, 0, 3, 12.55
1700974295, 0, 162, 544, 520, 148, 7.15%, 0, 0, 3, 13.75
1700974325, 0, 162, 545, 521, 148, 7.15%, 0, 0, 3, 14.84
1700974402, 0, 162, 546, 522, 148, 7.15%, 0, 0, 3, 14.31
1700974459, 0, 162, 547, 523, 148, 7.15%, 0, 0, 3, 14.28
1700974627, 0, 175, 547, 522, 150, 7.15%, 0, 0, 3, 11.34
1700975282, 0, 177, 547, 521, 149, 7.15%, 0, 0, 3, 13.08
1700976864, 0, 181, 547, 520, 148, 7.15%, 0, 0, 3, 12.90
1700977121, 0, 183, 547, 519, 147, 7.15%, 0, 0, 3, 14.73
1700977126, 0, 183, 548, 520, 147, 7.17%, 0, 0, 3, 16.35
1700977146, 0, 183, 549, 521, 147, 7.17%, 0, 0, 3, 17.14
1700977192, 0, 183, 550, 522, 147, 7.18%, 0, 0, 3, 17.08
1700977238, 0, 183, 551, 523, 147, 7.18%, 0, 0, 3, 16.47
1700977423, 0, 183, 552, 524, 147, 7.18%, 0, 0, 3, 16.93
1700978201, 0, 184, 552, 523, 148, 7.18%, 0, 0, 3, 14.49
1700978498, 0, 189, 552, 522, 147, 7.18%, 0, 0, 3, 17.28
1700978509, 0, 189, 553, 523, 147, 7.18%, 0, 0, 3, 23.77
1700978560, 0, 189, 554, 524, 147, 7.18%, 0, 0, 3, 21.10
1700978851, 0, 189, 555, 525, 147, 7.18%, 0, 0, 3, 17.18
1700978881, 0, 194, 555, 524, 147, 7.18%, 0, 0, 3, 13.05
1700978938, 0, 194, 556, 525, 147, 7.18%, 0, 0, 3, 12.61
1700979188, 0, 196, 556, 524, 147, 7.18%, 0, 0, 3, 14.82
1700980616, 0, 196, 557, 525, 147, 7.18%, 0, 0, 3, 13.84
1700980642, 0, 200, 557, 524, 146, 7.18%, 0, 0, 3, 20.11
1700980851, 0, 201, 557, 523, 145, 7.18%, 0, 0, 3, 22.51
1700981393, 0, 205, 557, 522, 144, 7.18%, 0, 0, 3, 16.54
1700981414, 0, 205, 558, 523, 144, 7.18%, 0, 0, 3, 12.31
1700981577, 0, 206, 558, 522, 145, 7.18%, 0, 0, 3, 11.08
1700981592, 0, 207, 558, 521, 144, 7.18%, 0, 0, 3, 12.09
1700982185, 0, 209, 558, 520, 143, 7.18%, 0, 0, 3, 12.20
1700982191, 0, 209, 559, 521, 143, 7.18%, 0, 0, 3, 12.16
1700982487, 0, 213, 559, 520, 142, 7.18%, 0, 0, 3, 14.28
1700983516, 0, 213, 560, 521, 142, 7.18%, 0, 0, 3, 12.28
1700983931, 0, 213, 561, 522, 142, 7.18%, 0, 0, 3, 13.19
1700983951, 0, 215, 561, 521, 142, 7.18%, 0, 0, 3, 11.92
1700984003, 0, 218, 561, 520, 141, 7.18%, 0, 0, 3, 13.50
1700984023, 0, 229, 561, 519, 140, 7.18%, 0, 0, 3, 10.15
1700984908, 0, 231, 561, 518, 139, 7.18%, 0, 0, 3, 14.82
1700984990, 0, 231, 563, 520, 139, 7.18%, 0, 0, 3, 37.66
1700985164, 0, 231, 564, 521, 139, 7.18%, 0, 0, 3, 15.37
1700985189, 0, 234, 564, 520, 139, 7.18%, 0, 0, 3, 12.69
1700985219, 0, 235, 564, 519, 138, 7.18%, 0, 0, 3, 11.86
1700985715, 0, 239, 564, 518, 137, 7.18%, 0, 0, 3, 15.10
1700985833, 0, 239, 565, 519, 137, 7.18%, 0, 0, 3, 12.70
1700986539, 0, 241, 565, 518, 137, 7.18%, 0, 0, 3, 14.02
1700987292, 0, 244, 565, 517, 136, 7.18%, 0, 0, 3, 13.66
1700987343, 0, 248, 565, 516, 135, 7.18%, 0, 0, 3, 21.13
1700987924, 0, 249, 565, 515, 134, 7.18%, 0, 0, 3, 15.00
1700988138, 0, 249, 566, 516, 134, 7.18%, 0, 0, 3, 18.68
1700988547, 0, 260, 566, 515, 133, 7.18%, 0, 0, 3, 14.59
1700988695, 0, 260, 567, 516, 133, 7.18%, 0, 0, 3, 12.32
1700989109, 0, 260, 568, 517, 133, 7.18%, 0, 0, 3, 13.99
1700989442, 0, 262, 568, 516, 133, 7.18%, 0, 0, 3, 12.26
1700989463, 0, 267, 568, 515, 132, 7.18%, 0, 0, 3, 12.38
1700989483, 0, 276, 568, 514, 131, 7.18%, 0, 0, 3, 13.46
1700989545, 0, 278, 568, 513, 130, 7.18%, 0, 0, 3, 12.66
1700990544, 0, 282, 568, 512, 129, 7.18%, 0, 0, 3, 16.24
1700990667, 0, 282, 570, 514, 129, 7.19%, 0, 0, 3, 15.22
1700992887, 0, 286, 570, 513, 129, 7.19%, 0, 0, 3, 13.63
1700993016, 0, 293, 570, 512, 128, 7.19%, 0, 0, 3, 13.19
1700993041, 0, 293, 571, 513, 128, 7.24%, 0, 0, 3, 16.68
1700993375, 0, 293, 572, 514, 128, 7.24%, 0, 0, 3, 16.35
1700993385, 0, 293, 573, 515, 128, 7.33%, 0, 0, 3, 17.58
1700994664, 0, 295, 573, 514, 130, 7.33%, 0, 0, 3, 13.89
1700994669, 0, 295, 574, 515, 130, 7.40%, 0, 0, 3, 14.03
1700994674, 0, 295, 575, 516, 130, 7.40%, 0, 0, 3, 14.84
1700994736, 0, 295, 577, 518, 130, 7.43%, 0, 0, 3, 14.39
1700994802, 0, 295, 578, 519, 130, 7.44%, 0, 0, 3, 14.47
1700994889, 0, 295, 579, 520, 130, 7.46%, 0, 0, 3, 14.19
1700994904, 0, 295, 580, 521, 130, 7.47%, 0, 0, 3, 15.47
1700995676, 0, 295, 581, 522, 130, 7.47%, 0, 0, 3, 11.31
1700996188, 0, 299, 581, 521, 136, 7.47%, 0, 0, 3, 12.72
1700996481, 0, 299, 582, 522, 136, 7.47%, 0, 0, 3, 14.03
1700997381, 0, 299, 583, 523, 136, 7.54%, 0, 0, 3, 14.63
1700997657, 0, 302, 583, 522, 136, 7.54%, 0, 0, 3, 12.85
1700997826, 0, 303, 583, 521, 135, 7.54%, 0, 0, 3, 12.62
1700997847, 0, 304, 583, 520, 134, 7.54%, 0, 0, 3, 11.61
1700998703, 0, 305, 583, 519, 133, 7.54%, 0, 0, 3, 12.60
1700998842, 0, 305, 584, 520, 133, 7.54%, 0, 0, 4, 12.22
1700998867, 0, 306, 584, 519, 133, 7.54%, 0, 0, 4, 12.43
1700999134, 0, 307, 584, 518, 132, 7.54%, 0, 0, 4, 11.25
1700999175, 0, 311, 584, 517, 131, 7.54%, 0, 0, 4, 12.34
1700999180, 0, 311, 585, 518, 131, 7.54%, 0, 0, 4, 12.97
1700999185, 0, 311, 586, 519, 131, 7.55%, 0, 0, 4, 12.76
1700999246, 0, 313, 586, 518, 131, 7.55%, 0, 0, 4, 14.10
1700999569, 0, 313, 587, 519, 131, 7.55%, 0, 0, 4, 18.02
1700999625, 0, 321, 587, 518, 131, 7.55%, 0, 0, 4, 13.41
1700999650, 0, 321, 588, 519, 131, 7.56%, 0, 0, 4, 12.91
1700999660, 0, 321, 589, 520, 131, 7.56%, 0, 0, 4, 12.63
1700999676, 0, 321, 590, 521, 131, 7.56%, 0, 0, 4, 12.39
1700999691, 0, 321, 591, 522, 131, 7.56%, 0, 0, 4, 12.98
1700999732, 0, 321, 592, 523, 131, 7.56%, 0, 0, 4, 13.87
1700999743, 0, 321, 593, 524, 131, 7.56%, 0, 0, 4, 12.84
1700999768, 0, 321, 594, 525, 131, 7.57%, 0, 0, 4, 12.53
1700999902, 0, 321, 595, 526, 131, 7.57%, 0, 0, 4, 13.89
1700999907, 0, 321, 596, 527, 131, 7.57%, 0, 0, 4, 15.15
1700999917, 0, 321, 597, 528, 131, 7.57%, 0, 0, 4, 14.05
1700999938, 0, 321, 598, 529, 131, 7.60%, 0, 0, 4, 14.86
1701000009, 0, 321, 599, 530, 131, 7.60%, 0, 0, 4, 12.65
1701000019, 0, 321, 600, 531, 131, 7.60%, 0, 0, 4, 13.98
1701000024, 0, 323, 601, 531, 129, 7.60%, 0, 0, 4, 16.14
1701000034, 0, 323, 602, 532, 129, 7.60%, 0, 0, 4, 18.21
1701000320, 0, 323, 603, 533, 129, 7.60%, 0, 0, 4, 14.24
1701000336, 0, 323, 604, 534, 129, 7.60%, 0, 0, 4, 13.37
1701000372, 0, 325, 604, 533, 129, 7.60%, 0, 0, 4, 12.69
1701000377, 0, 325, 605, 534, 129, 7.64%, 0, 0, 4, 13.83
1701000402, 0, 325, 606, 535, 129, 7.64%, 0, 0, 4, 13.67
1701000427, 0, 328, 606, 534, 129, 7.64%, 0, 0, 4, 11.22
1701000453, 0, 328, 607, 535, 129, 7.64%, 0, 0, 4, 12.54
1701000489, 0, 335, 607, 534, 129, 7.64%, 0, 0, 4, 15.43
1701000545, 0, 336, 607, 533, 128, 7.64%, 0, 0, 4, 13.22
1701000678, 0, 336, 608, 534, 128, 7.64%, 0, 0, 4, 13.75
1701000755, 0, 339, 608, 533, 128, 7.64%, 0, 0, 4, 16.06
1701001405, 0, 343, 608, 532, 127, 7.64%, 0, 0, 4, 13.07
1701001466, 0, 346, 608, 531, 126, 7.64%, 0, 0, 4, 13.88
1701001701, 0, 346, 609, 532, 126, 7.64%, 0, 0, 4, 13.61
1701002740, 0, 347, 609, 531, 125, 7.64%, 0, 0, 4, 13.46
1701002746, 0, 347, 610, 532, 125, 7.64%, 0, 0, 4, 15.11
1701002823, 0, 347, 611, 533, 125, 7.64%, 0, 0, 4, 16.39
1701002828, 0, 347, 612, 534, 125, 7.64%, 0, 0, 4, 16.99
1701003314, 0, 347, 613, 535, 125, 7.64%, 0, 0, 4, 13.44
1701003354, 0, 348, 613, 534, 125, 7.64%, 0, 0, 4, 14.29
1701003416, 0, 348, 614, 535, 125, 7.68%, 0, 0, 4, 15.11
1701004691, 0, 348, 615, 536, 125, 7.68%, 0, 0, 4, 14.96
1701004706, 0, 349, 615, 535, 125, 7.68%, 0, 0, 4, 15.96
1701004891, 0, 350, 615, 534, 124, 7.68%, 0, 0, 4, 11.54
1701004988, 0, 352, 615, 533, 123, 7.68%, 0, 0, 4, 14.46
1701005044, 0, 353, 615, 532, 122, 7.68%, 0, 0, 4, 14.46
1701005100, 0, 353, 616, 533, 122, 7.68%, 0, 0, 4, 14.01
1701005121, 0, 356, 616, 532, 121, 7.68%, 0, 0, 4, 13.44
1701005249, 0, 356, 617, 533, 121, 7.71%, 0, 0, 4, 15.09
1701005326, 0, 360, 617, 532, 121, 7.71%, 0, 0, 4, 11.50
1701005571, 0, 364, 617, 531, 120, 7.71%, 0, 0, 4, 17.06
1701006118, 0, 364, 618, 532, 120, 7.71%, 0, 0, 4, 13.44
1701006133, 0, 368, 618, 531, 119, 7.71%, 0, 0, 4, 17.49
1701006174, 0, 376, 618, 530, 118, 7.71%, 0, 0, 4, 12.34
1701007028, 0, 377, 618, 529, 117, 7.71%, 0, 0, 4, 16.34
1701007033, 0, 377, 620, 531, 117, 7.71%, 0, 0, 4, 19.29
1701007049, 0, 377, 621, 532, 117, 7.72%, 0, 0, 4, 20.64
1701007375, 0, 377, 622, 533, 117, 7.74%, 0, 0, 4, 20.45
1701007416, 0, 378, 622, 532, 120, 7.74%, 0, 0, 4, 17.18
1701007446, 0, 378, 623, 533, 120, 7.74%, 0, 0, 4, 17.29
1701007922, 0, 378, 624, 534, 120, 7.74%, 0, 0, 4, 17.90
1701007958, 0, 378, 625, 535, 120, 7.75%, 0, 0, 4, 17.57
1701008086, 0, 379, 625, 534, 121, 7.75%, 0, 0, 4, 16.72
1701008091, 0, 379, 626, 535, 121, 7.77%, 0, 0, 4, 20.64
1701008239, 0, 385, 626, 534, 121, 7.77%, 0, 0, 4, 14.73
1701008286, 0, 385, 627, 535, 121, 7.77%, 0, 0, 4, 19.70
1701008404, 0, 389, 627, 534, 120, 7.77%, 0, 0, 4, 14.81
1701009068, 0, 390, 627, 533, 119, 7.77%, 0, 0, 4, 13.58
1701009176, 0, 391, 627, 532, 118, 7.77%, 0, 0, 4, 25.97
1701009181, 0, 391, 629, 534, 118, 7.77%, 0, 0, 4, 37.10
1701009186, 0, 391, 630, 535, 118, 7.77%, 0, 0, 4, 42.99
1701009283, 0, 391, 631, 536, 118, 7.77%, 0, 0, 4, 41.21
1701009543, 0, 391, 632, 537, 118, 7.77%, 0, 0, 4, 31.05
1701009635, 0, 394, 633, 537, 118, 7.77%, 0, 0, 4, 26.01
1701010250, 0, 396, 633, 536, 118, 7.77%, 0, 0, 4, 23.89
1701010352, 0, 396, 634, 537, 118, 7.77%, 0, 0, 4, 32.13
1701010896, 0, 401, 634, 536, 118, 7.77%, 0, 0, 4, 19.54
1701011910, 0, 401, 635, 537, 118, 7.78%, 0, 0, 4, 19.57
1701011930, 0, 413, 635, 536, 118, 7.78%, 0, 0, 4, 22.31
1701011935, 0, 413, 636, 537, 118, 7.78%, 0, 0, 4, 27.25
1701011956, 0, 413, 637, 538, 118, 7.78%, 0, 0, 4, 28.54
1701011977, 0, 413, 638, 539, 118, 7.78%, 0, 0, 4, 28.47
1701012018, 0, 413, 639, 540, 118, 7.78%, 0, 0, 4, 28.44
1701012448, 0, 413, 640, 541, 118, 7.78%, 0, 0, 4, 31.93
1701012514, 0, 413, 641, 542, 118, 7.78%, 0, 0, 4, 28.54
1701012566, 0, 413, 642, 543, 118, 7.78%, 0, 0, 4, 21.22
1701012586, 0, 415, 642, 542, 118, 7.78%, 0, 0, 4, 16.09
1701014489, 0, 415, 643, 543, 118, 7.78%, 0, 0, 4, 17.13
1701014494, 0, 415, 644, 544, 118, 7.78%, 0, 0, 4, 17.41
1701014500, 0, 415, 645, 545, 118, 7.78%, 0, 0, 4, 16.74
1701014556, 0, 415, 646, 546, 118, 7.78%, 0, 0, 4, 17.05
1701014612, 0, 415, 647, 547, 118, 7.78%, 0, 0, 4, 14.42
1701014679, 0, 415, 648, 548, 118, 7.78%, 0, 0, 4, 15.02
1701014714, 0, 415, 649, 549, 118, 7.78%, 0, 0, 4, 17.31
1701014756, 0, 415, 650, 550, 118, 7.78%, 0, 0, 4, 17.38
1701014766, 0, 415, 651, 551, 118, 7.78%, 0, 0, 4, 17.46
1701014868, 0, 415, 652, 552, 118, 7.78%, 0, 0, 4, 15.66
1701014894, 0, 416, 652, 551, 120, 7.78%, 0, 0, 4, 17.52
1701015067, 0, 416, 653, 552, 120, 7.78%, 0, 0, 4, 22.24
1701015103, 0, 416, 655, 554, 120, 7.78%, 0, 0, 4, 17.25
1701015169, 0, 416, 656, 555, 120, 7.78%, 0, 0, 4, 16.20
1701015184, 0, 417, 656, 554, 119, 7.78%, 0, 0, 4, 20.28
1701015194, 0, 417, 657, 555, 119, 7.78%, 0, 0, 4, 36.12
1701015220, 0, 417, 658, 556, 119, 7.79%, 0, 0, 4, 36.19
1701015343, 0, 417, 659, 557, 119, 7.79%, 0, 0, 4, 40.65
1701015874, 0, 420, 659, 556, 120, 7.79%, 0, 0, 4, 28.32
1701016560, 0, 421, 659, 555, 119, 7.79%, 0, 0, 4, 24.35
1701016708, 0, 421, 660, 556, 119, 7.79%, 0, 0, 4, 39.41
1701017192, 0, 424, 660, 555, 119, 7.79%, 0, 0, 4, 26.10
1701017223, 0, 424, 661, 556, 119, 7.81%, 0, 0, 4, 34.57
1701017320, 0, 424, 664, 559, 119, 7.88%, 0, 0, 4, 42.47
1701017666, 0, 424, 665, 560, 119, 7.89%, 0, 0, 4, 39.46
1701017829, 0, 424, 666, 561, 119, 7.89%, 0, 0, 4, 29.28
1701017844, 0, 426, 666, 560, 124, 7.89%, 0, 0, 4, 20.55
1701019063, 0, 429, 666, 559, 123, 7.89%, 0, 0, 4, 14.43
1701019104, 0, 429, 667, 560, 123, 7.89%, 0, 0, 4, 31.19
1701019155, 0, 429, 668, 561, 123, 7.89%, 0, 0, 4, 38.39
1701019355, 0, 437, 668, 560, 122, 7.89%, 0, 0, 4, 17.48
1701020440, 0, 441, 668, 559, 121, 7.89%, 0, 0, 4, 18.57
1701020450, 0, 441, 669, 560, 121, 7.89%, 0, 0, 4, 30.35
1701020475, 0, 441, 670, 561, 121, 7.89%, 0, 0, 4, 32.85
1701020506, 0, 441, 671, 562, 121, 7.89%, 0, 0, 4, 37.26
1701020582, 0, 441, 672, 563, 121, 7.89%, 0, 0, 4, 36.06
1701020603, 0, 441, 674, 565, 121, 7.90%, 0, 0, 4, 32.91
1701020772, 0, 441, 675, 566, 121, 7.90%, 0, 0, 4, 42.35
1701020977, 0, 441, 676, 567, 121, 7.90%, 0, 0, 4, 31.79
1701021157, 0, 443, 676, 566, 123, 7.90%, 0, 0, 4, 18.04
1701021741, 0, 444, 676, 565, 122, 7.90%, 0, 0, 4, 15.81
1701021761, 0, 444, 677, 566, 122, 7.90%, 0, 0, 4, 26.86
1701021833, 0, 444, 679, 568, 122, 7.91%, 0, 0, 4, 36.24
1701022084, 0, 445, 679, 567, 124, 7.91%, 0, 0, 4, 15.75
1701022175, 0, 445, 680, 568, 124, 7.91%, 0, 0, 4, 13.17
1701023812, 0, 445, 681, 569, 124, 7.92%, 0, 0, 4, 14.63
1701023833, 0, 446, 681, 568, 124, 7.92%, 0, 0, 4, 16.93
1701023838, 0, 446, 682, 569, 124, 7.92%, 0, 0, 4, 17.58
1701023915, 0, 446, 684, 571, 124, 7.97%, 0, 0, 4, 20.25
1701024155, 0, 446, 685, 572, 124, 7.97%, 0, 0, 4, 19.93
1701024267, 0, 448, 685, 571, 127, 7.97%, 0, 0, 4, 14.14
1701024553, 0, 448, 686, 572, 127, 7.97%, 0, 0, 4, 13.81
1701025100, 0, 448, 687, 573, 127, 7.97%, 0, 0, 4, 16.79
1701025326, 0, 456, 687, 572, 126, 7.97%, 0, 0, 4, 18.46
1701025342, 0, 456, 689, 574, 126, 7.98%, 0, 0, 4, 35.54
1701025413, 0, 456, 691, 576, 126, 7.98%, 0, 0, 4, 33.99
1701025485, 0, 456, 692, 577, 126, 7.98%, 0, 0, 4, 36.64
1701025506, 0, 456, 693, 578, 126, 7.99%, 0, 0, 4, 30.79
1701026049, 0, 456, 694, 579, 126, 8.00%, 0, 0, 4, 17.79
1701026054, 0, 456, 695, 580, 126, 8.00%, 0, 0, 4, 20.15
1701026101, 0, 464, 695, 579, 132, 8.00%, 0, 0, 4, 16.18
1701026910, 0, 464, 696, 580, 132, 8.00%, 0, 0, 4, 14.40
1701027360, 0, 465, 696, 579, 131, 8.00%, 0, 0, 4, 14.22
1701028476, 0, 465, 697, 580, 131, 8.00%, 0, 0, 4, 10.88
1701029306, 0, 466, 697, 579, 130, 8.00%, 0, 0, 4, 16.99
1701029588, 0, 466, 698, 580, 130, 8.00%, 0, 0, 4, 18.62
1701029598, 0, 466, 699, 581, 130, 8.00%, 0, 0, 4, 20.07
1701029613, 0, 466, 700, 582, 130, 8.00%, 0, 0, 4, 20.09
1701029731, 0, 466, 701, 583, 130, 8.00%, 0, 0, 4, 18.46
1701029747, 0, 474, 701, 582, 130, 8.00%, 0, 0, 4, 17.15
1701029798, 0, 474, 702, 583, 130, 8.00%, 0, 0, 4, 15.28
1701030074, 0, 474, 703, 584, 130, 8.00%, 0, 0, 4, 15.08
1701030084, 0, 476, 703, 583, 131, 8.00%, 0, 0, 4, 22.58
1701030094, 0, 476, 704, 584, 131, 8.00%, 0, 0, 4, 38.62
1701030222, 0, 476, 705, 585, 131, 8.00%, 0, 0, 4, 38.49
1701030706, 0, 477, 705, 584, 130, 8.00%, 0, 0, 4, 28.12
1701030991, 0, 477, 706, 585, 130, 8.00%, 0, 0, 4, 37.31
1701031375, 0, 478, 706, 584, 129, 8.00%, 0, 0, 4, 23.51
1701031677, 0, 478, 707, 585, 129, 8.00%, 0, 0, 4, 41.95
1701032060, 0, 479, 707, 584, 128, 8.00%, 0, 0, 4, 21.25
1701032756, 0, 483, 707, 583, 127, 8.00%, 0, 0, 4, 29.47
1701032761, 0, 483, 708, 584, 127, 8.00%, 0, 0, 4, 37.33
1701033436, 0, 484, 708, 583, 127, 8.00%, 0, 0, 4, 26.65
1701033472, 0, 484, 709, 584, 127, 8.00%, 0, 0, 4, 36.83
1701033584, 0, 484, 710, 585, 127, 8.01%, 0, 0, 4, 39.81
1701034096, 0, 485, 710, 584, 127, 8.01%, 0, 0, 4, 27.03
1701034770, 0, 487, 710, 583, 126, 8.01%, 0, 0, 4, 24.84
1701034781, 0, 487, 713, 586, 126, 8.03%, 0, 0, 4, 35.72
1701034806, 0, 487, 716, 589, 126, 8.03%, 0, 0, 4, 30.37
1701034918, 0, 487, 718, 591, 126, 8.04%, 0, 0, 4, 43.07
1701034928, 0, 487, 719, 592, 126, 8.04%, 0, 0, 4, 33.66
1701034933, 0, 487, 720, 593, 126, 8.05%, 0, 0, 4, 36.13
1701035266, 0, 487, 721, 594, 126, 8.05%, 0, 0, 4, 39.12
1701035435, 0, 488, 721, 593, 134, 8.05%, 0, 0, 4, 26.21
1701035573, 0, 488, 722, 594, 134, 8.05%, 0, 0, 4, 38.02
1701036089, 0, 489, 722, 593, 133, 8.05%, 0, 0, 4, 27.47
1701036120, 0, 489, 723, 594, 133, 8.05%, 0, 0, 4, 36.90
1701036233, 0, 489, 725, 596, 133, 8.06%, 0, 0, 4, 40.42
1701036780, 0, 490, 725, 595, 134, 8.06%, 0, 0, 4, 20.62
1701036933, 0, 490, 726, 596, 134, 8.06%, 0, 0, 4, 33.19
1701037470, 0, 492, 726, 595, 133, 8.06%, 0, 0, 4, 20.44
1701037537, 0, 492, 727, 596, 133, 8.06%, 0, 0, 4, 17.02
1701038448, 0, 494, 727, 595, 133, 8.06%, 0, 0, 4, 31.01
1701038961, 0, 494, 728, 596, 133, 8.06%, 0, 0, 4, 22.44
1701038971, 0, 498, 728, 595, 132, 8.06%, 0, 0, 4, 18.29
1701040064, 0, 499, 728, 594, 131, 8.06%, 0, 0, 4, 27.11
1701040074, 0, 499, 729, 595, 131, 8.06%, 0, 0, 4, 29.34
1701040135, 0, 499, 730, 596, 131, 8.06%, 0, 0, 4, 21.29
1701040902, 0, 500, 730, 595, 130, 8.06%, 0, 0, 4, 16.13
1701041731, 0, 500, 731, 596, 130, 8.06%, 0, 0, 4, 12.56
1701042121, 0, 504, 731, 595, 129, 8.06%, 0, 0, 4, 14.21
1701042310, 0, 504, 732, 596, 129, 8.06%, 0, 0, 4, 21.86
1701043162, 0, 504, 733, 597, 129, 8.09%, 0, 0, 4, 15.57
1701043479, 0, 506, 733, 596, 130, 8.09%, 0, 0, 4, 13.63
1701043505, 0, 506, 734, 597, 130, 8.09%, 0, 0, 4, 13.28
1701043612, 0, 509, 734, 596, 129, 8.09%, 0, 0, 4, 15.09
1701044338, 0, 509, 735, 597, 129, 8.09%, 0, 0, 4, 14.66
1701044681, 0, 510, 735, 596, 129, 8.09%, 0, 0, 4, 15.14
1701045531, 0, 514, 735, 595, 128, 8.09%, 0, 0, 4, 13.26
1701045587, 0, 515, 735, 594, 127, 8.09%, 0, 0, 4, 14.23
1701045592, 0, 515, 736, 595, 127, 8.09%, 0, 0, 4, 17.35
1701045776, 0, 515, 737, 596, 127, 8.10%, 0, 0, 4, 17.24
1701045782, 0, 515, 738, 597, 127, 8.10%, 0, 0, 4, 19.96
1701047020, 0, 516, 738, 596, 129, 8.10%, 0, 0, 4, 16.23
1701048140, 0, 516, 740, 598, 129, 8.18%, 0, 0, 4, 13.92
1701048448, 0, 517, 740, 597, 130, 8.18%, 0, 0, 4, 18.37
1701049512, 0, 517, 741, 598, 130, 8.18%, 0, 0, 4, 18.71
1701049809, 0, 518, 741, 597, 130, 8.18%, 0, 0, 4, 17.25
1701050106, 0, 518, 742, 598, 130, 8.18%, 0, 0, 4, 15.86
1701050680, 0, 518, 743, 599, 130, 8.18%, 0, 0, 4, 15.10
1701050721, 0, 519, 743, 598, 130, 8.18%, 0, 0, 4, 15.13
1701050987, 0, 520, 743, 597, 129, 8.18%, 0, 0, 4, 13.84
1701051012, 0, 520, 744, 598, 129, 8.18%, 0, 0, 4, 19.49
1701051191, 0, 521, 744, 597, 129, 8.18%, 0, 0, 4, 13.26
1701051355, 0, 522, 744, 596, 128, 8.18%, 0, 0, 4, 13.65
1701051360, 0, 522, 745, 597, 128, 8.18%, 0, 0, 4, 13.41
1701051365, 0, 522, 747, 599, 128, 8.18%, 0, 0, 4, 13.54
1701051375, 0, 522, 748, 600, 128, 8.18%, 0, 0, 4, 13.24
1701051436, 0, 524, 748, 599, 128, 8.18%, 0, 0, 4, 12.09
1701051441, 0, 524, 749, 600, 128, 8.18%, 0, 0, 4, 12.17
1701051446, 0, 524, 750, 601, 128, 8.18%, 0, 0, 4, 12.47
1701051451, 0, 524, 751, 602, 128, 8.18%, 0, 0, 4, 13.27
1701051461, 0, 524, 752, 603, 128, 8.18%, 0, 0, 4, 12.45
1701051579, 0, 524, 753, 604, 128, 8.18%, 0, 0, 4, 13.52
1701051717, 0, 528, 753, 603, 129, 8.18%, 0, 0, 4, 12.28
1701051738, 0, 528, 755, 605, 129, 8.19%, 0, 0, 4, 13.47
1701051778, 0, 528, 756, 606, 129, 8.19%, 0, 0, 4, 13.65
1701051809, 0, 528, 757, 607, 129, 8.19%, 0, 0, 4, 13.40
1701051814, 0, 528, 758, 608, 129, 8.19%, 0, 0, 4, 12.64
1701051824, 0, 528, 759, 609, 129, 8.19%, 0, 0, 4, 13.06
1701052096, 0, 529, 759, 608, 132, 8.19%, 0, 0, 4, 10.35
1701052101, 0, 529, 760, 609, 132, 8.20%, 0, 0, 4, 10.37
1701052142, 0, 536, 760, 608, 132, 8.20%, 0, 0, 4, 17.74
1701052157, 0, 536, 761, 609, 132, 8.20%, 0, 0, 4, 20.14
1701052198, 0, 536, 762, 610, 132, 8.20%, 0, 0, 4, 20.74
1701052398, 0, 536, 763, 611, 132, 8.20%, 0, 0, 4, 20.11
1701052494, 0, 536, 764, 612, 132, 8.21%, 0, 0, 4, 18.65
1701052571, 0, 537, 764, 611, 135, 8.21%, 0, 0, 4, 13.08
1701052648, 0, 537, 765, 612, 135, 8.21%, 0, 0, 4, 14.54
1701052776, 0, 537, 766, 613, 135, 8.21%, 0, 0, 4, 12.25
1701054159, 0, 537, 767, 614, 135, 8.21%, 0, 0, 4, 14.71
1701054185, 0, 543, 767, 613, 135, 8.21%, 0, 0, 4, 13.10
1701054201, 0, 543, 768, 614, 135, 8.22%, 0, 0, 4, 13.81
1701055405, 0, 548, 768, 613, 134, 8.22%, 0, 0, 4, 14.23
1701056470, 0, 551, 768, 612, 133, 8.22%, 0, 0, 4, 16.24
1701056475, 0, 551, 769, 613, 133, 8.22%, 0, 0, 4, 20.46
1701056485, 0, 551, 770, 614, 133, 8.22%, 0, 0, 4, 22.87
1701056598, 0, 551, 771, 615, 133, 8.22%, 0, 0, 4, 26.85
1701056736, 0, 551, 772, 616, 133, 8.22%, 0, 0, 4, 19.42
1701057217, 0, 551, 773, 617, 133, 8.22%, 0, 0, 4, 16.21
1701057232, 0, 551, 774, 618, 133, 8.22%, 0, 0, 4, 17.99
1701057258, 0, 551, 775, 619, 133, 8.22%, 0, 0, 4, 16.85
1701057273, 0, 551, 776, 620, 133, 8.22%, 0, 0, 4, 16.30
1701057314, 0, 551, 777, 621, 133, 8.22%, 0, 0, 4, 15.40
1701057345, 0, 551, 778, 622, 133, 8.22%, 0, 0, 4, 16.06
1701057396, 0, 551, 779, 623, 133, 8.22%, 0, 0, 4, 17.60
1701057615, 0, 552, 779, 622, 132, 8.22%, 0, 0, 4, 17.31
1701057988, 0, 553, 779, 621, 131, 8.22%, 0, 0, 4, 18.10
1701058341, 0, 555, 779, 620, 130, 8.22%, 0, 0, 4, 12.99
1701058642, 0, 557, 779, 619, 129, 8.22%, 0, 0, 4, 12.90
1701058802, 0, 559, 779, 618, 128, 8.22%, 0, 0, 4, 12.81
1701059780, 0, 559, 780, 619, 128, 8.22%, 0, 0, 4, 14.13
1701060102, 0, 562, 780, 618, 127, 8.22%, 0, 0, 4, 26.87
1701060296, 0, 562, 781, 619, 127, 8.22%, 0, 0, 4, 45.89
1701060327, 0, 568, 781, 618, 127, 8.22%, 0, 0, 4, 17.25
1701060434, 0, 568, 782, 619, 127, 8.22%, 0, 0, 4, 18.56
1701062436, 0, 570, 782, 618, 127, 8.22%, 0, 0, 4, 17.31
1701062457, 0, 570, 784, 620, 127, 8.23%, 0, 0, 4, 17.50
1701062728, 0, 570, 785, 621, 127, 8.24%, 0, 0, 4, 17.82
1701062754, 0, 570, 786, 622, 127, 8.24%, 0, 0, 4, 20.57
1701062759, 0, 570, 787, 623, 127, 8.26%, 0, 0, 4, 19.93
1701063719, 0, 572, 787, 622, 132, 8.26%, 0, 0, 4, 15.62
1701063739, 0, 572, 788, 623, 132, 8.28%, 0, 0, 4, 14.96
1701063749, 0, 572, 793, 628, 132, 8.31%, 0, 0, 4, 18.15
1701063770, 0, 572, 796, 631, 132, 8.32%, 0, 0, 4, 15.53
1701063775, 0, 572, 797, 632, 132, 8.33%, 0, 0, 4, 17.64
1701063810, 0, 572, 798, 633, 132, 8.35%, 0, 0, 4, 18.17
1701063908, 0, 572, 799, 634, 132, 8.35%, 0, 0, 4, 17.01
1701063913, 0, 572, 800, 635, 132, 8.35%, 0, 0, 4, 17.02
1701064229, 0, 572, 801, 636, 132, 8.36%, 0, 0, 4, 16.98
1701064363, 0, 572, 803, 638, 132, 8.36%, 0, 0, 4, 17.43
1701064649, 0, 572, 804, 639, 132, 8.37%, 0, 0, 4, 15.17
1701064771, 0, 572, 805, 640, 132, 8.37%, 0, 0, 4, 21.70
1701065002, 0, 574, 805, 639, 146, 8.37%, 0, 0, 4, 16.62
1701065008, 0, 574, 809, 643, 146, 8.37%, 0, 0, 4, 19.10
1701065038, 0, 574, 810, 644, 146, 8.37%, 0, 0, 4, 18.48
1701065064, 0, 574, 811, 645, 146, 8.37%, 0, 0, 4, 27.45
1701065115, 0, 574, 812, 646, 146, 8.37%, 0, 0, 4, 29.09
1701065386, 0, 574, 813, 647, 146, 8.37%, 0, 0, 4, 17.93
1701065483, 0, 574, 814, 648, 146, 8.37%, 0, 0, 4, 21.55
1701065606, 0, 575, 814, 647, 148, 8.37%, 0, 0, 4, 24.49
1701065631, 0, 575, 815, 648, 148, 8.37%, 0, 0, 4, 25.30
1701066182, 0, 576, 815, 647, 148, 8.37%, 0, 0, 4, 27.92
1701066187, 0, 576, 817, 649, 148, 8.41%, 0, 0, 4, 31.55
1701066720, 0, 576, 818, 650, 148, 8.41%, 0, 0, 4, 24.69
1701066746, 0, 578, 818, 649, 149, 8.41%, 0, 0, 4, 18.68
1701066771, 0, 578, 819, 650, 149, 8.42%, 0, 0, 4, 24.01
1701066777, 0, 578, 820, 651, 149, 8.42%, 0, 0, 4, 28.01
1701066833, 0, 578, 821, 652, 149, 8.42%, 0, 0, 4, 18.91
1701067289, 0, 579, 821, 651, 150, 8.42%, 0, 0, 4, 24.25
1701067739, 0, 579, 822, 652, 150, 8.42%, 0, 0, 4, 27.56
1701067856, 0, 580, 822, 651, 149, 8.42%, 0, 0, 4, 12.66
1701069304, 0, 581, 822, 650, 148, 8.42%, 0, 0, 4, 16.33
1701070389, 0, 582, 822, 649, 147, 8.42%, 0, 0, 4, 17.57
1701070404, 0, 582, 825, 652, 147, 8.44%, 0, 0, 4, 16.82
1701070451, 0, 582, 826, 653, 147, 8.44%, 0, 0, 4, 17.32
1701071134, 0, 582, 827, 654, 147, 8.45%, 0, 0, 4, 19.74
1701071200, 0, 582, 828, 655, 147, 8.45%, 0, 0, 4, 19.79
1701071266, 0, 582, 829, 656, 147, 8.45%, 0, 0, 4, 20.41
1701071312, 0, 582, 830, 657, 147, 8.45%, 0, 0, 4, 20.87
1701071317, 0, 582, 831, 658, 147, 8.47%, 0, 0, 4, 17.17
1701071322, 0, 582, 833, 660, 147, 8.47%, 0, 0, 4, 15.67
1701071496, 0, 583, 833, 659, 156, 8.47%, 0, 0, 4, 16.02
1701071634, 0, 585, 833, 658, 155, 8.47%, 0, 0, 4, 13.70
1701071670, 0, 586, 833, 657, 154, 8.47%, 0, 0, 4, 14.15
1701071976, 0, 586, 834, 658, 154, 8.47%, 0, 0, 5, 16.77
1701071986, 0, 586, 835, 659, 154, 8.48%, 0, 0, 5, 16.95
1701072038, 0, 586, 836, 660, 154, 8.48%, 0, 0, 5, 15.65
1701072078, 0, 586, 837, 661, 154, 8.48%, 0, 0, 5, 16.24
1701072089, 0, 586, 838, 662, 154, 8.48%, 0, 0, 5, 15.84
1701072104, 0, 586, 839, 663, 154, 8.49%, 0, 0, 5, 16.44
1701072114, 0, 586, 840, 664, 154, 8.49%, 0, 0, 5, 16.72
1701072160, 0, 586, 842, 666, 154, 8.49%, 0, 0, 5, 17.22
1701072257, 0, 586, 843, 667, 154, 8.50%, 0, 0, 5, 14.97
1701072400, 0, 587, 844, 667, 162, 8.50%, 0, 0, 5, 14.96
1701072621, 0, 587, 845, 668, 162, 8.50%, 0, 0, 5, 13.50
1701072626, 0, 587, 846, 669, 162, 8.50%, 0, 0, 5, 13.96
1701072672, 0, 587, 847, 670, 162, 8.50%, 0, 0, 5, 13.90
1701072677, 0, 587, 849, 672, 162, 8.50%, 0, 0, 5, 13.38
1701072687, 0, 587, 850, 673, 162, 8.50%, 0, 0, 5, 12.86
1701072733, 0, 587, 851, 674, 162, 8.51%, 0, 0, 5, 13.10
1701072907, 0, 587, 852, 675, 162, 8.51%, 0, 0, 5, 12.48
1701072922, 0, 587, 853, 676, 162, 8.51%, 0, 0, 5, 13.16
1701072989, 0, 589, 853, 675, 164, 8.51%, 0, 0, 5, 12.86
1701073035, 0, 590, 853, 674, 163, 8.51%, 0, 0, 5, 18.41
1701073040, 0, 590, 854, 675, 163, 8.51%, 0, 0, 5, 24.96
1701073291, 0, 590, 855, 676, 163, 8.51%, 0, 0, 5, 29.50
1701073311, 0, 590, 856, 677, 163, 8.51%, 0, 0, 5, 17.28
1701073357, 0, 593, 856, 676, 162, 8.51%, 0, 0, 5, 15.12
1701073398, 0, 594, 856, 675, 161, 8.51%, 0, 0, 5, 11.64
1701073721, 0, 596, 856, 674, 160, 8.51%, 0, 0, 5, 13.00
1701073736, 0, 596, 857, 675, 160, 8.51%, 0, 0, 5, 13.15
1701074044, 0, 596, 858, 676, 160, 8.51%, 0, 0, 5, 14.35
1701074074, 0, 597, 858, 675, 160, 8.51%, 0, 0, 5, 20.66
1701074079, 0, 597, 859, 676, 160, 8.52%, 0, 0, 5, 21.44
1701074182, 0, 597, 860, 677, 160, 8.52%, 0, 0, 5, 24.16
1701074202, 0, 597, 862, 679, 160, 8.55%, 0, 0, 5, 24.56
1701074550, 0, 597, 863, 680, 160, 8.55%, 0, 0, 5, 23.68
1701074688, 0, 598, 864, 680, 162, 8.55%, 0, 0, 5, 15.27
1701074694, 0, 598, 867, 683, 162, 8.55%, 0, 0, 5, 14.35
1701074709, 0, 598, 868, 684, 162, 8.55%, 0, 0, 5, 14.29
1701074734, 0, 598, 869, 685, 162, 8.55%, 0, 0, 5, 13.62
1701074740, 0, 598, 870, 686, 162, 8.55%, 0, 0, 5, 14.71
1701074806, 0, 598, 871, 687, 162, 8.55%, 0, 0, 5, 14.70
1701074883, 0, 598, 872, 688, 162, 8.55%, 0, 0, 5, 13.77
1701074888, 0, 598, 873, 689, 162, 8.55%, 0, 0, 5, 14.66
1701074893, 0, 598, 874, 690, 162, 8.55%, 0, 0, 5, 14.73
1701074904, 0, 598, 875, 691, 162, 8.55%, 0, 0, 5, 14.36
1701074914, 0, 598, 876, 692, 162, 8.55%, 0, 0, 5, 14.34
1701074919, 0, 598, 877, 693, 162, 8.55%, 0, 0, 5, 13.38
1701074945, 0, 598, 878, 694, 162, 8.55%, 0, 0, 5, 13.18
1701074960, 0, 598, 879, 695, 162, 8.55%, 0, 0, 5, 12.41
1701075026, 0, 598, 880, 696, 162, 8.55%, 0, 0, 5, 11.89
1701075113, 0, 598, 881, 697, 162, 8.55%, 0, 0, 5, 12.60
1701075205, 0, 598, 882, 698, 162, 8.55%, 0, 0, 5, 13.75
1701075210, 0, 598, 883, 699, 162, 8.55%, 0, 0, 5, 14.79
1701075251, 0, 599, 883, 698, 163, 8.55%, 0, 0, 5, 11.02
1701075431, 0, 601, 883, 697, 162, 8.55%, 0, 0, 5, 16.23
1701075743, 0, 602, 883, 696, 161, 8.55%, 0, 0, 5, 13.23
1701075814, 0, 604, 883, 695, 160, 8.55%, 0, 0, 5, 14.16
1701075845, 0, 604, 884, 696, 160, 8.59%, 0, 0, 5, 15.74
1701075881, 0, 606, 884, 695, 160, 8.59%, 0, 0, 5, 13.43
1701075938, 0, 607, 884, 694, 159, 8.59%, 0, 0, 5, 13.97
1701076086, 0, 613, 885, 694, 158, 8.61%, 0, 0, 5, 19.25
1701076465, 0, 613, 887, 696, 158, 8.61%, 0, 0, 5, 23.04
1701076609, 0, 616, 887, 695, 159, 8.61%, 0, 0, 5, 22.18
1701076783, 0, 618, 887, 694, 158, 8.61%, 0, 0, 5, 20.34
1701077177, 0, 619, 887, 693, 157, 8.61%, 0, 0, 5, 17.12
1701077575, 0, 620, 887, 692, 156, 8.61%, 0, 0, 5, 17.23
1701077979, 0, 621, 887, 691, 155, 8.61%, 0, 0, 5, 18.48
1701077989, 0, 621, 888, 692, 155, 8.61%, 0, 0, 5, 24.85
1701078362, 0, 622, 888, 691, 155, 8.61%, 0, 0, 5, 15.99
1701079049, 0, 623, 888, 690, 154, 8.61%, 0, 0, 5, 17.99
1701079735, 0, 624, 888, 689, 153, 8.61%, 0, 0, 5, 17.07
1701080441, 0, 625, 888, 688, 152, 8.61%, 0, 0, 5, 15.39
1701080446, 0, 625, 892, 692, 152, 8.62%, 0, 0, 5, 23.31
1701080456, 0, 625, 894, 694, 152, 8.62%, 0, 0, 5, 25.04
1701080579, 0, 625, 895, 695, 152, 8.62%, 0, 0, 5, 15.53
1701080599, 0, 625, 896, 696, 152, 8.62%, 0, 0, 5, 16.26
1701080671, 0, 626, 896, 695, 156, 8.62%, 0, 0, 5, 13.97
1701080676, 0, 626, 897, 696, 156, 8.62%, 0, 0, 5, 17.03
1701080851, 0, 629, 897, 695, 156, 8.62%, 0, 0, 5, 19.54
1701081330, 0, 632, 897, 694, 155, 8.62%, 0, 0, 5, 20.44
1701081928, 0, 632, 898, 695, 155, 8.63%, 0, 0, 5, 25.34
1701082005, 0, 634, 898, 694, 155, 8.63%, 0, 0, 5, 19.55
1701082056, 0, 634, 899, 695, 155, 8.63%, 0, 0, 5, 21.86
1701083042, 0, 634, 900, 696, 155, 8.63%, 0, 0, 5, 19.17
1701083077, 0, 638, 900, 695, 156, 8.63%, 0, 0, 5, 18.85
1701083093, 0, 638, 901, 696, 156, 8.63%, 0, 0, 5, 31.15
1701083713, 0, 638, 902, 697, 156, 8.63%, 0, 0, 5, 20.65
1701083738, 0, 638, 903, 698, 156, 8.63%, 0, 0, 5, 18.72
1701083799, 0, 644, 903, 697, 156, 8.63%, 0, 0, 5, 13.70
1701085900, 0, 646, 903, 696, 155, 8.63%, 0, 0, 5, 15.22
1701088328, 0, 646, 904, 697, 155, 8.63%, 0, 0, 5, 15.79
1701088354, 0, 646, 905, 698, 155, 8.63%, 0, 0, 5, 17.05
1701088359, 0, 646, 906, 699, 155, 8.63%, 0, 0, 5, 16.49
1701088369, 0, 646, 907, 700, 155, 8.63%, 0, 0, 5, 17.36
1701088395, 0, 646, 908, 701, 155, 8.63%, 0, 0, 5, 16.94
1701088415, 0, 646, 909, 702, 155, 8.63%, 0, 0, 5, 13.79
1701088744, 0, 652, 909, 701, 156, 8.63%, 0, 0, 5, 14.18
1701088795, 0, 652, 910, 702, 156, 8.64%, 0, 0, 5, 19.40
1701089021, 0, 652, 911, 703, 156, 8.64%, 0, 0, 5, 18.20
1701089066, 0, 654, 911, 702, 156, 8.64%, 0, 0, 5, 22.12
1701089348, 0, 654, 912, 703, 156, 8.64%, 0, 0, 5, 17.58
1701089394, 0, 656, 912, 702, 155, 8.64%, 0, 0, 5, 21.55
1701089658, 0, 657, 912, 701, 154, 8.64%, 0, 0, 5, 16.77
1701090138, 0, 657, 913, 702, 154, 8.65%, 0, 0, 5, 30.62
1701090316, 0, 659, 913, 701, 154, 8.65%, 0, 0, 5, 26.59
1701090975, 0, 660, 913, 700, 153, 8.65%, 0, 0, 5, 20.89
1701090985, 0, 660, 914, 701, 153, 8.65%, 0, 0, 5, 39.13
1701091618, 0, 662, 914, 700, 153, 8.65%, 0, 0, 5, 28.16
1701092066, 0, 662, 915, 701, 153, 8.66%, 0, 0, 5, 38.60
1701092235, 0, 662, 916, 702, 153, 8.67%, 0, 0, 5, 24.80
1701092261, 0, 662, 917, 703, 153, 8.67%, 0, 0, 5, 23.27
1701092338, 0, 663, 917, 702, 154, 8.67%, 0, 0, 5, 27.61
1701092964, 0, 664, 917, 701, 153, 8.67%, 0, 0, 5, 25.12
1701093051, 0, 664, 918, 702, 153, 8.67%, 0, 0, 5, 48.70
1701093376, 0, 664, 919, 703, 153, 8.67%, 0, 0, 5, 19.60
1701093412, 0, 665, 919, 702, 153, 8.67%, 0, 0, 5, 24.77
1701093438, 0, 665, 920, 703, 153, 8.67%, 0, 0, 5, 41.54
1701093524, 0, 665, 922, 705, 153, 8.67%, 0, 0, 5, 41.20
1701093544, 0, 665, 923, 706, 153, 8.67%, 0, 0, 5, 41.90
1701093823, 0, 669, 923, 705, 153, 8.67%, 0, 0, 5, 25.88
1701093839, 0, 669, 926, 708, 153, 8.72%, 0, 0, 5, 34.83
1701093849, 0, 669, 928, 710, 153, 8.72%, 0, 0, 5, 37.30
1701093854, 0, 669, 929, 711, 153, 8.72%, 0, 0, 5, 35.22
1701093905, 0, 669, 930, 712, 153, 8.73%, 0, 0, 5, 38.06
1701093956, 0, 669, 931, 713, 153, 8.73%, 0, 0, 5, 40.84
1701093961, 0, 669, 932, 714, 153, 8.73%, 0, 0, 5, 42.21
1701093982, 0, 669, 933, 715, 153, 8.74%, 0, 0, 5, 37.93
1701094068, 0, 669, 934, 716, 153, 8.74%, 0, 0, 5, 36.00
1701094299, 0, 669, 935, 717, 153, 8.74%, 0, 0, 5, 34.55
1701094350, 0, 669, 936, 718, 153, 8.74%, 0, 0, 5, 38.36
1701094473, 0, 669, 937, 719, 153, 8.75%, 0, 0, 5, 22.52
1701094483, 0, 669, 938, 720, 153, 8.75%, 0, 0, 5, 24.83
1701094493, 0, 669, 939, 721, 153, 8.75%, 0, 0, 5, 24.10
1701094503, 0, 669, 940, 722, 153, 8.75%, 0, 0, 5, 22.82
1701094743, 0, 673, 940, 721, 165, 8.75%, 0, 0, 5, 26.93
1701094800, 0, 673, 941, 722, 165, 8.75%, 0, 0, 5, 36.05
1701095402, 0, 674, 941, 721, 165, 8.75%, 0, 0, 5, 23.92
1701095432, 0, 674, 942, 722, 165, 8.76%, 0, 0, 5, 40.94
1701096070, 0, 675, 942, 721, 165, 8.76%, 0, 0, 5, 29.42
1701096371, 0, 675, 943, 722, 165, 8.76%, 0, 0, 5, 41.69
1701096468, 0, 676, 943, 721, 165, 8.76%, 0, 0, 5, 24.17
1701096549, 0, 676, 944, 722, 165, 8.76%, 0, 0, 5, 40.02
1701096778, 0, 677, 944, 721, 165, 8.76%, 0, 0, 5, 18.54
1701097106, 0, 678, 944, 720, 164, 8.76%, 0, 0, 5, 19.87
1701097422, 0, 680, 944, 719, 163, 8.76%, 0, 0, 5, 18.68
1701097570, 0, 680, 945, 720, 163, 8.76%, 0, 0, 5, 46.57
1701097610, 0, 681, 945, 719, 163, 8.76%, 0, 0, 5, 18.07
1701097988, 0, 681, 946, 720, 163, 8.76%, 0, 0, 5, 16.10
1701098024, 0, 682, 946, 719, 162, 8.76%, 0, 0, 5, 14.39
1701098398, 0, 683, 946, 718, 161, 8.76%, 0, 0, 5, 15.31
1701098408, 0, 683, 947, 719, 161, 8.77%, 0, 0, 5, 22.39
1701098705, 0, 683, 950, 722, 161, 8.79%, 0, 0, 5, 21.33
1701098777, 0, 684, 950, 721, 163, 8.79%, 0, 0, 5, 16.51
1701099170, 0, 686, 950, 720, 162, 8.79%, 0, 0, 5, 21.03
1701099185, 0, 686, 951, 721, 162, 8.79%, 0, 0, 5, 31.78
1701099686, 0, 687, 951, 720, 162, 8.79%, 0, 0, 5, 23.00
1701100333, 0, 688, 951, 719, 161, 8.79%, 0, 0, 5, 25.46
1701101024, 0, 689, 951, 718, 160, 8.79%, 0, 0, 5, 21.35
1701101704, 0, 690, 951, 717, 159, 8.79%, 0, 0, 5, 26.03
1701102384, 0, 691, 951, 716, 158, 8.79%, 0, 0, 5, 24.43
1701102389, 0, 691, 952, 717, 158, 8.80%, 0, 0, 5, 39.54
1701102404, 0, 691, 953, 718, 158, 8.80%, 0, 0, 5, 38.78
1701103005, 0, 692, 953, 717, 158, 8.80%, 0, 0, 5, 22.12
1701103701, 0, 693, 953, 716, 157, 8.80%, 0, 0, 5, 17.86
1701104122, 0, 693, 954, 717, 157, 8.80%, 0, 0, 5, 23.32
1701104142, 0, 697, 954, 716, 156, 8.80%, 0, 0, 5, 19.90
1701104158, 0, 697, 956, 718, 156, 8.80%, 0, 0, 5, 19.77
1701104265, 0, 697, 957, 719, 156, 8.80%, 0, 0, 5, 18.70
1701104639, 0, 700, 957, 718, 155, 8.80%, 0, 0, 5, 16.97
1701105038, 0, 702, 957, 717, 154, 8.80%, 0, 0, 5, 10.70
1701105048, 0, 702, 958, 718, 154, 8.80%, 0, 0, 5, 9.75
1701105105, 0, 702, 959, 719, 154, 8.80%, 0, 0, 5, 14.11
1701105176, 0, 703, 959, 718, 154, 8.80%, 0, 0, 5, 27.54
1701105856, 0, 704, 959, 717, 153, 8.80%, 0, 0, 5, 26.80
1701106563, 0, 707, 959, 716, 152, 8.80%, 0, 0, 5, 22.34
1701107052, 0, 709, 959, 715, 151, 8.80%, 0, 0, 5, 25.21
1701107077, 0, 709, 960, 716, 151, 8.80%, 0, 0, 5, 30.85
1701107195, 0, 709, 961, 717, 151, 8.80%, 0, 0, 5, 39.54
1701107770, 0, 710, 961, 716, 152, 8.80%, 0, 0, 5, 23.53
1701108475, 0, 711, 961, 715, 151, 8.80%, 0, 0, 5, 22.57
1701109021, 0, 711, 962, 716, 151, 8.80%, 0, 0, 5, 27.55
1701109210, 0, 714, 962, 715, 151, 8.80%, 0, 0, 5, 13.97
1701109973, 0, 715, 962, 714, 150, 8.80%, 0, 0, 5, 21.22
1701110704, 0, 716, 962, 713, 149, 8.80%, 0, 0, 5, 21.72
1701111445, 0, 716, 963, 714, 149, 8.80%, 0, 0, 5, 21.05
1701111481, 0, 717, 963, 713, 148, 8.80%, 0, 0, 5, 28.52
1701112186, 0, 718, 963, 712, 147, 8.80%, 0, 0, 5, 27.77
1701112911, 0, 719, 963, 711, 146, 8.80%, 0, 0, 5, 28.03
1701113626, 0, 720, 963, 710, 145, 8.80%, 0, 0, 5, 28.68
1701113636, 0, 720, 964, 711, 145, 8.80%, 0, 0, 5, 31.68
1701114136, 0, 720, 965, 712, 145, 8.80%, 0, 0, 5, 44.75
1701114295, 0, 723, 965, 711, 145, 8.80%, 0, 0, 5, 18.32
1701115025, 0, 724, 965, 710, 144, 8.80%, 0, 0, 5, 17.65
1701115767, 0, 726, 965, 709, 143, 8.80%, 0, 0, 5, 18.26
1701115829, 0, 726, 966, 710, 143, 8.81%, 0, 0, 5, 15.88
1701115910, 0, 726, 967, 711, 143, 8.81%, 0, 0, 5, 15.81
1701115986, 0, 726, 968, 712, 143, 8.81%, 0, 0, 5, 18.33
1701116529, 0, 726, 969, 713, 143, 8.81%, 0, 0, 5, 12.43
1701116882, 0, 731, 969, 712, 143, 8.81%, 0, 0, 5, 13.65
1701117518, 0, 732, 969, 711, 142, 8.81%, 0, 0, 5, 14.53
1701118894, 0, 735, 969, 710, 141, 8.81%, 0, 0, 5, 17.50
1701118914, 0, 735, 971, 712, 141, 8.82%, 0, 0, 5, 20.32
1701120359, 0, 736, 971, 711, 142, 8.82%, 0, 0, 5, 28.13
1701121194, 0, 737, 971, 710, 141, 8.82%, 0, 0, 5, 12.75
1701122775, 0, 738, 972, 710, 140, 8.85%, 0, 0, 5, 20.19
1701122796, 0, 738, 975, 713, 140, 8.89%, 0, 0, 5, 22.74
1701122801, 0, 738, 976, 714, 140, 8.89%, 0, 0, 5, 25.42
1701123660, 0, 738, 979, 717, 140, 8.89%, 0, 0, 5, 26.61
1701123880, 0, 739, 979, 716, 145, 8.89%, 0, 0, 5, 13.32
1701123885, 0, 739, 980, 717, 145, 8.90%, 0, 0, 5, 16.59
1701123906, 0, 739, 981, 718, 145, 8.90%, 0, 0, 5, 23.32
1701124944, 0, 739, 982, 719, 145, 8.90%, 0, 0, 5, 16.65
1701124990, 0, 740, 983, 719, 146, 8.93%, 0, 0, 5, 18.93
1701125011, 0, 740, 984, 720, 146, 8.93%, 0, 0, 5, 22.28
