# unix_time, cycles_done, cur_path, paths_total, pending_total, pending_favs, map_size, unique_crashes, unique_hangs, max_depth, execs_per_sec
1701298080, 0, 0, 1, 1, 1, 1.74%, 0, 0, 1, 7.61
1701298085, 0, 0, 6, 6, 1, 1.78%, 0, 0, 2, 7.20
1701298090, 0, 0, 10, 10, 1, 1.79%, 0, 0, 2, 7.17
1701298095, 0, 0, 14, 14, 1, 1.79%, 0, 0, 2, 6.92
1701298100, 0, 0, 18, 18, 1, 1.80%, 0, 0, 2, 7.74
1701298105, 0, 0, 21, 21, 1, 1.81%, 0, 0, 2, 7.26
1701298110, 0, 0, 25, 25, 1, 1.92%, 0, 0, 2, 6.67
1701298116, 0, 0, 27, 27, 1, 1.92%, 0, 0, 2, 6.30
1701298121, 0, 0, 30, 30, 1, 1.92%, 0, 0, 2, 6.33
1701298126, 0, 0, 33, 33, 1, 1.92%, 0, 0, 2, 6.40
1701298131, 0, 0, 36, 36, 1, 1.93%, 0, 0, 2, 6.18
1701298137, 0, 0, 38, 38, 1, 1.93%, 0, 0, 2, 6.38
1701298142, 0, 0, 39, 39, 1, 1.93%, 0, 0, 2, 5.65
1701298147, 0, 0, 40, 40, 1, 1.93%, 0, 0, 2, 4.94
1701298157, 0, 0, 42, 42, 1, 1.93%, 0, 0, 2, 6.06
1701298162, 0, 0, 44, 44, 1, 1.93%, 0, 0, 2, 5.77
1701298167, 0, 0, 46, 46, 1, 1.94%, 0, 0, 2, 5.57
1701298172, 0, 0, 47, 47, 1, 1.94%, 0, 0, 2, 4.99
1701298177, 0, 0, 48, 48, 1, 1.94%, 0, 0, 2, 4.42
1701298183, 0, 0, 50, 50, 1, 1.94%, 0, 0, 2, 5.09
1701298188, 0, 0, 52, 52, 1, 1.94%, 0, 0, 2, 5.63
1701298193, 0, 0, 53, 53, 1, 1.94%, 0, 0, 2, 5.17
1701298198, 0, 0, 55, 55, 1, 1.94%, 0, 0, 2, 5.22
1701298209, 0, 0, 56, 56, 1, 1.94%, 0, 0, 2, 4.05
1701298229, 0, 0, 57, 57, 1, 1.94%, 0, 0, 2, 5.23
1701298239, 0, 0, 61, 61, 1, 2.01%, 0, 0, 2, 7.25
1701298275, 0, 0, 62, 62, 1, 2.01%, 0, 0, 2, 7.00
1701298322, 0, 0, 63, 63, 1, 2.01%, 0, 0, 2, 8.00
1701298327, 0, 0, 64, 64, 1, 2.01%, 0, 0, 2, 8.88
1701298455, 0, 0, 65, 65, 1, 2.01%, 0, 0, 2, 8.68
1701298588, 0, 0, 66, 66, 1, 2.01%, 0, 0, 2, 9.82
1701298742, 0, 0, 67, 67, 1, 2.01%, 0, 0, 2, 7.49
1701298824, 0, 0, 69, 69, 1, 2.01%, 0, 0, 2, 8.73
1701298840, 0, 0, 71, 71, 1, 2.02%, 0, 0, 2, 9.79
1701299167, 0, 0, 72, 72, 1, 2.02%, 0, 0, 2, 8.54
1701299172, 0, 0, 73, 73, 1, 2.02%, 0, 0, 2, 8.82
1701299224, 0, 0, 74, 74, 1, 2.02%, 0, 0, 2, 9.73
1701299443, 0, 0, 76, 76, 1, 2.02%, 0, 0, 2, 8.83
1701299782, 0, 0, 80, 80, 1, 2.02%, 0, 0, 2, 9.24
1701299798, 0, 0, 81, 81, 1, 2.02%, 0, 0, 2, 8.36
1701299803, 0, 0, 82, 82, 1, 2.02%, 0, 0, 2, 8.60
1701299808, 0, 0, 84, 84, 1, 2.02%, 0, 0, 2, 9.42
1701299813, 0, 0, 86, 86, 1, 2.02%, 0, 0, 2, 8.71
1701299818, 0, 0, 88, 88, 1, 2.02%, 0, 0, 2, 8.58
1701299824, 0, 0, 89, 89, 1, 2.02%, 0, 0, 2, 9.16
1701299829, 0, 0, 90, 90, 1, 2.02%, 0, 0, 2, 9.45
1701299834, 0, 0, 91, 91, 1, 2.02%, 0, 0, 2, 9.18
1701299839, 0, 0, 92, 92, 1, 2.02%, 0, 0, 2, 8.35
1701299844, 0, 0, 93, 93, 1, 2.02%, 0, 0, 2, 8.92
1701299854, 0, 0, 94, 94, 1, 2.02%, 0, 0, 2, 9.22
1701299865, 0, 0, 95, 95, 1, 2.02%, 0, 0, 2, 9.11
1701299875, 0, 0, 97, 97, 1, 2.02%, 0, 0, 2, 6.71
1701299885, 0, 0, 98, 98, 1, 2.02%, 0, 0, 2, 7.21
1701299896, 0, 0, 100, 100, 1, 2.02%, 0, 0, 2, 8.62
1701299901, 0, 0, 101, 101, 1, 2.02%, 0, 0, 2, 9.70
1701299906, 0, 0, 102, 102, 1, 2.02%, 0, 0, 2, 9.22
1701299911, 0, 0, 103, 103, 1, 2.02%, 0, 0, 2, 9.44
1701299921, 0, 0, 105, 105, 1, 2.02%, 0, 0, 2, 8.87
1701299926, 0, 0, 106, 106, 1, 2.02%, 0, 0, 2, 8.83
1701299931, 0, 0, 107, 107, 1, 2.02%, 0, 0, 2, 8.31
1701299942, 0, 0, 109, 109, 1, 2.02%, 0, 0, 2, 7.76
1701299947, 0, 0, 110, 110, 1, 2.02%, 0, 0, 2, 7.38
1701299957, 0, 0, 111, 111, 1, 2.02%, 0, 0, 2, 9.56
1701299962, 0, 0, 112, 112, 1, 2.02%, 0, 0, 2, 9.08
1701299982, 0, 0, 113, 113, 1, 2.02%, 0, 0, 2, 8.14
1701299998, 0, 0, 115, 115, 1, 2.02%, 0, 0, 2, 9.13
1701300019, 0, 0, 116, 116, 1, 2.02%, 0, 0, 2, 8.67
1701300049, 0, 0, 117, 117, 1, 2.02%, 0, 0, 2, 9.12
1701300065, 0, 0, 118, 118, 1, 2.02%, 0, 0, 2, 9.25
1701300106, 0, 0, 119, 119, 1, 2.02%, 0, 0, 2, 7.41
1701300137, 0, 0, 120, 120, 1, 2.02%, 0, 0, 2, 7.84
1701300157, 0, 0, 121, 121, 1, 2.02%, 0, 0, 2, 10.03
1701300193, 0, 0, 123, 123, 1, 2.02%, 0, 0, 2, 8.87
1701300213, 0, 0, 125, 125, 1, 2.02%, 0, 0, 2, 7.04
1701300223, 0, 6, 125, 124, 25, 2.02%, 0, 0, 2, 7.78
1701300618, 0, 6, 126, 125, 25, 2.02%, 0, 0, 3, 9.74
1701300633, 0, 7, 126, 124, 24, 2.02%, 0, 0, 3, 9.29
1701300710, 0, 7, 129, 127, 24, 2.02%, 0, 0, 3, 8.41
1701301857, 0, 14, 129, 126, 24, 2.02%, 0, 0, 3, 5.45
1701301873, 0, 14, 131, 128, 24, 2.02%, 0, 0, 3, 7.56
1701301878, 0, 14, 132, 129, 24, 2.03%, 0, 0, 3, 7.64
1701302602, 0, 14, 133, 130, 24, 2.03%, 0, 0, 3, 9.46
1701303571, 0, 14, 134, 131, 24, 2.03%, 0, 0, 3, 9.09
1701303581, 0, 14, 136, 133, 24, 2.03%, 0, 0, 3, 8.83
1701303592, 0, 14, 137, 134, 24, 2.03%, 0, 0, 3, 8.51
1701303602, 0, 14, 138, 135, 24, 2.03%, 0, 0, 3, 7.86
1701303648, 0, 14, 140, 137, 24, 2.03%, 0, 0, 3, 8.29
1701303654, 0, 14, 141, 138, 24, 2.03%, 0, 0, 3, 8.96
1701303664, 0, 14, 142, 139, 24, 2.03%, 0, 0, 3, 9.12
1701303669, 0, 14, 143, 140, 24, 2.03%, 0, 0, 3, 9.01
1701303694, 0, 14, 144, 141, 24, 2.03%, 0, 0, 3, 7.66
1701303699, 0, 14, 145, 142, 24, 2.03%, 0, 0, 3, 8.11
1701303710, 0, 14, 146, 143, 24, 2.03%, 0, 0, 3, 9.05
1701303756, 0, 14, 147, 144, 24, 2.03%, 0, 0, 3, 8.48
1701303761, 0, 14, 148, 145, 24, 2.03%, 0, 0, 3, 8.75
1701303781, 0, 14, 149, 146, 24, 2.03%, 0, 0, 3, 9.42
1701303786, 0, 14, 150, 147, 24, 2.03%, 0, 0, 3, 9.35
1701303802, 0, 14, 151, 148, 24, 2.03%, 0, 0, 3, 8.25
1701303807, 0, 14, 152, 149, 24, 2.03%, 0, 0, 3, 8.78
1701303823, 0, 14, 153, 150, 24, 2.03%, 0, 0, 3, 8.96
1701303828, 0, 14, 154, 151, 24, 2.03%, 0, 0, 3, 8.07
1701303869, 0, 14, 155, 152, 24, 2.03%, 0, 0, 3, 8.55
1701303967, 0, 17, 155, 151, 24, 2.03%, 0, 0, 3, 9.28
1701304003, 0, 17, 156, 152, 24, 2.03%, 0, 0, 3, 7.41
1701304074, 0, 17, 157, 153, 24, 2.03%, 0, 0, 3, 9.50
1701304731, 0, 24, 157, 152, 24, 2.03%, 0, 0, 3, 8.52
1701306004, 0, 31, 157, 151, 23, 2.03%, 0, 0, 3, 8.36
1701306225, 0, 33, 157, 150, 22, 2.03%, 0, 0, 3, 8.31
1701306245, 0, 46, 157, 149, 21, 2.03%, 0, 0, 3, 7.69
1701306286, 0, 56, 157, 148, 20, 2.03%, 0, 0, 3, 8.36
1701306505, 0, 61, 157, 147, 19, 2.03%, 0, 0, 3, 16.03
1701306536, 0, 65, 157, 146, 18, 2.03%, 0, 0, 3, 4.65
1701307049, 0, 65, 158, 147, 18, 2.03%, 0, 0, 3, 9.27
1701307059, 0, 65, 159, 148, 18, 2.03%, 0, 0, 3, 9.21
1701307909, 0, 65, 160, 149, 18, 2.03%, 0, 0, 3, 9.19
1701307919, 0, 65, 161, 150, 18, 2.49%, 0, 0, 3, 8.86
1701307935, 0, 65, 162, 151, 18, 2.49%, 0, 0, 3, 9.53
1701307945, 0, 65, 163, 152, 18, 2.49%, 0, 0, 3, 9.02
1701307976, 0, 65, 164, 153, 18, 2.49%, 0, 0, 3, 9.98
1701308007, 0, 65, 165, 154, 18, 2.49%, 0, 0, 3, 8.33
1701308027, 0, 65, 166, 155, 18, 2.49%, 0, 0, 3, 8.37
1701308043, 0, 65, 167, 156, 18, 2.49%, 0, 0, 3, 7.89
1701308104, 0, 65, 168, 157, 18, 2.49%, 0, 0, 3, 9.94
1701308110, 0, 65, 169, 158, 18, 2.49%, 0, 0, 3, 9.61
1701308120, 0, 65, 170, 159, 18, 2.64%, 0, 0, 3, 10.19
1701308207, 0, 65, 171, 160, 18, 2.64%, 0, 0, 3, 8.31
1701308278, 0, 65, 172, 161, 18, 2.64%, 0, 0, 3, 8.30
1701308283, 0, 67, 172, 160, 21, 2.64%, 0, 0, 3, 8.54
1701309800, 0, 68, 172, 159, 20, 2.64%, 0, 0, 3, 8.80
1701311170, 0, 68, 174, 161, 20, 2.64%, 0, 0, 3, 9.01
1701311186, 0, 68, 175, 162, 20, 2.64%, 0, 0, 3, 9.77
1701311196, 0, 68, 176, 163, 20, 2.64%, 0, 0, 3, 8.45
1701311242, 0, 68, 177, 164, 20, 2.64%, 0, 0, 3, 9.06
1701311407, 0, 68, 178, 165, 20, 2.64%, 0, 0, 3, 8.92
1701311412, 0, 68, 179, 166, 20, 2.64%, 0, 0, 3, 10.11
1701311524, 0, 69, 179, 165, 19, 2.64%, 0, 0, 3, 8.84
1701312872, 0, 69, 180, 166, 19, 2.64%, 0, 0, 3, 9.47
1701312876, 0, 69, 181, 167, 19, 2.64%, 0, 0, 3, 9.73
1701312913, 0, 83, 181, 166, 18, 2.64%, 0, 0, 3, 9.37
1701313775, 0, 104, 181, 165, 17, 2.64%, 0, 0, 3, 8.49
1701315705, 0, 104, 182, 166, 17, 2.64%, 0, 0, 3, 8.11
1701315715, 0, 106, 182, 165, 17, 2.64%, 0, 0, 3, 9.69
1701316473, 0, 106, 183, 166, 17, 2.64%, 0, 0, 3, 8.31
1701316494, 0, 122, 183, 165, 17, 2.64%, 0, 0, 3, 8.95
1701316602, 0, 122, 184, 166, 17, 2.64%, 0, 0, 3, 7.75
1701316612, 0, 122, 185, 167, 17, 2.64%, 0, 0, 3, 7.66
1701316853, 0, 122, 186, 168, 17, 2.64%, 0, 0, 3, 8.22
1701318793, 0, 123, 186, 167, 17, 2.64%, 0, 0, 3, 7.54
1701319855, 0, 123, 187, 168, 17, 2.64%, 0, 0, 3, 7.30
1701319875, 0, 131, 187, 167, 16, 2.64%, 0, 0, 3, 8.80
1701321437, 0, 131, 188, 168, 16, 2.64%, 0, 0, 4, 8.00
1701321442, 0, 131, 189, 169, 16, 2.64%, 0, 0, 4, 7.99
1701321488, 0, 132, 189, 168, 15, 2.64%, 0, 0, 4, 7.44
1701321508, 0, 132, 191, 170, 15, 2.64%, 0, 0, 4, 7.69
1701323359, 0, 132, 192, 171, 15, 2.64%, 0, 0, 4, 8.02
1701323369, 0, 132, 193, 172, 15, 2.64%, 0, 0, 4, 8.66
1701323379, 0, 132, 194, 173, 15, 2.64%, 0, 0, 4, 8.83
1701323400, 0, 132, 195, 174, 15, 2.64%, 0, 0, 4, 7.81
1701323426, 0, 132, 196, 175, 15, 2.64%, 0, 0, 4, 7.31
1701323456, 0, 132, 197, 176, 15, 2.64%, 0, 0, 4, 6.93
1701323482, 0, 132, 198, 177, 15, 2.64%, 0, 0, 4, 8.69
1701323590, 0, 132, 199, 178, 15, 2.67%, 0, 0, 4, 9.37
1701323620, 0, 132, 201, 180, 15, 2.67%, 0, 0, 4, 8.22
1701323724, 0, 132, 202, 181, 15, 2.67%, 0, 0, 4, 8.59
1701323765, 0, 133, 202, 180, 15, 2.67%, 0, 0, 4, 8.24
1701324815, 0, 133, 203, 181, 15, 2.67%, 0, 0, 4, 9.51
1701324825, 0, 133, 204, 182, 15, 2.67%, 0, 0, 4, 9.00
1701324836, 0, 133, 205, 183, 15, 2.67%, 0, 0, 4, 9.80
1701324897, 0, 135, 205, 182, 14, 2.67%, 0, 0, 4, 8.98
1701325154, 0, 135, 206, 183, 14, 2.67%, 0, 0, 4, 8.11
1701325159, 0, 135, 207, 184, 14, 2.67%, 0, 0, 4, 7.55
1701326056, 0, 135, 208, 185, 14, 2.67%, 0, 0, 4, 9.42
1701327239, 0, 135, 209, 186, 14, 2.67%, 0, 0, 4, 9.12
1701327351, 0, 149, 209, 185, 14, 2.67%, 0, 0, 4, 8.32
1701329223, 0, 149, 210, 186, 14, 2.67%, 0, 0, 4, 7.93
1701329244, 0, 152, 210, 185, 13, 2.67%, 0, 0, 4, 8.15
1701330685, 0, 156, 210, 184, 12, 2.67%, 0, 0, 4, 8.37
1701331454, 0, 157, 210, 183, 11, 2.67%, 0, 0, 4, 8.67
1701331963, 0, 157, 211, 184, 11, 2.67%, 0, 0, 4, 8.70
1701332723, 0, 163, 211, 183, 10, 2.67%, 0, 0, 4, 7.75
1701332816, 0, 163, 212, 184, 10, 2.67%, 0, 0, 4, 7.34
1701333571, 0, 165, 212, 183, 10, 2.67%, 0, 0, 4, 7.57
1701335442, 0, 169, 212, 182, 10, 2.67%, 0, 0, 4, 7.47
1701335453, 0, 169, 213, 183, 10, 2.67%, 0, 0, 4, 5.99
1701335608, 0, 169, 215, 185, 10, 2.73%, 0, 0, 4, 8.84
1701335613, 0, 169, 219, 189, 10, 2.75%, 0, 0, 4, 8.16
1701335618, 0, 169, 223, 193, 10, 2.77%, 0, 0, 4, 7.88
1701335623, 0, 169, 226, 196, 10, 2.84%, 0, 0, 4, 7.79
1701335629, 0, 169, 228, 198, 10, 2.84%, 0, 0, 4, 6.24
1701335634, 0, 169, 231, 201, 10, 2.87%, 0, 0, 4, 6.93
1701335639, 0, 169, 234, 204, 10, 2.88%, 0, 0, 4, 7.78
1701335644, 0, 169, 235, 205, 10, 2.88%, 0, 0, 4, 7.70
1701335649, 0, 169, 238, 208, 10, 2.88%, 0, 0, 4, 7.23
1701335654, 0, 169, 240, 210, 10, 2.89%, 0, 0, 4, 7.63
1701335659, 0, 169, 242, 212, 10, 2.89%, 0, 0, 4, 7.92
1701335665, 0, 169, 245, 215, 10, 2.89%, 0, 0, 4, 6.78
1701335808, 0, 169, 246, 216, 10, 2.89%, 0, 0, 4, 7.18
1701335813, 0, 169, 247, 217, 10, 2.91%, 0, 0, 4, 7.05
1701335829, 0, 169, 248, 218, 10, 2.91%, 0, 0, 4, 6.76
1701335844, 0, 169, 249, 219, 10, 2.97%, 0, 0, 4, 7.83
1701335967, 0, 169, 250, 220, 10, 2.97%, 0, 0, 4, 8.49
1701335972, 0, 169, 251, 221, 10, 2.97%, 0, 0, 4, 6.80
1701335988, 0, 169, 252, 222, 10, 2.98%, 0, 0, 4, 7.23
1701335993, 0, 169, 254, 224, 10, 2.98%, 0, 0, 4, 8.31
1701336537, 0, 169, 255, 225, 10, 2.98%, 0, 0, 4, 8.72
1701336543, 0, 169, 258, 228, 10, 2.98%, 0, 0, 4, 8.47
1701336558, 0, 169, 259, 229, 10, 2.98%, 0, 0, 4, 6.73
1701336589, 0, 169, 260, 230, 10, 2.98%, 0, 0, 4, 6.13
1701336620, 0, 169, 261, 231, 10, 2.98%, 0, 0, 4, 5.29
1701336631, 0, 169, 262, 232, 10, 2.98%, 0, 0, 4, 5.89
1701336636, 0, 169, 263, 233, 10, 2.98%, 0, 0, 4, 6.98
1701336667, 0, 169, 264, 234, 10, 2.98%, 0, 0, 4, 7.72
1701336672, 0, 169, 265, 235, 10, 2.98%, 0, 0, 4, 7.78
1701336677, 0, 169, 266, 236, 10, 2.98%, 0, 0, 4, 6.99
1701336687, 0, 169, 268, 238, 10, 2.98%, 0, 0, 4, 7.22
1701336692, 0, 169, 269, 239, 10, 2.98%, 0, 0, 4, 6.67
1701336708, 0, 169, 270, 240, 10, 2.98%, 0, 0, 4, 7.53
1701336713, 0, 169, 271, 241, 10, 2.98%, 0, 0, 4, 7.75
1701336718, 0, 169, 272, 242, 10, 2.99%, 0, 0, 4, 7.85
1701336729, 0, 169, 274, 244, 10, 2.99%, 0, 0, 4, 6.73
1701336739, 0, 169, 276, 246, 10, 2.99%, 0, 0, 4, 5.71
1701336744, 0, 169, 277, 247, 10, 2.99%, 0, 0, 4, 6.73
1701336858, 0, 169, 278, 248, 10, 2.99%, 0, 0, 4, 7.63
1701337131, 0, 169, 279, 249, 10, 2.99%, 0, 0, 4, 7.79
1701337644, 0, 169, 280, 250, 10, 2.99%, 0, 0, 4, 7.25
1701337757, 0, 169, 281, 251, 10, 2.99%, 0, 0, 4, 8.02
1701337799, 0, 169, 284, 254, 10, 2.99%, 0, 0, 4, 6.82
1701337809, 0, 169, 285, 255, 10, 2.99%, 0, 0, 4, 7.98
1701337814, 0, 169, 287, 257, 10, 2.99%, 0, 0, 4, 7.74
1701337819, 0, 169, 288, 258, 10, 2.99%, 0, 0, 4, 7.55
1701337824, 0, 169, 289, 259, 10, 2.99%, 0, 0, 4, 8.04
1701337840, 0, 169, 290, 260, 10, 2.99%, 0, 0, 4, 8.69
1701337845, 0, 169, 291, 261, 10, 2.99%, 0, 0, 4, 8.03
1701337855, 0, 169, 292, 262, 10, 2.99%, 0, 0, 4, 7.91
1701337860, 0, 169, 294, 264, 10, 2.99%, 0, 0, 4, 7.48
1701337865, 0, 169, 295, 265, 10, 2.99%, 0, 0, 4, 8.25
1701337870, 0, 169, 296, 266, 10, 2.99%, 0, 0, 4, 8.46
1701337875, 0, 169, 297, 267, 10, 2.99%, 0, 0, 4, 7.99
1701337886, 0, 169, 299, 269, 10, 2.99%, 0, 0, 4, 7.36
1701337891, 0, 169, 300, 270, 10, 2.99%, 0, 0, 4, 7.12
1701337901, 0, 169, 301, 271, 10, 3.00%, 0, 0, 4, 6.81
1701337911, 0, 169, 302, 272, 10, 3.00%, 0, 0, 4, 8.47
1701337927, 0, 169, 304, 274, 10, 3.00%, 0, 0, 4, 8.33
1701337932, 0, 169, 305, 275, 10, 3.00%, 0, 0, 4, 8.37
1701337947, 0, 169, 306, 276, 10, 3.00%, 0, 0, 4, 8.51
1701337952, 0, 169, 307, 277, 10, 3.00%, 0, 0, 4, 8.83
1701337963, 0, 169, 308, 278, 10, 3.00%, 0, 0, 4, 8.19
1701337973, 0, 169, 309, 279, 10, 3.00%, 0, 0, 4, 7.04
1701337983, 0, 169, 310, 280, 10, 3.00%, 0, 0, 4, 7.79
1701338004, 0, 169, 312, 282, 10, 3.00%, 0, 0, 4, 6.98
1701338014, 0, 169, 313, 283, 10, 3.00%, 0, 0, 4, 7.32
1701338029, 0, 169, 315, 285, 10, 3.00%, 0, 0, 4, 8.74
1701338039, 0, 169, 316, 286, 10, 3.01%, 0, 0, 4, 8.71
1701338060, 0, 169, 317, 287, 10, 3.01%, 0, 0, 4, 8.95
1701338065, 0, 169, 320, 290, 10, 3.06%, 0, 0, 4, 8.19
1701338071, 0, 169, 322, 292, 10, 3.06%, 0, 0, 4, 8.42
1701338097, 0, 169, 323, 293, 10, 3.06%, 0, 0, 4, 8.32
1701338127, 0, 169, 324, 294, 10, 3.06%, 0, 0, 4, 8.95
1701338132, 0, 169, 326, 296, 10, 3.06%, 0, 0, 4, 8.97
1701338148, 0, 175, 326, 295, 33, 3.06%, 0, 0, 4, 1.04
1701339152, 0, 181, 326, 294, 32, 3.06%, 0, 0, 4, 7.95
1701341057, 0, 181, 327, 295, 32, 3.06%, 0, 0, 4, 8.92
1701341082, 0, 182, 327, 294, 31, 3.06%, 0, 0, 4, 9.57
1701341816, 0, 182, 328, 295, 31, 3.06%, 0, 0, 4, 7.71
1701341826, 0, 182, 330, 297, 31, 3.06%, 0, 0, 4, 10.33
1701341887, 0, 182, 331, 298, 31, 3.06%, 0, 0, 4, 8.32
1701341995, 0, 188, 331, 297, 32, 3.06%, 0, 0, 4, 9.68
1701342717, 0, 188, 332, 298, 32, 3.06%, 0, 0, 5, 7.31
1701342764, 0, 198, 332, 297, 31, 3.06%, 0, 0, 5, 8.61
1701342805, 0, 198, 335, 300, 31, 3.06%, 0, 0, 5, 7.82
1701342815, 0, 198, 336, 301, 31, 3.07%, 0, 0, 5, 6.91
1701342820, 0, 198, 338, 303, 31, 3.07%, 0, 0, 5, 6.92
1701342841, 0, 198, 339, 304, 31, 3.07%, 0, 0, 5, 6.76
1701342862, 0, 198, 340, 305, 31, 3.07%, 0, 0, 5, 7.70
1701342903, 0, 198, 341, 306, 31, 3.07%, 0, 0, 5, 8.20
1701342908, 0, 198, 342, 307, 31, 3.07%, 0, 0, 5, 8.35
1701342924, 0, 198, 343, 308, 31, 3.07%, 0, 0, 5, 8.42
1701342991, 0, 198, 344, 309, 31, 3.07%, 0, 0, 5, 7.07
1701343165, 0, 198, 345, 310, 31, 3.07%, 0, 0, 5, 6.41
1701343541, 0, 198, 346, 311, 31, 3.07%, 0, 0, 5, 7.69
1701343628, 0, 198, 347, 312, 31, 3.07%, 0, 0, 5, 6.55
1701343643, 0, 198, 348, 313, 31, 3.07%, 0, 0, 5, 6.82
1701343669, 0, 198, 349, 314, 31, 3.07%, 0, 0, 5, 7.61
1701343679, 0, 198, 350, 315, 31, 3.07%, 0, 0, 5, 8.68
1701343854, 0, 198, 351, 316, 31, 3.07%, 0, 0, 5, 7.75
1701343937, 0, 198, 352, 317, 31, 3.07%, 0, 0, 5, 7.75
1701344096, 0, 198, 353, 318, 31, 3.07%, 0, 0, 5, 7.85
1701344168, 0, 198, 354, 319, 31, 3.07%, 0, 0, 5, 5.83
1701345061, 0, 198, 355, 320, 31, 3.07%, 0, 0, 5, 6.51
1701345469, 0, 198, 356, 321, 31, 3.07%, 0, 0, 5, 7.18
1701346113, 0, 198, 357, 322, 31, 3.07%, 0, 0, 5, 7.26
1701346134, 0, 198, 358, 323, 31, 3.07%, 0, 0, 5, 8.05
1701346149, 0, 198, 359, 324, 31, 3.07%, 0, 0, 5, 8.43
1701346154, 0, 198, 361, 326, 31, 3.07%, 0, 0, 5, 9.22
1701346180, 0, 198, 362, 327, 31, 3.07%, 0, 0, 5, 8.47
1701346185, 0, 198, 363, 328, 31, 3.07%, 0, 0, 5, 7.64
1701346190, 0, 198, 364, 329, 31, 3.07%, 0, 0, 5, 8.45
1701346195, 0, 198, 365, 330, 31, 3.07%, 0, 0, 5, 9.07
1701346231, 0, 198, 366, 331, 31, 3.07%, 0, 0, 5, 9.85
1701346236, 0, 198, 367, 332, 31, 3.07%, 0, 0, 5, 9.33
1701346247, 0, 198, 368, 333, 31, 3.07%, 0, 0, 5, 8.30
1701346293, 0, 198, 369, 334, 31, 3.07%, 0, 0, 5, 7.08
1701346308, 0, 198, 370, 335, 31, 3.07%, 0, 0, 5, 6.94
1701346319, 0, 198, 371, 336, 31, 3.07%, 0, 0, 5, 6.52
1701346339, 0, 198, 372, 337, 31, 3.07%, 0, 0, 5, 8.66
1701346354, 0, 198, 373, 338, 31, 3.07%, 0, 0, 5, 8.66
1701346360, 0, 198, 374, 339, 31, 3.07%, 0, 0, 5, 8.77
1701346365, 0, 198, 375, 340, 31, 3.07%, 0, 0, 5, 8.05
1701346375, 0, 198, 376, 341, 31, 3.07%, 0, 0, 5, 7.76
1701346396, 0, 198, 377, 342, 31, 3.07%, 0, 0, 5, 8.68
1701346406, 0, 198, 378, 343, 31, 3.07%, 0, 0, 5, 8.04
1701346432, 0, 198, 379, 344, 31, 3.07%, 0, 0, 5, 7.60
1701346489, 0, 198, 380, 345, 31, 3.07%, 0, 0, 5, 7.97
1701346494, 0, 198, 381, 346, 31, 3.07%, 0, 0, 5, 8.78
1701346499, 0, 198, 382, 347, 31, 3.07%, 0, 0, 5, 8.89
1701346504, 0, 198, 383, 348, 31, 3.07%, 0, 0, 5, 8.40
1701346535, 0, 198, 384, 349, 31, 3.07%, 0, 0, 5, 6.83
1701346540, 0, 198, 385, 350, 31, 3.07%, 0, 0, 5, 6.91
1701346545, 0, 202, 385, 349, 31, 3.07%, 0, 0, 5, 7.08
1701346561, 0, 202, 386, 350, 31, 3.07%, 0, 0, 5, 9.31
1701347617, 0, 202, 388, 352, 31, 3.07%, 0, 0, 5, 7.96
1701347632, 0, 202, 389, 353, 31, 3.07%, 0, 0, 5, 8.70
1701347684, 0, 202, 390, 354, 31, 3.07%, 0, 0, 5, 8.34
1701347796, 0, 202, 391, 355, 31, 3.07%, 0, 0, 5, 7.89
1701347807, 0, 202, 392, 356, 31, 3.07%, 0, 0, 5, 7.72
1701347817, 0, 202, 393, 357, 31, 3.07%, 0, 0, 5, 9.05
1701347869, 0, 202, 394, 358, 31, 3.07%, 0, 0, 5, 7.77
1701347884, 0, 202, 395, 359, 31, 3.07%, 0, 0, 5, 9.06
1701348002, 0, 205, 395, 358, 32, 3.07%, 0, 0, 5, 8.25
1701350333, 0, 207, 395, 357, 32, 3.07%, 0, 0, 5, 9.32
1701351456, 0, 207, 396, 358, 32, 3.07%, 0, 0, 5, 8.35
1701352723, 0, 211, 396, 357, 31, 3.07%, 0, 0, 5, 7.08
1701352964, 0, 211, 397, 358, 31, 3.07%, 0, 0, 5, 9.06
1701353613, 0, 222, 397, 357, 30, 3.07%, 0, 0, 5, 8.04
1701353783, 0, 222, 398, 358, 30, 3.07%, 0, 0, 5, 8.77
1701353794, 0, 222, 399, 359, 30, 3.07%, 0, 0, 5, 8.47
1701354760, 0, 222, 400, 360, 30, 3.07%, 0, 0, 5, 7.86
1701355948, 0, 222, 401, 361, 30, 3.07%, 0, 0, 5, 7.93
1701355963, 0, 222, 402, 362, 30, 3.07%, 0, 0, 5, 6.78
1701355989, 0, 222, 403, 363, 30, 3.07%, 0, 0, 5, 7.42
1701356009, 0, 222, 404, 364, 30, 3.07%, 0, 0, 5, 7.69
1701356132, 0, 222, 405, 365, 30, 3.07%, 0, 0, 5, 8.87
1701356178, 0, 222, 406, 366, 30, 3.07%, 0, 0, 5, 7.86
1701356302, 0, 222, 407, 367, 30, 3.07%, 0, 0, 5, 7.78
1701356364, 0, 222, 408, 368, 30, 3.08%, 0, 0, 5, 7.37
1701356369, 0, 225, 408, 367, 30, 3.08%, 0, 0, 5, 7.09
1701356832, 0, 225, 409, 368, 30, 3.08%, 0, 0, 5, 8.61
1701358443, 0, 232, 409, 367, 30, 3.08%, 0, 0, 5, 1.06
1701359592, 0, 232, 411, 369, 30, 3.09%, 0, 0, 5, 9.02
1701359653, 0, 232, 412, 370, 30, 3.09%, 0, 0, 5, 8.11
1701360866, 0, 232, 413, 371, 30, 3.09%, 0, 0, 5, 8.71
1701360887, 0, 232, 414, 372, 30, 3.09%, 0, 0, 5, 8.04
1701360965, 0, 240, 414, 371, 31, 3.09%, 0, 0, 5, 8.46
1701362016, 0, 240, 416, 373, 31, 3.09%, 0, 0, 5, 8.57
1701363017, 0, 240, 417, 374, 31, 3.09%, 0, 0, 5, 6.94
1701363042, 0, 240, 418, 375, 31, 3.09%, 0, 0, 5, 7.34
1701363114, 0, 246, 418, 374, 29, 3.09%, 0, 0, 5, 8.23
1701363427, 0, 246, 420, 376, 29, 3.09%, 0, 0, 5, 7.53
1701363433, 0, 246, 421, 377, 29, 3.09%, 0, 0, 5, 8.96
1701364209, 0, 246, 422, 378, 29, 3.09%, 0, 0, 5, 8.62
1701364214, 0, 246, 423, 379, 29, 3.09%, 0, 0, 5, 7.91
1701364219, 0, 246, 424, 380, 29, 3.10%, 0, 0, 5, 8.23
1701364430, 0, 246, 425, 381, 29, 3.10%, 0, 0, 5, 7.04
1701365470, 0, 246, 426, 382, 29, 3.10%, 0, 0, 5, 8.70
1701365475, 0, 246, 427, 383, 29, 3.10%, 0, 0, 5, 8.34
1701365516, 0, 246, 428, 384, 29, 3.10%, 0, 0, 5, 8.94
1701365531, 0, 246, 429, 385, 29, 3.10%, 0, 0, 5, 8.49
1701365546, 0, 246, 430, 386, 29, 3.10%, 0, 0, 5, 8.48
1701365613, 0, 246, 431, 387, 29, 3.11%, 0, 0, 5, 8.73
1701365618, 0, 246, 432, 388, 29, 3.11%, 0, 0, 5, 7.85
1701365700, 0, 246, 433, 389, 29, 3.11%, 0, 0, 5, 8.99
1701365721, 0, 246, 435, 391, 29, 3.11%, 0, 0, 5, 8.65
1701365731, 0, 246, 436, 392, 29, 3.11%, 0, 0, 5, 7.86
1701365792, 0, 246, 437, 393, 29, 3.11%, 0, 0, 5, 7.77
1701365844, 0, 246, 438, 394, 29, 3.11%, 0, 0, 5, 6.77
1701365859, 0, 246, 439, 395, 29, 3.12%, 0, 0, 5, 8.26
1701365870, 0, 248, 439, 394, 35, 3.12%, 0, 0, 5, 8.11
1701365890, 0, 248, 440, 395, 35, 3.12%, 0, 0, 5, 8.21
1701366547, 0, 248, 441, 396, 35, 3.12%, 0, 0, 5, 7.75
1701368408, 0, 258, 441, 395, 35, 3.12%, 0, 0, 5, 2.19
1701370451, 0, 258, 442, 396, 35, 3.12%, 0, 0, 5, 7.32
1701370497, 0, 287, 442, 395, 35, 3.12%, 0, 0, 5, 9.51
1701371532, 0, 302, 442, 394, 34, 3.12%, 0, 0, 5, 8.02
1701372077, 0, 317, 442, 393, 33, 3.12%, 0, 0, 5, 8.45
1701372804, 0, 317, 443, 394, 33, 3.12%, 0, 0, 5, 6.06
1701372861, 0, 317, 444, 395, 33, 3.12%, 0, 0, 5, 6.35
1701374418, 0, 317, 445, 396, 33, 3.12%, 0, 0, 5, 7.18
1701374449, 0, 322, 445, 395, 32, 3.12%, 0, 0, 5, 7.96
1701374644, 0, 322, 446, 396, 32, 3.12%, 0, 0, 5, 6.80
1701374655, 0, 322, 447, 397, 32, 3.12%, 0, 0, 5, 6.39
1701374665, 0, 322, 448, 398, 32, 3.12%, 0, 0, 5, 6.17
1701376551, 0, 322, 449, 399, 32, 3.12%, 0, 0, 5, 5.54
1701376556, 0, 322, 450, 400, 32, 3.12%, 0, 0, 5, 6.31
1701376587, 0, 322, 451, 401, 32, 3.12%, 0, 0, 5, 5.74
1701379061, 0, 329, 451, 400, 32, 3.12%, 0, 0, 5, 6.66
1701379086, 0, 329, 452, 401, 32, 3.12%, 0, 0, 5, 9.38
1701379985, 0, 329, 453, 402, 32, 3.12%, 0, 0, 5, 9.46
1701380020, 0, 333, 453, 401, 31, 3.12%, 0, 0, 5, 9.17
1701383233, 0, 333, 454, 402, 31, 3.12%, 0, 0, 6, 6.71
1701383387, 0, 333, 455, 403, 31, 3.12%, 0, 0, 6, 8.12
1701383392, 0, 333, 456, 404, 31, 3.12%, 0, 0, 6, 8.68
1701383433, 0, 333, 457, 405, 31, 3.12%, 0, 0, 6, 8.57
1701383484, 0, 333, 459, 407, 31, 3.12%, 0, 0, 6, 9.18
1701383525, 0, 333, 460, 408, 31, 3.12%, 0, 0, 6, 8.31
1701383536, 0, 333, 461, 409, 31, 3.12%, 0, 0, 6, 7.37
1701383561, 0, 333, 462, 410, 31, 3.12%, 0, 0, 6, 9.22
1701383572, 0, 333, 463, 411, 31, 3.12%, 0, 0, 6, 8.53
1701383582, 0, 333, 464, 412, 31, 3.12%, 0, 0, 6, 8.07
1701383602, 0, 333, 465, 413, 31, 3.12%, 0, 0, 6, 9.39
1701383623, 0, 333, 466, 414, 31, 3.12%, 0, 0, 6, 8.71
1701383648, 0, 333, 467, 415, 31, 3.12%, 0, 0, 6, 9.45
1701383694, 0, 333, 468, 416, 31, 3.12%, 0, 0, 6, 9.37
1701383776, 0, 335, 468, 415, 31, 3.12%, 0, 0, 6, 6.25
1701383858, 0, 335, 469, 416, 31, 3.12%, 0, 0, 6, 8.10
1701383868, 0, 335, 470, 417, 31, 3.12%, 0, 0, 6, 6.52
1701384038, 0, 335, 471, 418, 31, 3.13%, 0, 0, 6, 7.47
1701384043, 0, 335, 472, 419, 31, 3.13%, 0, 0, 6, 7.91
1701384073, 0, 335, 473, 420, 31, 3.13%, 0, 0, 6, 7.97
1701384650, 0, 335, 474, 421, 31, 3.14%, 0, 0, 6, 6.58
1701384665, 0, 335, 475, 422, 31, 3.14%, 0, 0, 6, 8.55
1701384681, 0, 335, 476, 423, 31, 3.14%, 0, 0, 6, 7.67
1701386096, 0, 338, 476, 422, 36, 3.14%, 0, 0, 6, 8.36
1701389710, 0, 348, 476, 421, 36, 3.14%, 0, 0, 6, 7.83
1701393291, 0, 348, 477, 422, 36, 3.14%, 0, 0, 6, 6.39
1701393348, 0, 349, 477, 421, 35, 3.14%, 0, 0, 6, 8.04
1701396930, 0, 349, 478, 422, 35, 3.14%, 0, 0, 6, 8.22
1701396956, 0, 349, 479, 423, 35, 3.14%, 0, 0, 6, 8.80
1701397013, 0, 351, 479, 422, 34, 3.14%, 0, 0, 6, 7.91
1701400594, 0, 351, 480, 423, 34, 3.14%, 0, 0, 6, 8.08
1701400604, 0, 351, 481, 424, 34, 3.14%, 0, 0, 6, 9.06
1701400615, 0, 351, 482, 425, 34, 3.16%, 0, 0, 6, 7.90
1701400635, 0, 351, 484, 427, 34, 3.16%, 0, 0, 6, 6.46
1701400656, 0, 351, 485, 428, 34, 3.16%, 0, 0, 6, 7.68
1701400671, 0, 351, 486, 429, 34, 3.16%, 0, 0, 6, 7.26
1701400738, 0, 351, 487, 430, 34, 3.16%, 0, 0, 6, 8.13
1701400754, 0, 351, 488, 431, 34, 3.16%, 0, 0, 6, 7.62
1701400846, 0, 351, 489, 432, 34, 3.16%, 0, 0, 6, 9.55
1701400913, 0, 351, 490, 433, 34, 3.16%, 0, 0, 6, 7.19
1701401005, 0, 363, 490, 432, 34, 3.16%, 0, 0, 6, 8.86
1701401330, 0, 363, 491, 433, 34, 3.16%, 0, 0, 6, 7.14
1701402024, 0, 363, 492, 434, 34, 3.16%, 0, 0, 6, 6.32
1701403499, 0, 372, 492, 433, 33, 3.16%, 0, 0, 6, 9.41
1701406270, 0, 381, 492, 432, 32, 3.16%, 0, 0, 6, 7.04
1701406796, 0, 381, 493, 433, 32, 3.16%, 0, 0, 6, 8.31
1701409635, 0, 381, 494, 434, 32, 3.16%, 0, 0, 6, 6.46
1701409847, 0, 385, 494, 433, 32, 3.16%, 0, 0, 6, 7.37
1701410874, 0, 403, 494, 432, 31, 3.16%, 0, 0, 6, 0.64
1701412250, 0, 407, 494, 431, 31, 3.16%, 0, 0, 6, 8.40
1701414642, 0, 407, 495, 432, 31, 3.16%, 0, 0, 6, 8.21
1701414677, 0, 408, 495, 431, 30, 3.16%, 0, 0, 6, 8.49
1701415776, 0, 408, 496, 432, 30, 3.16%, 0, 0, 6, 7.85
1701417240, 0, 408, 498, 434, 30, 3.16%, 0, 0, 6, 8.32
1701417275, 0, 408, 499, 435, 30, 3.16%, 0, 0, 6, 8.66
1701417321, 0, 408, 500, 436, 30, 3.16%, 0, 0, 6, 7.84
1701417465, 0, 408, 501, 437, 30, 3.16%, 0, 0, 6, 8.83
1701417634, 0, 408, 502, 438, 30, 3.16%, 0, 0, 6, 8.43
1701417639, 0, 409, 502, 437, 31, 3.16%, 0, 0, 6, 7.92
1701419868, 0, 409, 504, 439, 31, 3.16%, 0, 0, 6, 7.59
1701419925, 0, 409, 505, 440, 31, 3.16%, 0, 0, 6, 7.34
1701419961, 0, 409, 506, 441, 31, 3.16%, 0, 0, 6, 6.87
1701420064, 0, 409, 507, 442, 31, 3.16%, 0, 0, 6, 7.15
1701420125, 0, 409, 508, 443, 31, 3.16%, 0, 0, 6, 8.30
1701420146, 0, 409, 509, 444, 31, 3.16%, 0, 0, 6, 7.22
1701420207, 0, 409, 510, 445, 31, 3.16%, 0, 0, 6, 7.80
1701420238, 0, 409, 511, 446, 31, 3.16%, 0, 0, 6, 7.52
1701420301, 0, 414, 511, 445, 30, 3.16%, 0, 0, 6, 8.29
1701420630, 0, 414, 512, 446, 30, 3.16%, 0, 0, 6, 8.02
1701422523, 0, 415, 512, 445, 29, 3.16%, 0, 0, 6, 8.63
1701422846, 0, 415, 513, 446, 29, 3.16%, 0, 0, 6, 7.33
1701424696, 0, 415, 514, 447, 29, 3.16%, 0, 0, 6, 7.99
1701424728, 0, 420, 514, 446, 28, 3.16%, 0, 0, 6, 7.16
1701427123, 0, 421, 514, 445, 27, 3.16%, 0, 0, 6, 8.21
1701429459, 0, 421, 515, 446, 27, 3.16%, 0, 0, 6, 8.46
1701429510, 0, 422, 515, 445, 26, 3.16%, 0, 0, 6, 7.95
1701429844, 0, 422, 516, 446, 26, 3.16%, 0, 0, 6, 6.97
1701431714, 0, 423, 516, 445, 25, 3.16%, 0, 0, 6, 7.62
1701434084, 0, 424, 516, 444, 24, 3.16%, 0, 0, 6, 7.36
1701436406, 0, 428, 516, 443, 23, 3.16%, 0, 0, 6, 1.82
1701441177, 0, 430, 516, 442, 22, 3.16%, 0, 0, 6, 7.65
1701441454, 0, 430, 517, 443, 22, 3.17%, 0, 0, 6, 8.36
1701441942, 0, 430, 518, 444, 22, 3.17%, 0, 0, 6, 8.28
1701442639, 0, 430, 519, 445, 22, 3.17%, 0, 0, 6, 8.33
1701442649, 0, 430, 520, 446, 22, 3.17%, 0, 0, 6, 9.22
1701442665, 0, 430, 521, 447, 22, 3.17%, 0, 0, 6, 8.66
1701442788, 0, 430, 522, 448, 22, 3.17%, 0, 0, 6, 8.60
1701442932, 0, 430, 523, 449, 22, 3.17%, 0, 0, 6, 8.23
1701442974, 0, 430, 524, 450, 22, 3.17%, 0, 0, 6, 8.16
1701443031, 0, 437, 524, 449, 23, 3.17%, 0, 0, 6, 0.91
1701443257, 0, 437, 525, 450, 23, 3.17%, 0, 0, 6, 5.46
1701444704, 0, 437, 526, 451, 23, 3.17%, 0, 0, 6, 6.16
1701446503, 0, 439, 526, 450, 23, 3.17%, 0, 0, 6, 8.48
1701448665, 0, 439, 527, 451, 23, 3.17%, 0, 0, 6, 8.27
1701448716, 0, 450, 527, 450, 22, 3.17%, 0, 0, 6, 3.86
1701449082, 0, 450, 528, 451, 22, 3.17%, 0, 0, 6, 6.42
1701453417, 0, 450, 529, 452, 22, 3.17%, 0, 0, 6, 8.50
1701453432, 0, 450, 530, 453, 22, 3.17%, 0, 0, 6, 8.53
1701453483, 0, 464, 530, 452, 23, 3.17%, 0, 0, 6, 9.25
1701456149, 0, 468, 530, 451, 22, 3.17%, 0, 0, 6, 8.60
1701457079, 0, 468, 531, 452, 22, 3.17%, 0, 0, 7, 7.48
1701458595, 0, 468, 532, 453, 22, 3.17%, 0, 0, 7, 7.72
1701458600, 0, 468, 533, 454, 22, 3.17%, 0, 0, 7, 8.13
1701458641, 0, 468, 534, 455, 22, 3.17%, 0, 0, 7, 7.70
1701458646, 0, 468, 535, 456, 22, 3.17%, 0, 0, 7, 7.72
1701458698, 0, 468, 536, 457, 22, 3.17%, 0, 0, 7, 7.21
1701458825, 0, 468, 537, 458, 22, 3.17%, 0, 0, 7, 9.42
1701458898, 0, 468, 538, 459, 22, 3.18%, 0, 0, 7, 8.12
1701458949, 0, 468, 539, 460, 22, 3.18%, 0, 0, 7, 8.33
1701458980, 0, 470, 539, 459, 23, 3.18%, 0, 0, 7, 8.11
1701459861, 0, 470, 540, 460, 23, 3.18%, 0, 0, 7, 6.91
1701461229, 0, 470, 541, 461, 23, 3.18%, 0, 0, 7, 9.16
1701461265, 0, 471, 541, 460, 22, 3.18%, 0, 0, 7, 8.39
1701461666, 0, 471, 542, 461, 22, 3.18%, 0, 0, 7, 7.72
1701462091, 0, 471, 543, 462, 22, 3.18%, 0, 0, 7, 6.93
1701463521, 0, 471, 544, 463, 22, 3.18%, 0, 0, 7, 8.12
1701463526, 0, 471, 545, 464, 22, 3.18%, 0, 0, 7, 7.65
1701463546, 0, 471, 546, 465, 22, 3.18%, 0, 0, 7, 9.07
1701463664, 0, 471, 547, 466, 22, 3.18%, 0, 0, 7, 8.17
1701463726, 0, 471, 548, 467, 22, 3.18%, 0, 0, 7, 8.31
1701463767, 0, 471, 549, 468, 22, 3.18%, 0, 0, 7, 8.45
1701463808, 0, 471, 550, 469, 22, 3.18%, 0, 0, 7, 7.88
1701463910, 0, 472, 550, 468, 24, 3.18%, 0, 0, 7, 7.85
1701465099, 0, 472, 551, 469, 24, 3.18%, 0, 0, 7, 7.81
1701466732, 0, 473, 551, 468, 23, 3.18%, 0, 0, 7, 9.61
1701467609, 0, 473, 552, 469, 23, 3.18%, 0, 0, 7, 6.25
1701469093, 0, 474, 552, 468, 22, 3.18%, 0, 0, 7, 7.93
