# unix_time, cycles_done, cur_path, paths_total, pending_total, pending_favs, map_size, unique_crashes, unique_hangs, max_depth, execs_per_sec
1701125256, 0, 0, 1, 1, 1, 0.25%, 0, 0, 1, 58.82
1701125261, 0, 0, 2, 2, 1, 0.27%, 0, 0, 2, 45.91
1701125266, 0, 0, 11, 11, 1, 0.32%, 0, 0, 2, 35.92
1701125297, 0, 0, 12, 12, 1, 0.32%, 0, 0, 2, 39.31
1701125302, 0, 0, 14, 14, 1, 0.36%, 0, 0, 2, 32.63
1701125317, 0, 0, 15, 15, 1, 0.38%, 0, 0, 2, 37.78
1701125353, 0, 0, 20, 20, 1, 0.38%, 0, 0, 2, 42.64
1701125424, 0, 0, 21, 21, 1, 0.38%, 0, 0, 2, 49.80
1701125516, 0, 0, 22, 22, 1, 0.38%, 0, 0, 2, 35.17
1701125531, 0, 0, 24, 24, 1, 0.39%, 0, 0, 2, 41.92
1701125552, 0, 0, 26, 26, 1, 0.39%, 0, 0, 2, 48.20
1701125602, 0, 0, 27, 27, 1, 0.39%, 0, 0, 2, 43.74
1701125633, 0, 0, 28, 28, 1, 0.40%, 0, 0, 2, 47.21
1701125918, 0, 0, 30, 30, 1, 0.40%, 1, 0, 2, 54.69
1701126315, 0, 0, 32, 32, 1, 0.40%, 1, 0, 2, 41.91
1701126830, 0, 0, 33, 33, 1, 0.41%, 1, 0, 2, 45.02
1701126851, 0, 4, 33, 31, 15, 0.41%, 1, 0, 2, 38.24
1701126856, 0, 5, 33, 30, 14, 0.41%, 1, 0, 2, 40.09
1701126891, 0, 5, 34, 31, 14, 0.41%, 1, 0, 3, 44.80
1701127115, 0, 5, 35, 32, 14, 0.41%, 1, 0, 3, 46.74
1701127126, 0, 5, 36, 33, 14, 0.41%, 1, 0, 3, 40.30
1701127187, 0, 5, 37, 34, 14, 0.41%, 1, 0, 3, 39.65
1701128456, 0, 5, 38, 35, 14, 0.41%, 1, 0, 3, 34.89
1701128482, 0, 7, 38, 34, 14, 0.41%, 1, 0, 3, 27.32
1701128487, 0, 14, 38, 33, 13, 0.41%, 1, 0, 3, 33.86
1701128492, 0, 20, 38, 32, 12, 0.41%, 1, 0, 3, 36.57
1701128497, 0, 22, 38, 31, 11, 0.41%, 1, 0, 3, 46.96
1701128502, 0, 26, 38, 29, 9, 0.41%, 1, 0, 3, 45.77
1701128507, 0, 26, 39, 30, 9, 0.41%, 1, 0, 3, 35.94
1701128569, 0, 26, 40, 31, 9, 0.41%, 1, 0, 3, 24.01
1701128717, 0, 26, 41, 32, 9, 0.41%, 1, 0, 3, 27.86
1701128895, 0, 26, 42, 33, 9, 0.41%, 1, 0, 3, 39.28
1701128982, 0, 26, 43, 34, 9, 0.41%, 1, 0, 3, 45.79
1701130126, 0, 26, 44, 35, 9, 0.41%, 1, 0, 3, 30.56
1701130151, 0, 26, 45, 36, 9, 0.41%, 1, 0, 3, 46.48
1701130157, 0, 26, 46, 37, 9, 0.41%, 1, 0, 3, 45.59
1701130228, 0, 27, 46, 36, 13, 0.41%, 1, 0, 3, 38.04
1701130447, 0, 27, 47, 37, 13, 0.41%, 1, 0, 3, 41.89
1701130666, 0, 27, 48, 38, 13, 0.41%, 2, 0, 3, 45.68
1701131314, 0, 28, 48, 37, 10, 0.41%, 2, 0, 3, 43.64
1701131472, 0, 28, 49, 38, 10, 0.41%, 2, 0, 3, 38.71
1701132911, 0, 31, 49, 37, 9, 0.41%, 2, 0, 3, 27.74
1701132921, 0, 32, 49, 36, 8, 0.41%, 2, 0, 3, 36.47
1701134098, 0, 34, 49, 35, 7, 0.41%, 2, 0, 3, 41.30
1701134103, 0, 36, 49, 34, 6, 0.41%, 2, 0, 3, 39.70
1701134170, 0, 36, 50, 35, 6, 0.41%, 2, 0, 4, 36.39
1701134486, 0, 36, 51, 36, 6, 0.41%, 2, 0, 4, 38.20
1701134629, 0, 36, 52, 37, 6, 0.41%, 2, 0, 4, 25.99
1701134695, 0, 36, 53, 38, 6, 0.41%, 2, 0, 4, 38.24
1701135982, 0, 42, 53, 37, 6, 0.41%, 2, 0, 4, 34.14
1701135987, 0, 45, 53, 36, 5, 0.41%, 2, 0, 4, 37.20
1701135993, 0, 47, 53, 35, 4, 0.41%, 2, 0, 4, 42.71
1701136028, 0, 47, 54, 36, 4, 0.41%, 2, 0, 4, 47.65
1701137105, 0, 48, 54, 35, 3, 0.41%, 2, 0, 4, 34.69
1701137140, 0, 48, 55, 36, 3, 0.41%, 2, 0, 4, 47.50
1701137686, 0, 48, 56, 37, 3, 0.41%, 2, 0, 4, 45.65
1701138737, 0, 53, 56, 35, 2, 0.41%, 2, 0, 4, 36.43
1701138742, 0, 54, 56, 34, 1, 0.41%, 2, 0, 4, 29.18
1701138747, 0, 55, 56, 33, 1, 0.41%, 2, 0, 4, 39.53
1701138753, 1, 10, 56, 32, 0, 0.41%, 2, 0, 4, 40.30
1701138758, 1, 22, 56, 30, 0, 0.41%, 2, 0, 4, 38.47
1701139001, 1, 22, 57, 31, 0, 0.41%, 2, 0, 4, 38.69
1701140172, 1, 22, 58, 32, 0, 0.41%, 2, 0, 4, 45.24
1701140188, 1, 56, 58, 32, 2, 0.41%, 2, 0, 4, 36.13
1701140193, 1, 57, 58, 31, 1, 0.41%, 2, 0, 4, 34.71
1701141190, 2, 3, 58, 29, 0, 0.41%, 2, 0, 4, 43.49
1701141195, 2, 4, 58, 28, 0, 0.41%, 2, 0, 4, 43.11
1701141271, 2, 4, 59, 29, 0, 0.41%, 2, 0, 4, 40.02
1701141465, 2, 4, 60, 30, 0, 0.41%, 2, 0, 4, 49.44
1701141521, 2, 4, 61, 31, 0, 0.41%, 2, 0, 4, 35.85
1701142821, 2, 4, 62, 32, 0, 0.41%, 2, 0, 4, 39.74
1701142832, 2, 52, 62, 32, 4, 0.41%, 2, 0, 4, 46.31
1701142837, 2, 60, 62, 30, 2, 0.41%, 2, 0, 4, 45.25
1701143169, 2, 60, 63, 31, 2, 0.41%, 2, 0, 4, 43.65
1701143271, 2, 60, 64, 32, 2, 0.41%, 2, 0, 4, 35.27
1701144561, 2, 60, 65, 33, 2, 0.41%, 2, 0, 4, 36.05
1701144566, 2, 60, 66, 34, 2, 0.41%, 2, 0, 4, 37.70
1701144638, 2, 64, 66, 33, 2, 0.41%, 2, 0, 4, 38.18
1701147246, 2, 64, 67, 34, 2, 0.41%, 2, 0, 5, 42.59
1701147296, 2, 65, 67, 33, 2, 0.41%, 2, 0, 5, 44.27
1701154176, 2, 66, 67, 32, 1, 0.41%, 2, 0, 5, 36.15
1701154212, 3, 13, 67, 30, 0, 0.41%, 2, 0, 5, 31.20
1701154218, 3, 63, 67, 29, 1, 0.41%, 2, 0, 5, 31.80
1701154223, 3, 66, 67, 28, 0, 0.41%, 2, 0, 5, 33.95
1701181414, 3, 66, 68, 29, 0, 0.41%, 2, 0, 6, 32.08
1701181496, 3, 67, 68, 29, 1, 0.41%, 2, 0, 6, 31.61
1701181578, 4, 8, 68, 28, 0, 0.41%, 2, 0, 6, 33.35
1701181583, 4, 25, 68, 26, 0, 0.41%, 2, 0, 6, 37.86
1701181588, 4, 30, 68, 25, 0, 0.41%, 2, 0, 6, 36.17
1701181593, 5, 18, 68, 23, 1, 0.41%, 2, 0, 6, 46.82
1701181598, 5, 29, 68, 22, 1, 0.41%, 2, 0, 6, 43.29
1701183057, 5, 31, 68, 21, 0, 0.41%, 2, 0, 6, 29.38
1701183702, 5, 33, 68, 21, 0, 0.41%, 2, 0, 6, 27.84
1701183707, 5, 40, 68, 20, 0, 0.41%, 2, 0, 6, 37.57
1701183712, 5, 50, 68, 19, 0, 0.41%, 2, 0, 6, 44.04
1701183732, 5, 50, 69, 20, 0, 0.41%, 2, 0, 6, 50.60
1701183905, 5, 50, 70, 21, 0, 0.41%, 2, 0, 6, 45.54
1701184622, 5, 69, 70, 21, 1, 0.41%, 2, 0, 6, 46.45
1701184658, 5, 69, 71, 22, 1, 0.41%, 2, 0, 6, 40.65
1701185442, 5, 69, 72, 23, 1, 0.41%, 2, 0, 6, 39.67
1701185656, 5, 69, 73, 24, 1, 0.41%, 2, 0, 6, 47.32
1701185671, 5, 72, 73, 23, 1, 0.41%, 2, 0, 6, 47.59
1701186490, 5, 72, 74, 24, 1, 0.41%, 2, 0, 7, 47.54
1701186724, 5, 73, 74, 23, 1, 0.41%, 2, 0, 7, 40.05
1701186739, 6, 16, 74, 22, 0, 0.41%, 2, 0, 7, 43.35
1701186744, 6, 19, 74, 20, 0, 0.41%, 2, 0, 7, 42.90
1701186750, 6, 41, 74, 19, 0, 0.41%, 2, 0, 7, 35.70
1701186755, 6, 42, 75, 19, 0, 0.41%, 2, 0, 7, 40.22
1701186800, 6, 42, 76, 20, 0, 0.41%, 2, 0, 7, 45.25
1701186958, 6, 42, 77, 21, 0, 0.41%, 2, 0, 7, 49.60
1701187040, 6, 42, 78, 22, 0, 0.41%, 2, 0, 7, 38.11
1701187748, 6, 42, 79, 23, 0, 0.41%, 2, 0, 7, 43.78
1701187753, 6, 78, 79, 22, 1, 0.41%, 2, 0, 7, 39.33
1701189153, 6, 78, 80, 23, 1, 0.41%, 2, 0, 7, 41.96
1701189504, 6, 79, 80, 22, 1, 0.41%, 2, 0, 7, 46.75
1701189514, 7, 21, 80, 21, 0, 0.41%, 2, 0, 7, 33.45
1701189519, 7, 52, 80, 19, 0, 0.41%, 2, 0, 7, 44.21
1701189555, 7, 52, 81, 20, 0, 0.41%, 2, 0, 7, 49.87
1701189778, 7, 52, 82, 21, 0, 0.41%, 2, 0, 7, 54.61
1701189829, 7, 52, 83, 22, 0, 0.41%, 2, 0, 7, 49.70
1701190490, 7, 80, 83, 21, 2, 0.41%, 2, 0, 7, 48.83
1701190495, 7, 81, 83, 20, 1, 0.41%, 2, 0, 7, 48.07
1701191447, 8, 23, 83, 19, 0, 0.41%, 2, 0, 7, 51.25
1701191950, 8, 34, 83, 19, 0, 0.41%, 2, 0, 7, 29.67
1701192494, 8, 56, 83, 19, 0, 0.41%, 2, 0, 7, 43.25
1701192514, 8, 56, 84, 20, 0, 0.41%, 2, 0, 7, 49.15
1701193491, 8, 83, 84, 20, 1, 0.41%, 2, 0, 7, 42.61
1701193496, 9, 37, 84, 18, 0, 0.41%, 2, 0, 7, 39.59
1701193501, 9, 38, 84, 17, 0, 0.41%, 2, 0, 7, 44.29
1701193506, 9, 51, 84, 16, 0, 0.41%, 2, 0, 7, 41.39
1701193511, 9, 68, 84, 14, 0, 0.41%, 2, 0, 7, 43.14
1701193516, 9, 77, 84, 12, 0, 0.41%, 2, 0, 7, 43.76
1701193521, 9, 79, 84, 11, 0, 0.41%, 2, 0, 7, 34.02
1701193649, 9, 79, 85, 12, 0, 0.41%, 2, 0, 7, 32.19
1701193756, 9, 79, 86, 13, 0, 0.41%, 2, 0, 7, 32.86
1701193935, 9, 79, 87, 14, 0, 0.41%, 2, 0, 7, 39.46
1701194251, 9, 79, 88, 15, 0, 0.41%, 2, 0, 7, 18.45
1701195354, 9, 79, 89, 16, 0, 0.41%, 2, 0, 7, 35.22
1701195492, 9, 86, 89, 15, 2, 0.41%, 2, 0, 7, 41.66
1701195497, 9, 87, 89, 14, 1, 0.41%, 2, 0, 7, 38.79
1701197473, 10, 16, 89, 12, 0, 0.41%, 2, 0, 7, 45.71
1701198955, 10, 63, 89, 12, 0, 0.41%, 2, 0, 7, 37.42
1701199153, 10, 63, 90, 13, 0, 0.41%, 2, 0, 7, 46.74
1701199230, 10, 63, 91, 14, 0, 0.41%, 2, 0, 7, 46.18
1701199891, 10, 89, 91, 14, 2, 0.41%, 2, 0, 7, 45.71
1701199896, 11, 14, 91, 12, 0, 0.41%, 2, 0, 7, 51.42
1701201466, 11, 39, 91, 12, 0, 0.41%, 2, 0, 7, 37.32
1701201471, 11, 89, 91, 11, 0, 0.41%, 2, 0, 7, 33.33
1701202464, 11, 90, 91, 11, 0, 0.41%, 2, 0, 7, 41.64
1701203494, 12, 2, 91, 11, 0, 0.41%, 2, 0, 7, 47.23
1701204009, 12, 49, 91, 10, 0, 0.41%, 2, 0, 7, 42.39
1701204014, 12, 54, 91, 9, 0, 0.41%, 2, 0, 7, 37.05
1701204289, 12, 54, 92, 10, 0, 0.41%, 2, 0, 7, 45.35
1701205170, 12, 88, 92, 10, 2, 0.41%, 2, 0, 7, 34.17
1701207020, 12, 91, 92, 9, 1, 0.41%, 2, 0, 7, 41.93
1701207835, 12, 91, 93, 10, 1, 0.41%, 2, 0, 7, 37.42
1701208263, 12, 91, 94, 11, 1, 0.41%, 2, 0, 7, 49.30
1701208354, 12, 91, 95, 12, 1, 0.41%, 2, 0, 7, 43.51
1701208465, 12, 91, 96, 13, 1, 0.41%, 2, 0, 7, 45.87
1701208598, 12, 92, 96, 12, 3, 0.41%, 2, 0, 7, 42.90
1701208675, 12, 94, 96, 11, 2, 0.41%, 2, 0, 7, 42.59
1701209295, 12, 95, 96, 10, 1, 0.41%, 2, 0, 7, 45.74
1701209484, 12, 95, 97, 11, 1, 0.41%, 2, 0, 7, 43.99
1701210238, 12, 96, 97, 10, 1, 0.41%, 2, 0, 7, 48.60
1701211200, 13, 51, 97, 9, 0, 0.41%, 2, 0, 7, 39.73
1701212166, 14, 58, 97, 9, 0, 0.41%, 2, 0, 7, 36.55
1701212705, 15, 2, 97, 9, 0, 0.41%, 2, 0, 7, 48.53
1701212710, 15, 43, 97, 9, 0, 0.41%, 2, 0, 7, 41.71
1701212725, 15, 61, 97, 8, 0, 0.41%, 2, 0, 7, 40.71
1701212761, 15, 85, 97, 7, 0, 0.41%, 2, 0, 7, 35.22
1701212766, 16, 2, 97, 5, 0, 0.41%, 2, 0, 7, 36.24
1701212786, 17, 14, 97, 5, 0, 0.41%, 2, 0, 7, 45.26
1701212797, 18, 14, 97, 5, 0, 0.41%, 2, 0, 7, 44.85
1701212812, 18, 23, 97, 5, 0, 0.41%, 2, 0, 7, 42.48
1701212817, 18, 32, 97, 5, 0, 0.41%, 2, 0, 7, 46.94
1701212827, 18, 34, 97, 5, 0, 0.41%, 2, 0, 7, 40.71
1701212837, 18, 82, 97, 5, 0, 0.41%, 2, 0, 7, 30.85
1701213881, 18, 92, 97, 4, 0, 0.41%, 2, 0, 7, 51.05
1701213886, 19, 23, 97, 4, 0, 0.41%, 2, 0, 7, 48.72
1701213911, 19, 32, 97, 4, 0, 0.41%, 2, 0, 7, 48.05
1701213927, 19, 32, 99, 6, 0, 0.41%, 2, 0, 7, 40.47
1701213932, 19, 98, 99, 6, 1, 0.41%, 2, 0, 7, 40.87
1701215842, 20, 16, 99, 5, 0, 0.41%, 2, 0, 7, 47.09
1701215847, 20, 34, 99, 5, 0, 0.41%, 2, 0, 7, 46.93
1701215872, 20, 92, 99, 5, 0, 0.41%, 2, 0, 7, 36.92
1701217482, 20, 97, 99, 5, 0, 0.41%, 2, 0, 7, 20.14
1701217498, 21, 16, 99, 4, 0, 0.41%, 2, 0, 7, 45.06
1701217513, 21, 31, 99, 4, 0, 0.41%, 2, 0, 7, 46.87
1701217518, 21, 44, 99, 4, 0, 0.41%, 2, 0, 7, 40.17
1701217523, 21, 67, 99, 3, 0, 0.41%, 2, 0, 7, 35.39
1701217533, 22, 67, 99, 3, 0, 0.41%, 2, 0, 7, 38.90
1701217544, 22, 73, 99, 3, 0, 0.41%, 2, 0, 7, 42.44
1701219176, 22, 73, 100, 4, 0, 0.41%, 2, 0, 8, 43.46
1701219284, 22, 99, 100, 4, 1, 0.41%, 2, 0, 8, 39.84
1701219304, 23, 59, 100, 3, 0, 0.41%, 2, 0, 8, 31.98
1701219309, 23, 67, 100, 2, 0, 0.41%, 2, 0, 8, 34.51
1701219320, 24, 57, 100, 2, 0, 0.41%, 2, 0, 8, 40.97
1701219330, 24, 58, 100, 2, 0, 0.41%, 2, 0, 8, 36.99
1701219340, 24, 67, 100, 2, 0, 0.41%, 2, 0, 8, 36.63
1701219350, 24, 99, 100, 1, 0, 0.41%, 2, 0, 8, 34.70
1701221563, 24, 99, 101, 2, 0, 0.41%, 2, 0, 9, 47.82
1701221604, 24, 99, 102, 3, 0, 0.41%, 2, 0, 9, 48.24
1701221822, 24, 101, 102, 3, 1, 0.41%, 2, 0, 9, 44.67
1701221873, 24, 101, 103, 4, 1, 0.41%, 2, 0, 10, 52.42
1701221894, 24, 101, 104, 5, 1, 0.41%, 2, 0, 10, 50.95
1701226098, 24, 101, 105, 6, 1, 0.41%, 2, 0, 10, 36.74
1701226441, 24, 104, 105, 5, 1, 0.41%, 2, 0, 10, 43.80
1701226466, 25, 57, 105, 4, 0, 0.41%, 2, 0, 10, 38.61
1701226492, 25, 58, 105, 4, 0, 0.41%, 2, 0, 10, 47.96
1701226518, 25, 67, 105, 4, 0, 0.41%, 2, 0, 10, 36.75
1701295166, 25, 92, 105, 4, 0, 0.41%, 2, 0, 10, 45.85
1701295172, 26, 74, 105, 4, 0, 0.41%, 2, 0, 10, 41.51
1701295177, 26, 92, 105, 3, 0, 0.41%, 2, 0, 10, 29.20
1701295928, 26, 104, 105, 3, 0, 0.41%, 2, 0, 10, 30.21
