# unix_time, cycles_done, cur_path, paths_total, pending_total, pending_favs, map_size, unique_crashes, unique_hangs, max_depth, execs_per_sec
1700633277, 0, 0, 1, 1, 1, 0.43%, 0, 0, 1, 7.16
1700633282, 0, 0, 15, 15, 1, 0.51%, 0, 0, 2, 24.25
1700633287, 0, 0, 17, 17, 1, 0.51%, 0, 0, 2, 38.88
1700633293, 0, 0, 20, 20, 1, 0.52%, 0, 0, 2, 78.44
1700633298, 0, 0, 21, 21, 1, 0.52%, 0, 0, 2, 69.90
1700633303, 0, 0, 28, 28, 1, 0.55%, 0, 0, 2, 102.77
1700633313, 0, 0, 35, 35, 1, 0.55%, 0, 0, 2, 130.45
1700633318, 0, 0, 39, 39, 1, 0.58%, 0, 0, 2, 185.40
1700633329, 0, 0, 46, 46, 1, 0.59%, 0, 0, 2, 136.44
1700633334, 0, 0, 48, 48, 1, 0.59%, 1, 0, 2, 160.79
1700633345, 0, 0, 49, 49, 1, 0.60%, 1, 0, 2, 167.84
1700633370, 0, 0, 50, 50, 1, 0.60%, 1, 0, 2, 145.87
1700633375, 0, 0, 53, 53, 1, 0.61%, 1, 0, 2, 139.39
1700633386, 0, 0, 56, 56, 1, 0.61%, 1, 0, 2, 115.32
1700633401, 0, 0, 64, 64, 1, 0.61%, 1, 0, 2, 110.09
1700633406, 0, 0, 65, 65, 1, 0.61%, 1, 0, 2, 153.57
1700633426, 0, 0, 66, 66, 1, 0.61%, 1, 0, 2, 145.02
1700633487, 0, 0, 67, 67, 1, 0.61%, 2, 0, 2, 138.73
1700633502, 0, 0, 68, 68, 1, 0.61%, 2, 0, 2, 294.12
1700633594, 0, 0, 70, 70, 1, 0.61%, 2, 0, 2, 165.03
1700633696, 0, 0, 71, 71, 1, 0.61%, 2, 0, 2, 184.53
1700633716, 0, 2, 73, 72, 22, 0.61%, 3, 0, 3, 170.51
1700633742, 0, 4, 73, 71, 23, 0.61%, 4, 0, 3, 193.27
1700633747, 0, 7, 73, 70, 22, 0.61%, 5, 0, 3, 175.90
1700633773, 0, 11, 74, 70, 21, 0.61%, 5, 0, 3, 204.73
1700633788, 0, 11, 74, 70, 21, 0.61%, 6, 0, 3, 190.55
1700633819, 0, 11, 74, 70, 21, 0.61%, 7, 0, 3, 225.92
1700633885, 0, 12, 74, 69, 21, 0.61%, 7, 0, 3, 167.34
1700633911, 0, 12, 74, 69, 21, 0.61%, 8, 0, 3, 152.93
1700633941, 0, 17, 74, 68, 20, 0.61%, 8, 0, 3, 203.18
1700633946, 0, 29, 74, 66, 18, 0.61%, 8, 0, 3, 231.05
1700634013, 0, 29, 77, 69, 18, 0.61%, 8, 0, 3, 4.94
1700634166, 0, 34, 77, 68, 17, 0.61%, 8, 0, 3, 116.01
1700634171, 0, 34, 78, 69, 17, 0.61%, 8, 0, 3, 175.14
1700634176, 0, 34, 79, 70, 17, 0.61%, 8, 0, 3, 267.54
1700634182, 0, 34, 80, 71, 17, 0.61%, 8, 0, 3, 189.30
1700634268, 0, 34, 80, 71, 17, 0.61%, 9, 0, 3, 247.20
1700634391, 0, 37, 80, 70, 18, 0.61%, 9, 0, 3, 334.24
1700634626, 0, 38, 80, 69, 17, 0.61%, 9, 0, 3, 346.91
1700634784, 0, 39, 81, 69, 16, 0.61%, 9, 0, 3, 277.96
1700634809, 0, 39, 82, 70, 16, 0.61%, 9, 0, 3, 172.83
1700635110, 0, 40, 82, 69, 16, 0.61%, 9, 0, 3, 254.17
1700635400, 0, 48, 82, 68, 15, 0.61%, 9, 0, 3, 276.83
1700635573, 0, 48, 82, 68, 15, 0.61%, 10, 0, 3, 142.22
1700635817, 0, 49, 82, 67, 14, 0.61%, 10, 0, 3, 142.51
1700635878, 0, 50, 82, 66, 13, 0.61%, 10, 0, 3, 184.90
1700636149, 0, 52, 84, 67, 12, 0.61%, 10, 0, 3, 169.53
1700636277, 0, 53, 84, 66, 12, 0.61%, 10, 0, 3, 221.52
1700636323, 0, 53, 85, 67, 12, 0.61%, 10, 0, 3, 195.45
1700636501, 0, 54, 85, 66, 12, 0.61%, 10, 0, 3, 288.19
1700636695, 0, 55, 85, 65, 11, 0.61%, 10, 0, 3, 247.63
1700636904, 0, 57, 85, 64, 10, 0.61%, 10, 0, 3, 241.35
1700636919, 0, 57, 86, 65, 10, 0.61%, 10, 0, 3, 167.97
1700637026, 0, 57, 86, 65, 10, 0.61%, 11, 0, 3, 162.62
1700637199, 0, 71, 86, 64, 9, 0.61%, 11, 0, 3, 187.55
1700637224, 0, 73, 86, 63, 8, 0.61%, 11, 0, 3, 165.98
1700637321, 0, 77, 86, 62, 7, 0.61%, 11, 0, 3, 143.20
1700637337, 0, 77, 87, 63, 7, 0.61%, 11, 0, 4, 148.15
1700637677, 0, 78, 87, 62, 6, 0.61%, 11, 0, 4, 329.01
1700637880, 0, 80, 87, 61, 5, 0.61%, 11, 0, 4, 162.05
1700638227, 0, 81, 87, 60, 4, 0.61%, 11, 0, 4, 347.73
1700638421, 0, 82, 87, 59, 3, 0.61%, 11, 0, 4, 387.69
1700638487, 0, 83, 87, 58, 2, 0.61%, 11, 0, 4, 346.49
1700638559, 0, 84, 88, 58, 1, 0.61%, 11, 0, 4, 460.46
1700638646, 0, 87, 88, 57, 1, 0.61%, 11, 0, 4, 388.89
1700638666, 0, 87, 89, 58, 1, 0.61%, 11, 0, 5, 334.76
1700638732, 0, 88, 91, 59, 1, 0.61%, 11, 0, 6, 343.72
1700638814, 0, 90, 93, 60, 1, 0.61%, 11, 0, 7, 448.12
1700638880, 1, 1, 93, 59, 0, 0.61%, 11, 0, 7, 420.12
1700638895, 1, 27, 93, 58, 0, 0.61%, 11, 0, 7, 378.75
1700639105, 1, 33, 93, 57, 0, 0.61%, 11, 0, 7, 358.31
1700639289, 1, 35, 93, 56, 0, 0.61%, 11, 0, 7, 454.66
1700639397, 1, 36, 93, 55, 0, 0.61%, 11, 0, 7, 439.74
1700639569, 1, 41, 93, 54, 0, 0.61%, 11, 0, 7, 346.75
1700639747, 1, 43, 93, 53, 0, 0.61%, 11, 0, 7, 431.88
1700639930, 1, 44, 93, 52, 0, 0.61%, 11, 0, 7, 340.45
1700639960, 1, 56, 93, 51, 0, 0.61%, 11, 0, 7, 348.51
1700640108, 1, 59, 93, 50, 0, 0.61%, 11, 0, 7, 429.70
1700640256, 1, 64, 94, 50, 0, 0.61%, 11, 0, 7, 374.43
1700640297, 1, 64, 95, 51, 0, 0.61%, 11, 0, 7, 250.36
1700640338, 1, 64, 95, 51, 0, 0.61%, 12, 0, 7, 226.19
1700640450, 1, 93, 95, 50, 1, 0.61%, 12, 0, 7, 379.13
1700640669, 2, 10, 95, 49, 0, 0.61%, 12, 0, 7, 302.95
1700640674, 2, 24, 95, 47, 0, 0.61%, 12, 0, 7, 275.01
1700640786, 2, 24, 95, 47, 0, 0.61%, 13, 0, 7, 16.58
1700640929, 2, 30, 95, 46, 0, 0.61%, 13, 0, 7, 289.32
1700641092, 2, 47, 95, 45, 0, 0.61%, 13, 0, 7, 358.09
1700641239, 2, 51, 95, 44, 0, 0.61%, 13, 0, 7, 296.58
1700641341, 2, 51, 95, 44, 0, 0.61%, 14, 0, 7, 268.03
1700641489, 2, 58, 95, 43, 0, 0.61%, 14, 0, 7, 330.08
1700641677, 2, 61, 96, 43, 0, 0.61%, 14, 0, 7, 195.93
1700641926, 2, 65, 96, 42, 0, 0.61%, 14, 0, 7, 330.74
1700642054, 2, 72, 96, 41, 0, 0.61%, 14, 0, 7, 437.84
1700642069, 2, 75, 96, 40, 0, 0.61%, 14, 0, 7, 335.88
1700642253, 2, 76, 96, 39, 0, 0.61%, 14, 0, 7, 393.59
1700642444, 2, 89, 97, 39, 0, 0.61%, 14, 0, 7, 434.07
1700642505, 2, 89, 99, 41, 0, 0.61%, 14, 0, 7, 442.54
1700642510, 2, 92, 100, 41, 0, 0.61%, 14, 0, 8, 450.60
1700642561, 2, 94, 100, 40, 0, 0.61%, 14, 0, 8, 465.47
1700642652, 2, 96, 100, 39, 0, 0.61%, 14, 0, 8, 464.91
1700645680, 2, 96, 101, 40, 0, 0.61%, 14, 0, 8, 253.34
1700645685, 2, 97, 101, 39, 0, 0.61%, 14, 0, 8, 421.60
1700645751, 2, 97, 102, 40, 0, 0.61%, 14, 0, 8, 498.54
1700645756, 2, 100, 102, 39, 0, 0.61%, 14, 0, 8, 389.07
1700652348, 3, 6, 102, 38, 0, 0.61%, 14, 0, 8, 244.75
1700652364, 3, 8, 102, 37, 0, 0.61%, 14, 0, 8, 358.69
1700652379, 3, 9, 102, 36, 0, 0.61%, 14, 0, 8, 332.98
1700652384, 3, 13, 102, 35, 0, 0.61%, 15, 0, 8, 390.37
1700652399, 3, 22, 102, 33, 0, 0.61%, 15, 0, 8, 313.69
1700652643, 3, 26, 102, 32, 0, 0.61%, 15, 0, 8, 225.11
1700652893, 3, 28, 102, 31, 0, 0.61%, 15, 0, 8, 224.29
1700653366, 3, 31, 102, 30, 0, 0.61%, 15, 0, 8, 251.27
1700653396, 3, 31, 103, 31, 0, 0.61%, 15, 0, 8, 49.57
1700653508, 3, 66, 103, 30, 0, 0.61%, 15, 0, 8, 329.66
1700653722, 3, 85, 103, 29, 0, 0.61%, 15, 0, 8, 361.51
1700653906, 3, 101, 103, 28, 0, 0.61%, 15, 0, 8, 38.10
1700654251, 3, 101, 104, 29, 0, 0.61%, 15, 0, 8, 49.21
1700654282, 4, 5, 104, 28, 0, 0.61%, 15, 0, 8, 221.16
1700654298, 4, 14, 104, 27, 0, 0.61%, 15, 0, 8, 391.54
1700654303, 4, 42, 104, 25, 0, 0.61%, 15, 0, 8, 376.78
1700654496, 4, 45, 104, 24, 0, 0.61%, 15, 0, 8, 348.17
1700654537, 4, 60, 104, 23, 0, 0.61%, 15, 0, 8, 310.06
1700654721, 4, 79, 104, 22, 0, 0.61%, 15, 0, 8, 114.96
1700654987, 4, 103, 104, 21, 0, 0.61%, 15, 0, 8, 2.72
1700655361, 5, 104, 112, 28, 5, 0.65%, 15, 0, 8, 448.03
1700655382, 5, 104, 113, 29, 5, 0.66%, 15, 0, 8, 427.26
1700655387, 5, 104, 114, 30, 5, 0.66%, 15, 0, 8, 413.71
1700655412, 5, 104, 115, 31, 5, 0.66%, 15, 0, 8, 387.33
1700655493, 5, 106, 116, 31, 6, 0.66%, 15, 0, 8, 402.50
1700655519, 5, 106, 117, 32, 6, 0.66%, 15, 0, 8, 396.73
1700655579, 5, 106, 118, 33, 6, 0.66%, 15, 0, 8, 4.91
1700655630, 5, 107, 118, 32, 5, 0.66%, 15, 0, 8, 395.69
1700655804, 5, 108, 118, 31, 4, 0.66%, 15, 0, 8, 336.98
1700655871, 5, 108, 119, 32, 4, 0.66%, 16, 0, 8, 401.70
1700655911, 5, 108, 119, 32, 4, 0.66%, 17, 0, 8, 427.97
1700655988, 5, 109, 119, 31, 4, 0.66%, 17, 0, 8, 307.25
1700659460, 5, 113, 119, 30, 3, 0.66%, 17, 0, 8, 333.07
1700659552, 5, 114, 120, 30, 2, 0.66%, 17, 0, 8, 197.00
1700659782, 5, 117, 120, 29, 2, 0.66%, 17, 0, 8, 4.83
1700660990, 5, 117, 121, 30, 2, 0.66%, 17, 0, 8, 497.51
1700662547, 5, 118, 121, 29, 2, 0.66%, 17, 0, 8, 332.40
1700662740, 5, 120, 121, 28, 1, 0.66%, 17, 0, 8, 13.37
1700662775, 5, 120, 122, 29, 1, 0.66%, 17, 0, 8, 4.43
1700662893, 5, 120, 123, 30, 1, 0.66%, 17, 0, 8, 4.61
1700663330, 5, 120, 124, 31, 1, 0.66%, 17, 0, 8, 5.93
1700666140, 5, 122, 124, 30, 1, 0.66%, 17, 0, 8, 14.80
