# unix_time, cycles_done, cur_path, paths_total, pending_total, pending_favs, map_size, unique_crashes, unique_hangs, max_depth, execs_per_sec
1701298089, 0, 0, 1, 1, 1, 2.09%, 0, 0, 1, 7.45
1701298099, 0, 0, 3, 3, 1, 2.10%, 0, 0, 2, 9.40
1701298105, 0, 0, 6, 6, 1, 2.18%, 0, 0, 2, 10.41
1701298110, 0, 0, 9, 9, 1, 2.18%, 0, 0, 2, 9.56
1701298115, 0, 0, 12, 12, 1, 2.18%, 0, 0, 2, 9.52
1701298120, 0, 0, 15, 15, 1, 2.19%, 0, 0, 2, 9.20
1701298130, 0, 0, 16, 16, 1, 2.19%, 0, 0, 2, 10.41
1701298238, 0, 0, 17, 17, 1, 2.19%, 0, 0, 2, 8.46
1701298253, 0, 0, 18, 18, 1, 2.19%, 0, 0, 2, 9.83
1701298356, 0, 0, 19, 19, 1, 2.19%, 0, 0, 2, 9.91
1701298474, 0, 0, 20, 20, 1, 2.19%, 0, 0, 2, 10.94
1701298479, 0, 0, 21, 21, 1, 2.19%, 0, 0, 2, 10.59
1701298581, 0, 0, 22, 22, 1, 2.19%, 0, 0, 2, 9.79
1701298791, 0, 0, 23, 23, 1, 2.20%, 0, 0, 2, 9.15
1701298796, 0, 0, 24, 24, 1, 2.20%, 0, 0, 2, 9.15
1701298801, 0, 0, 25, 25, 1, 2.20%, 0, 0, 2, 8.71
1701298847, 0, 0, 26, 26, 1, 2.20%, 0, 0, 2, 11.80
1701298980, 0, 0, 28, 28, 1, 2.20%, 0, 0, 2, 9.71
1701299200, 0, 0, 32, 32, 1, 2.20%, 0, 0, 2, 11.92
1701299210, 0, 0, 34, 34, 1, 2.20%, 0, 0, 2, 9.43
1701299215, 0, 0, 39, 39, 1, 2.20%, 0, 0, 2, 10.24
1701299221, 0, 0, 44, 44, 1, 2.20%, 0, 0, 2, 11.56
1701299226, 0, 0, 49, 49, 1, 2.20%, 0, 0, 2, 11.92
1701299231, 0, 0, 54, 54, 1, 2.20%, 0, 0, 2, 11.93
1701299236, 0, 0, 55, 55, 1, 2.20%, 0, 0, 2, 11.46
1701299241, 0, 0, 57, 57, 1, 2.21%, 0, 0, 2, 11.47
1701299251, 0, 0, 58, 58, 1, 2.21%, 0, 0, 2, 9.81
1701299257, 0, 0, 60, 60, 1, 2.21%, 0, 0, 2, 9.94
1701299262, 0, 0, 61, 61, 1, 2.21%, 0, 0, 2, 9.50
1701299267, 0, 0, 62, 62, 1, 2.21%, 0, 0, 2, 9.27
1701299272, 0, 0, 63, 63, 1, 2.21%, 0, 0, 2, 9.90
1701299282, 0, 0, 65, 65, 1, 2.21%, 0, 0, 2, 8.92
1701299288, 0, 0, 68, 68, 1, 2.21%, 0, 0, 2, 10.29
1701299293, 0, 0, 69, 69, 1, 2.21%, 0, 0, 2, 11.23
1701299298, 0, 0, 71, 71, 1, 2.21%, 0, 0, 2, 11.99
1701299303, 0, 0, 72, 72, 1, 2.21%, 0, 0, 2, 12.22
1701299308, 0, 0, 74, 74, 1, 2.45%, 0, 0, 2, 12.09
1701299313, 0, 0, 76, 76, 1, 2.45%, 0, 0, 2, 10.36
1701299323, 0, 0, 77, 77, 1, 2.45%, 0, 0, 2, 11.13
1701299328, 0, 0, 78, 78, 1, 2.45%, 0, 0, 2, 10.44
1701299333, 0, 0, 79, 79, 1, 2.45%, 0, 0, 2, 10.12
1701299339, 0, 0, 80, 80, 1, 2.45%, 0, 0, 2, 8.83
1701299364, 0, 0, 81, 81, 1, 2.45%, 0, 0, 2, 10.49
1701299369, 0, 0, 82, 82, 1, 2.45%, 0, 0, 2, 10.28
1701299379, 0, 0, 83, 83, 1, 2.45%, 0, 0, 2, 9.03
1701299385, 0, 0, 84, 84, 1, 2.45%, 0, 0, 2, 9.94
1701299390, 0, 0, 86, 86, 1, 2.45%, 0, 0, 2, 11.23
1701299395, 0, 0, 88, 88, 1, 2.45%, 0, 0, 2, 11.04
1701299400, 0, 0, 89, 89, 1, 2.45%, 0, 0, 2, 11.52
1701299405, 0, 0, 91, 91, 1, 2.45%, 0, 0, 2, 11.39
1701299410, 0, 0, 92, 92, 1, 2.45%, 0, 0, 2, 11.98
1701299441, 0, 0, 93, 93, 1, 2.45%, 0, 0, 2, 10.77
1701299446, 0, 0, 95, 95, 1, 2.45%, 0, 0, 2, 11.17
1701299451, 0, 0, 96, 96, 1, 2.45%, 0, 0, 2, 10.96
1701299456, 0, 0, 97, 97, 1, 2.45%, 0, 0, 2, 11.46
1701299477, 0, 0, 98, 98, 1, 2.45%, 0, 0, 2, 10.30
1701299492, 0, 0, 99, 99, 1, 2.45%, 0, 0, 2, 11.13
1701299497, 0, 0, 100, 100, 1, 2.45%, 0, 0, 2, 11.26
1701299502, 0, 0, 101, 101, 1, 2.45%, 0, 0, 2, 11.26
1701299517, 0, 0, 102, 102, 1, 2.45%, 0, 0, 2, 10.97
1701299563, 0, 0, 103, 103, 1, 2.45%, 0, 0, 2, 9.21
1701299574, 0, 38, 103, 102, 12, 2.45%, 0, 0, 2, 1.04
1701299585, 0, 38, 104, 103, 12, 2.45%, 0, 0, 3, 10.87
1701300290, 0, 40, 104, 102, 10, 2.45%, 0, 0, 3, 11.06
1701301251, 0, 40, 105, 103, 10, 2.45%, 0, 0, 3, 9.97
1701301262, 0, 72, 105, 100, 8, 2.45%, 0, 0, 3, 9.82
1701301277, 0, 72, 110, 105, 8, 2.74%, 0, 0, 3, 9.82
1701301282, 0, 72, 112, 107, 8, 2.75%, 0, 0, 3, 8.95
1701301292, 0, 72, 113, 108, 8, 2.75%, 0, 0, 3, 7.82
1701301297, 0, 72, 114, 109, 8, 2.75%, 0, 0, 3, 8.79
1701301302, 0, 72, 116, 111, 8, 2.75%, 0, 0, 3, 8.23
1701301308, 0, 72, 117, 112, 8, 2.75%, 0, 0, 3, 8.01
1701301374, 0, 72, 118, 113, 8, 2.75%, 0, 0, 3, 8.27
1701301379, 0, 72, 119, 114, 8, 2.75%, 0, 0, 3, 8.60
1701301400, 0, 72, 122, 117, 8, 2.75%, 0, 0, 3, 7.80
1701301405, 0, 72, 124, 119, 8, 2.77%, 0, 0, 3, 9.05
1701301410, 0, 72, 127, 122, 8, 2.79%, 0, 0, 3, 9.62
1701301415, 0, 72, 129, 124, 8, 2.79%, 0, 0, 3, 9.29
1701301420, 0, 72, 130, 125, 8, 2.79%, 0, 0, 3, 8.85
1701301523, 0, 72, 131, 126, 8, 2.79%, 0, 0, 3, 9.79
1701301528, 0, 72, 132, 127, 8, 2.79%, 0, 0, 3, 10.53
1701301533, 0, 72, 134, 129, 8, 2.79%, 0, 0, 3, 8.66
1701301539, 0, 72, 135, 130, 8, 2.79%, 0, 0, 3, 9.00
1701301549, 0, 72, 136, 131, 8, 2.79%, 0, 0, 3, 7.71
1701301564, 0, 72, 137, 132, 8, 2.79%, 0, 0, 3, 8.27
1701301569, 0, 72, 138, 133, 8, 2.79%, 0, 0, 3, 7.57
1701301580, 0, 72, 139, 134, 8, 2.79%, 0, 0, 3, 8.09
1701301585, 0, 72, 140, 135, 8, 2.79%, 0, 0, 3, 9.54
1701301600, 0, 72, 141, 136, 8, 2.79%, 0, 0, 3, 9.38
1701301616, 0, 72, 143, 138, 8, 2.79%, 0, 0, 3, 8.70
1701301688, 0, 72, 145, 140, 8, 2.79%, 0, 0, 3, 7.84
1701301703, 0, 72, 147, 142, 8, 2.79%, 0, 0, 3, 9.81
1701301744, 0, 72, 150, 145, 8, 2.82%, 0, 0, 3, 9.46
1701301749, 0, 72, 151, 146, 8, 2.86%, 0, 0, 3, 8.86
1701301754, 0, 72, 153, 148, 8, 2.86%, 0, 0, 3, 9.65
1701301759, 0, 72, 154, 149, 8, 2.86%, 0, 0, 3, 9.13
1701301774, 0, 72, 155, 150, 8, 2.86%, 0, 0, 3, 8.57
1701301800, 0, 72, 156, 151, 8, 2.86%, 0, 0, 3, 8.03
1701301805, 0, 72, 157, 152, 8, 2.86%, 0, 0, 3, 8.42
1701301903, 0, 72, 158, 153, 8, 2.86%, 0, 0, 3, 9.03
1701301938, 0, 72, 159, 154, 8, 2.86%, 0, 0, 3, 9.40
1701302118, 0, 72, 160, 155, 8, 2.86%, 0, 0, 3, 7.79
1701302394, 0, 72, 161, 156, 8, 2.86%, 0, 0, 3, 8.10
1701302512, 0, 72, 162, 157, 8, 2.86%, 0, 0, 3, 9.58
1701302517, 0, 72, 163, 158, 8, 2.86%, 0, 0, 3, 9.50
1701302723, 0, 72, 164, 159, 8, 2.86%, 0, 0, 3, 10.86
1701303113, 0, 72, 165, 160, 8, 2.87%, 0, 0, 3, 9.29
1701303118, 0, 72, 166, 161, 8, 2.87%, 0, 0, 3, 9.01
1701303720, 0, 72, 168, 163, 8, 2.87%, 0, 0, 3, 9.06
1701303731, 0, 72, 169, 164, 8, 2.87%, 0, 0, 3, 8.50
1701303772, 0, 72, 170, 165, 8, 2.87%, 0, 0, 3, 8.69
1701303777, 0, 72, 173, 168, 8, 2.87%, 0, 0, 3, 9.33
1701303782, 0, 72, 175, 170, 8, 2.87%, 0, 0, 3, 9.59
1701303787, 0, 72, 176, 171, 8, 2.87%, 0, 0, 3, 9.84
1701303792, 0, 72, 178, 173, 8, 2.87%, 0, 0, 3, 9.83
1701303797, 0, 72, 179, 174, 8, 2.87%, 0, 0, 3, 8.87
1701303802, 0, 72, 180, 175, 8, 2.87%, 0, 0, 3, 8.63
1701303808, 0, 72, 181, 176, 8, 2.87%, 0, 0, 3, 9.33
1701303813, 0, 72, 182, 177, 8, 2.87%, 0, 0, 3, 8.53
1701303818, 0, 72, 183, 178, 8, 2.87%, 0, 0, 3, 10.19
1701303823, 0, 72, 185, 180, 8, 2.87%, 0, 0, 3, 8.88
1701303838, 0, 72, 187, 182, 8, 2.87%, 0, 0, 3, 8.26
1701303854, 0, 72, 188, 183, 8, 2.87%, 0, 0, 3, 8.96
1701303864, 0, 72, 189, 184, 8, 2.87%, 0, 0, 3, 9.90
1701303869, 0, 72, 190, 185, 8, 2.87%, 0, 0, 3, 9.12
1701303880, 0, 72, 192, 187, 8, 2.87%, 0, 0, 3, 8.46
1701303885, 0, 72, 193, 188, 8, 2.87%, 0, 0, 3, 7.68
1701303890, 0, 72, 194, 189, 8, 2.88%, 0, 0, 3, 9.00
1701303895, 0, 72, 195, 190, 8, 2.88%, 0, 0, 3, 9.34
1701303910, 0, 72, 196, 191, 8, 2.88%, 0, 0, 3, 11.01
1701303930, 0, 72, 197, 192, 8, 2.88%, 0, 0, 3, 8.41
1701303936, 0, 72, 198, 193, 8, 2.88%, 0, 0, 3, 8.22
1701303941, 0, 72, 200, 195, 8, 2.88%, 0, 0, 3, 8.66
1701303951, 0, 72, 201, 196, 8, 2.88%, 0, 0, 3, 10.41
1701303956, 0, 72, 202, 197, 8, 2.88%, 0, 0, 3, 10.22
1701303961, 0, 72, 203, 198, 8, 2.88%, 0, 0, 3, 10.03
1701303997, 0, 72, 204, 199, 8, 2.88%, 0, 0, 3, 8.94
1701304002, 0, 72, 205, 200, 8, 2.88%, 0, 0, 3, 7.89
1701304018, 0, 72, 206, 201, 8, 2.88%, 0, 0, 3, 10.51
1701304028, 0, 72, 207, 202, 8, 2.88%, 0, 0, 3, 10.77
1701304038, 0, 72, 208, 203, 8, 2.88%, 0, 0, 3, 9.38
1701304043, 0, 72, 209, 204, 8, 2.88%, 0, 0, 3, 9.68
1701304059, 0, 72, 210, 205, 8, 2.88%, 0, 0, 3, 9.39
1701304084, 0, 72, 211, 206, 8, 2.88%, 0, 0, 3, 8.44
1701304105, 0, 72, 212, 207, 8, 2.88%, 0, 0, 3, 8.47
1701304136, 0, 72, 213, 208, 8, 2.88%, 0, 0, 3, 9.00
1701304151, 0, 72, 214, 209, 8, 2.88%, 0, 0, 3, 8.89
1701304161, 0, 77, 214, 208, 20, 2.88%, 0, 0, 3, 6.10
1701304171, 0, 77, 215, 209, 20, 2.88%, 0, 0, 3, 10.57
1701304177, 0, 77, 217, 211, 20, 2.88%, 0, 0, 3, 11.14
1701304182, 0, 77, 219, 213, 20, 2.88%, 0, 0, 3, 11.74
1701305390, 0, 77, 220, 214, 20, 2.88%, 0, 0, 3, 9.30
1701305416, 0, 77, 221, 215, 20, 2.88%, 0, 0, 3, 10.23
1701305431, 0, 80, 221, 214, 20, 2.88%, 0, 0, 3, 9.41
1701305836, 0, 80, 222, 215, 20, 2.88%, 0, 0, 3, 9.30
1701306174, 0, 80, 223, 216, 20, 2.88%, 0, 0, 3, 7.95
1701306195, 0, 88, 223, 215, 20, 2.88%, 0, 0, 3, 8.77
1701306205, 0, 88, 225, 217, 20, 2.88%, 0, 0, 3, 8.61
1701306210, 0, 88, 226, 218, 20, 2.88%, 0, 0, 3, 9.16
1701306538, 0, 88, 227, 219, 20, 2.88%, 0, 0, 3, 9.19
1701306944, 0, 88, 228, 220, 20, 2.88%, 0, 0, 3, 8.40
1701306949, 0, 88, 229, 221, 20, 2.88%, 0, 0, 3, 9.31
1701306975, 0, 88, 230, 222, 20, 2.88%, 0, 0, 3, 9.02
1701306985, 0, 88, 231, 223, 20, 2.88%, 0, 0, 3, 9.88
1701306990, 0, 88, 232, 224, 20, 2.88%, 0, 0, 3, 11.22
1701307006, 0, 88, 233, 225, 20, 2.88%, 0, 0, 3, 9.79
1701307016, 0, 88, 234, 226, 20, 2.89%, 0, 0, 3, 9.95
1701307047, 0, 88, 235, 227, 20, 2.89%, 0, 0, 3, 9.78
1701307072, 0, 88, 236, 228, 20, 2.89%, 0, 0, 3, 10.52
1701307124, 0, 88, 237, 229, 20, 2.89%, 0, 0, 3, 10.99
1701307169, 0, 88, 238, 230, 20, 2.89%, 0, 0, 3, 8.55
1701307221, 0, 88, 239, 231, 20, 2.89%, 0, 0, 3, 9.78
1701307277, 0, 106, 239, 230, 21, 2.89%, 0, 0, 3, 7.47
1701307293, 0, 106, 240, 231, 21, 2.89%, 0, 0, 4, 9.72
1701307714, 0, 106, 242, 233, 21, 2.91%, 0, 0, 4, 8.98
1701308467, 0, 106, 243, 234, 21, 2.91%, 0, 0, 4, 8.10
1701309710, 0, 108, 243, 233, 22, 2.91%, 0, 0, 4, 8.86
1701309715, 0, 124, 243, 232, 21, 2.91%, 0, 0, 4, 7.76
1701310172, 0, 124, 244, 233, 21, 2.91%, 0, 0, 4, 8.00
1701312155, 0, 149, 244, 232, 22, 2.91%, 0, 0, 4, 8.95
1701312161, 0, 150, 244, 231, 21, 2.91%, 0, 0, 4, 7.55
1701312166, 0, 152, 244, 230, 20, 2.91%, 0, 0, 4, 6.96
1701312176, 0, 152, 245, 231, 20, 2.91%, 0, 0, 4, 10.14
1701312336, 0, 152, 246, 232, 20, 2.91%, 0, 0, 4, 10.33
1701312351, 0, 152, 247, 233, 20, 2.92%, 0, 0, 4, 9.75
1701312922, 0, 190, 247, 232, 21, 2.92%, 0, 0, 4, 10.30
1701312932, 0, 190, 248, 233, 21, 2.92%, 0, 0, 4, 10.17
1701312937, 0, 190, 249, 234, 21, 2.92%, 0, 0, 4, 8.28
1701312942, 0, 190, 250, 235, 21, 2.92%, 0, 0, 4, 7.60
1701312978, 0, 190, 251, 236, 21, 2.92%, 0, 0, 4, 9.57
1701312983, 0, 190, 252, 237, 21, 2.92%, 0, 0, 4, 8.75
1701312999, 0, 190, 254, 239, 21, 2.92%, 0, 0, 4, 7.74
1701313019, 0, 190, 256, 241, 21, 2.92%, 0, 0, 4, 9.43
1701313024, 0, 190, 257, 242, 21, 2.92%, 0, 0, 4, 9.28
1701313030, 0, 190, 258, 243, 21, 2.92%, 0, 0, 4, 8.68
1701313035, 0, 190, 259, 244, 21, 2.92%, 0, 0, 4, 8.41
1701313040, 0, 190, 261, 246, 21, 2.92%, 0, 0, 4, 8.39
1701313045, 0, 190, 262, 247, 21, 2.92%, 0, 0, 4, 9.14
1701313122, 0, 190, 263, 248, 21, 2.92%, 0, 0, 4, 7.71
1701313158, 0, 190, 264, 249, 21, 2.92%, 0, 0, 4, 9.25
1701313209, 0, 190, 265, 250, 21, 2.92%, 0, 0, 4, 9.60
1701313235, 0, 190, 267, 252, 21, 2.92%, 0, 0, 4, 7.92
1701313250, 0, 190, 268, 253, 21, 2.92%, 0, 0, 4, 9.63
1701313733, 0, 190, 269, 254, 21, 2.92%, 0, 0, 4, 8.77
1701313748, 0, 193, 269, 253, 23, 2.92%, 0, 0, 4, 9.52
1701314190, 0, 193, 270, 254, 23, 2.94%, 0, 0, 4, 7.68
1701314556, 0, 195, 270, 253, 23, 2.94%, 0, 0, 4, 8.40
1701314566, 0, 195, 271, 254, 23, 2.94%, 0, 0, 4, 8.91
1701314586, 0, 195, 272, 255, 23, 2.94%, 0, 0, 4, 8.69
1701315888, 0, 195, 273, 256, 23, 2.94%, 0, 0, 4, 9.17
1701315904, 0, 199, 273, 255, 24, 2.94%, 0, 0, 4, 10.03
1701315914, 0, 199, 274, 256, 24, 2.94%, 0, 0, 4, 9.71
1701316053, 0, 199, 276, 258, 24, 2.94%, 0, 0, 4, 8.01
1701316175, 0, 199, 277, 259, 24, 2.94%, 0, 0, 4, 9.30
1701316273, 0, 199, 278, 260, 24, 2.94%, 0, 0, 4, 7.41
1701317237, 0, 199, 280, 262, 24, 2.94%, 0, 0, 4, 10.90
1701317273, 0, 207, 280, 261, 24, 2.94%, 0, 0, 4, 11.34
1701317330, 0, 207, 281, 262, 24, 2.94%, 0, 0, 4, 8.11
1701317392, 0, 208, 281, 261, 24, 2.94%, 0, 0, 4, 10.11
1701317402, 0, 208, 284, 264, 24, 2.94%, 0, 0, 4, 10.76
1701317407, 0, 208, 287, 267, 24, 2.94%, 0, 0, 4, 10.43
1701317412, 0, 208, 289, 269, 24, 2.94%, 0, 0, 4, 8.63
1701317443, 0, 208, 290, 270, 24, 2.94%, 0, 0, 4, 10.55
1701317453, 0, 208, 292, 272, 24, 2.97%, 0, 0, 4, 9.09
1701317464, 0, 208, 293, 273, 24, 2.98%, 0, 0, 4, 10.19
1701317485, 0, 208, 294, 274, 24, 2.99%, 0, 0, 4, 9.72
1701317520, 0, 208, 295, 275, 24, 2.99%, 0, 0, 4, 10.85
1701317588, 0, 208, 296, 276, 24, 2.99%, 0, 0, 4, 9.10
1701318053, 0, 208, 297, 277, 24, 2.99%, 0, 0, 4, 9.20
1701318176, 0, 218, 297, 276, 26, 2.99%, 0, 0, 4, 11.59
1701318181, 0, 219, 297, 275, 25, 2.99%, 0, 0, 4, 9.91
1701318320, 0, 219, 298, 276, 25, 3.00%, 0, 0, 4, 9.20
1701318636, 0, 219, 299, 277, 25, 3.00%, 0, 0, 4, 8.26
1701319436, 0, 219, 300, 278, 25, 3.00%, 0, 0, 4, 8.85
1701319467, 0, 228, 300, 275, 22, 3.00%, 0, 0, 4, 11.33
1701319492, 0, 228, 301, 276, 22, 3.00%, 0, 0, 4, 9.77
1701320329, 0, 230, 301, 275, 21, 3.00%, 0, 0, 4, 10.46
1701320494, 0, 230, 302, 276, 21, 3.00%, 0, 0, 4, 9.47
1701321012, 0, 233, 302, 275, 20, 3.00%, 0, 0, 4, 11.29
1701321941, 0, 235, 302, 274, 19, 3.00%, 0, 0, 4, 9.76
1701323027, 0, 236, 302, 273, 18, 3.00%, 0, 0, 4, 10.46
1701324005, 0, 243, 302, 272, 17, 3.00%, 0, 0, 4, 7.77
1701326453, 0, 245, 302, 271, 16, 3.00%, 0, 0, 4, 9.39
1701326458, 0, 245, 303, 272, 16, 3.00%, 0, 0, 5, 9.21
1701326463, 0, 245, 304, 273, 16, 3.00%, 0, 0, 5, 9.53
1701326623, 0, 245, 305, 274, 16, 3.01%, 0, 0, 5, 8.73
1701327206, 0, 246, 305, 273, 18, 3.01%, 0, 0, 5, 11.80
1701327375, 0, 246, 307, 275, 18, 3.02%, 0, 0, 5, 10.65
1701327960, 0, 261, 307, 274, 18, 3.02%, 0, 0, 5, 9.22
1701328047, 0, 261, 308, 275, 18, 3.02%, 0, 0, 5, 9.45
1701328740, 0, 269, 308, 274, 17, 3.02%, 0, 0, 5, 9.77
1701328750, 0, 269, 309, 275, 17, 3.02%, 0, 0, 5, 11.18
1701328756, 0, 269, 310, 276, 17, 3.02%, 0, 0, 5, 9.65
1701328761, 0, 269, 311, 277, 17, 3.02%, 0, 0, 5, 7.86
1701328766, 0, 269, 312, 278, 17, 3.02%, 0, 0, 5, 9.08
1701328781, 0, 269, 315, 281, 17, 3.02%, 0, 0, 5, 7.86
1701328786, 0, 269, 316, 282, 17, 3.02%, 0, 0, 5, 7.73
1701328791, 0, 269, 317, 283, 17, 3.02%, 0, 0, 5, 8.06
1701328796, 0, 269, 319, 285, 17, 3.02%, 0, 0, 5, 8.15
1701328837, 0, 269, 320, 286, 17, 3.02%, 0, 0, 5, 7.09
1701328842, 0, 269, 323, 289, 17, 3.03%, 0, 0, 5, 7.88
1701328847, 0, 269, 325, 291, 17, 3.04%, 0, 0, 5, 7.53
1701328853, 0, 269, 326, 292, 17, 3.04%, 0, 0, 5, 7.61
1701328858, 0, 269, 328, 294, 17, 3.04%, 0, 0, 5, 7.83
1701328863, 0, 269, 329, 295, 17, 3.04%, 0, 0, 5, 7.80
1701328930, 0, 269, 330, 296, 17, 3.04%, 0, 0, 5, 9.58
1701328940, 0, 269, 331, 297, 17, 3.04%, 0, 0, 5, 8.54
1701328996, 0, 269, 332, 298, 17, 3.04%, 0, 0, 5, 9.32
1701329016, 0, 269, 333, 299, 17, 3.04%, 0, 0, 5, 9.80
1701329021, 0, 269, 334, 300, 17, 3.04%, 0, 0, 5, 9.77
1701329068, 0, 269, 335, 301, 17, 3.04%, 0, 0, 5, 8.27
1701329088, 0, 269, 336, 302, 17, 3.04%, 0, 0, 5, 9.46
1701329186, 0, 269, 337, 303, 17, 3.04%, 0, 0, 5, 9.69
1701329724, 0, 269, 338, 304, 17, 3.04%, 0, 0, 5, 8.41
1701329729, 0, 269, 339, 305, 17, 3.04%, 0, 0, 5, 8.70
1701330388, 0, 269, 340, 306, 17, 3.04%, 0, 0, 5, 6.93
1701330885, 0, 269, 341, 307, 17, 3.04%, 0, 0, 5, 8.57
1701331014, 0, 269, 342, 308, 17, 3.04%, 0, 0, 5, 8.00
1701331039, 0, 269, 343, 309, 17, 3.04%, 0, 0, 5, 7.93
1701331044, 0, 269, 344, 310, 17, 3.04%, 0, 0, 5, 8.90
1701331054, 0, 269, 345, 311, 17, 3.04%, 0, 0, 5, 8.60
1701331060, 0, 269, 346, 312, 17, 3.04%, 0, 0, 5, 8.75
1701331065, 0, 269, 348, 314, 17, 3.04%, 0, 0, 5, 8.86
1701331075, 0, 269, 349, 315, 17, 3.04%, 0, 0, 5, 10.11
1701331080, 0, 269, 350, 316, 17, 3.04%, 0, 0, 5, 10.24
1701331100, 0, 269, 351, 317, 17, 3.04%, 0, 0, 5, 9.61
1701331121, 0, 269, 352, 318, 17, 3.04%, 0, 0, 5, 9.38
1701331131, 0, 269, 353, 319, 17, 3.04%, 0, 0, 5, 9.18
1701331141, 0, 269, 355, 321, 17, 3.04%, 0, 0, 5, 8.60
1701331202, 0, 269, 356, 322, 17, 3.04%, 0, 0, 5, 10.49
1701331213, 0, 269, 357, 323, 17, 3.04%, 0, 0, 5, 8.53
1701331223, 0, 269, 358, 324, 17, 3.04%, 0, 0, 5, 8.62
1701331228, 0, 269, 359, 325, 17, 3.04%, 0, 0, 5, 8.90
1701331254, 0, 269, 360, 326, 17, 3.04%, 0, 0, 5, 10.72
1701331269, 0, 269, 361, 327, 17, 3.04%, 0, 0, 5, 9.25
1701331275, 0, 269, 362, 328, 17, 3.04%, 0, 0, 5, 9.15
1701331285, 0, 269, 363, 329, 17, 3.04%, 0, 0, 5, 9.21
1701331316, 0, 273, 363, 328, 22, 3.04%, 0, 0, 5, 8.85
1701331331, 0, 273, 365, 330, 22, 3.04%, 0, 0, 5, 7.91
1701331383, 0, 273, 367, 332, 22, 3.04%, 0, 0, 5, 8.95
1701331619, 0, 273, 368, 333, 22, 3.04%, 0, 0, 5, 9.09
1701331983, 0, 273, 369, 334, 22, 3.04%, 0, 0, 5, 8.89
1701331994, 0, 273, 370, 335, 22, 3.04%, 0, 0, 5, 8.05
1701332204, 0, 273, 371, 336, 22, 3.04%, 0, 0, 5, 8.88
1701332734, 0, 273, 372, 337, 22, 3.04%, 0, 0, 5, 9.35
1701332759, 0, 273, 373, 338, 22, 3.04%, 0, 0, 5, 8.82
1701332769, 0, 273, 374, 339, 22, 3.05%, 0, 0, 5, 10.14
1701332775, 0, 273, 375, 340, 22, 3.05%, 0, 0, 5, 10.21
1701332785, 0, 273, 376, 341, 22, 3.05%, 0, 0, 5, 9.80
1701332903, 0, 273, 377, 342, 22, 3.05%, 0, 0, 5, 10.33
1701332949, 0, 273, 378, 343, 22, 3.05%, 0, 0, 5, 8.57
1701332955, 0, 273, 379, 344, 22, 3.05%, 0, 0, 5, 10.37
1701333001, 0, 273, 380, 345, 22, 3.05%, 0, 0, 5, 9.09
1701333042, 0, 273, 381, 346, 22, 3.05%, 0, 0, 5, 8.95
1701333052, 0, 273, 382, 347, 22, 3.05%, 0, 0, 5, 9.49
1701333099, 0, 278, 382, 346, 27, 3.05%, 0, 0, 5, 9.54
1701333114, 0, 278, 384, 348, 27, 3.05%, 0, 0, 5, 9.67
1701333119, 0, 278, 385, 349, 27, 3.05%, 0, 0, 5, 9.86
1701333150, 0, 278, 386, 350, 27, 3.05%, 0, 0, 5, 8.96
1701333155, 0, 278, 387, 351, 27, 3.05%, 0, 0, 5, 9.63
1701333160, 0, 278, 388, 352, 27, 3.05%, 0, 0, 5, 9.49
1701333165, 0, 278, 389, 353, 27, 3.05%, 0, 0, 5, 8.98
1701333941, 0, 278, 390, 354, 27, 3.05%, 0, 0, 5, 8.74
1701333977, 0, 280, 390, 353, 26, 3.05%, 0, 0, 5, 10.79
1701334105, 0, 283, 390, 352, 25, 3.05%, 0, 0, 5, 8.48
1701334125, 0, 283, 391, 353, 25, 3.05%, 0, 0, 5, 9.42
1701334904, 0, 290, 391, 352, 25, 3.05%, 0, 0, 5, 11.57
1701334966, 0, 290, 392, 353, 25, 3.05%, 0, 0, 5, 8.57
1701334986, 0, 290, 393, 354, 25, 3.05%, 0, 0, 5, 10.03
1701335110, 0, 290, 394, 355, 25, 3.05%, 0, 0, 5, 9.05
1701335125, 0, 290, 395, 356, 25, 3.05%, 0, 0, 5, 9.76
1701335135, 0, 290, 396, 357, 25, 3.06%, 0, 0, 5, 8.89
1701335335, 0, 290, 398, 359, 25, 3.06%, 0, 0, 5, 8.42
1701335716, 0, 297, 398, 358, 25, 3.06%, 0, 0, 5, 11.31
1701335762, 0, 297, 399, 359, 25, 3.07%, 0, 0, 5, 7.97
1701336209, 0, 297, 400, 360, 25, 3.07%, 0, 0, 5, 7.04
1701336219, 0, 297, 401, 361, 25, 3.07%, 0, 0, 5, 7.06
1701336420, 0, 297, 402, 362, 25, 3.07%, 0, 0, 5, 6.23
1701336451, 0, 297, 403, 363, 25, 3.08%, 0, 0, 5, 9.07
1701336528, 0, 297, 404, 364, 25, 3.08%, 0, 0, 5, 8.64
1701337119, 0, 297, 405, 365, 25, 3.08%, 0, 0, 5, 8.35
1701337161, 0, 300, 405, 364, 31, 3.08%, 0, 0, 5, 7.52
1701337166, 0, 303, 405, 362, 29, 3.08%, 0, 0, 5, 8.40
1701337191, 0, 303, 406, 363, 29, 3.08%, 0, 0, 6, 7.86
1701337408, 0, 303, 407, 364, 29, 3.09%, 0, 0, 6, 7.45
1701337966, 0, 303, 408, 365, 29, 3.09%, 0, 0, 6, 9.34
1701337971, 0, 303, 409, 366, 29, 3.09%, 0, 0, 6, 8.99
1701338022, 0, 303, 410, 367, 29, 3.09%, 0, 0, 6, 10.02
1701338033, 0, 303, 411, 368, 29, 3.09%, 0, 0, 6, 10.70
1701338064, 0, 303, 412, 369, 29, 3.09%, 0, 0, 6, 11.66
1701338069, 0, 303, 413, 370, 29, 3.09%, 0, 0, 6, 10.54
1701338125, 0, 303, 414, 371, 29, 3.09%, 0, 0, 6, 10.90
1701338223, 0, 303, 415, 372, 29, 3.09%, 0, 0, 6, 9.32
1701338290, 0, 306, 415, 371, 30, 3.09%, 0, 0, 6, 9.74
1701339069, 0, 308, 415, 370, 29, 3.09%, 0, 0, 6, 8.09
1701341177, 0, 308, 416, 371, 29, 3.09%, 0, 0, 6, 8.97
1701341197, 0, 308, 417, 372, 29, 3.09%, 0, 0, 6, 7.65
1701341208, 0, 308, 418, 373, 29, 3.09%, 0, 0, 6, 8.83
1701341239, 0, 308, 419, 374, 29, 3.09%, 0, 0, 6, 8.72
1701341244, 0, 308, 420, 375, 29, 3.09%, 0, 0, 6, 10.73
1701341269, 0, 308, 421, 376, 29, 3.09%, 0, 0, 6, 8.70
1701341274, 0, 308, 422, 377, 29, 3.09%, 0, 0, 6, 9.19
1701341290, 0, 308, 423, 378, 29, 3.09%, 0, 0, 6, 9.11
1701341362, 0, 308, 425, 380, 29, 3.09%, 0, 0, 6, 12.17
1701341433, 0, 308, 426, 381, 29, 3.09%, 0, 0, 6, 10.35
1701341449, 0, 308, 427, 382, 29, 3.09%, 0, 0, 6, 9.61
1701341511, 0, 331, 428, 382, 28, 3.09%, 0, 0, 6, 10.76
1701342671, 0, 331, 429, 383, 28, 3.09%, 0, 0, 6, 8.29
1701343988, 0, 358, 429, 382, 28, 3.09%, 0, 0, 6, 10.00
1701344009, 0, 358, 430, 383, 28, 3.09%, 0, 0, 6, 8.25
1701344369, 0, 358, 431, 384, 28, 3.09%, 0, 0, 6, 8.45
1701346518, 0, 358, 432, 385, 28, 3.09%, 0, 0, 6, 9.08
1701346560, 0, 360, 432, 384, 26, 3.09%, 0, 0, 6, 8.78
1701346688, 0, 360, 434, 386, 26, 3.09%, 0, 0, 6, 9.70
1701347063, 0, 360, 435, 387, 26, 3.09%, 0, 0, 6, 9.86
1701348432, 0, 360, 437, 389, 26, 3.09%, 0, 0, 6, 8.64
1701348442, 0, 360, 438, 390, 26, 3.09%, 0, 0, 6, 10.00
1701348504, 0, 360, 439, 391, 26, 3.09%, 0, 0, 6, 8.91
1701348529, 0, 360, 440, 392, 26, 3.09%, 0, 0, 6, 8.85
1701348611, 0, 360, 441, 393, 26, 3.09%, 0, 0, 6, 11.08
1701348760, 0, 360, 442, 394, 26, 3.09%, 0, 0, 6, 8.19
1701348775, 0, 367, 442, 393, 28, 3.09%, 0, 0, 6, 7.78
1701348934, 0, 367, 443, 394, 28, 3.09%, 0, 0, 6, 9.35
1701350150, 0, 370, 443, 393, 28, 3.09%, 0, 0, 6, 10.21
1701350165, 0, 370, 445, 395, 28, 3.09%, 0, 0, 6, 8.81
1701350196, 0, 370, 446, 396, 28, 3.09%, 0, 0, 6, 8.12
1701351575, 0, 372, 446, 395, 28, 3.09%, 0, 0, 6, 10.92
1701351616, 0, 372, 447, 396, 28, 3.09%, 0, 0, 6, 7.84
1701353659, 0, 373, 447, 395, 28, 3.09%, 0, 0, 6, 8.50
1701354106, 0, 373, 448, 396, 28, 3.09%, 0, 0, 6, 7.92
1701354984, 0, 373, 449, 397, 28, 3.09%, 0, 0, 6, 9.69
1701355010, 0, 376, 449, 396, 29, 3.09%, 0, 0, 6, 10.83
1701356364, 0, 376, 450, 397, 29, 3.09%, 0, 0, 6, 8.21
1701356405, 0, 381, 450, 396, 29, 3.09%, 0, 0, 6, 8.29
1701358198, 0, 388, 450, 395, 28, 3.09%, 0, 0, 6, 11.69
1701359039, 0, 394, 450, 394, 27, 3.09%, 0, 0, 6, 9.35
1701359100, 0, 394, 451, 395, 27, 3.09%, 0, 0, 6, 8.31
1701359819, 0, 395, 451, 394, 28, 3.09%, 0, 0, 6, 9.04
1701359895, 0, 395, 452, 395, 28, 3.09%, 0, 0, 6, 9.24
1701360582, 0, 398, 452, 392, 26, 3.09%, 0, 0, 6, 9.49
1701360587, 0, 400, 452, 391, 25, 3.09%, 0, 0, 6, 9.01
1701361988, 0, 400, 453, 392, 25, 3.09%, 0, 0, 6, 10.79
1701362008, 0, 401, 453, 391, 23, 3.09%, 0, 0, 6, 9.18
1701363342, 0, 401, 454, 392, 23, 3.09%, 0, 0, 6, 10.34
1701363352, 0, 401, 455, 393, 23, 3.09%, 0, 0, 6, 9.71
1701363357, 0, 401, 456, 394, 23, 3.09%, 0, 0, 6, 9.31
1701363373, 0, 401, 457, 395, 23, 3.09%, 0, 0, 6, 10.37
1701363383, 0, 401, 458, 396, 23, 3.09%, 0, 0, 6, 11.17
1701363409, 0, 401, 459, 397, 23, 3.09%, 0, 0, 6, 8.54
1701363414, 0, 401, 460, 398, 23, 3.10%, 0, 0, 6, 8.49
1701363434, 0, 401, 461, 399, 23, 3.11%, 0, 0, 6, 11.46
1701363526, 0, 401, 462, 400, 23, 3.11%, 0, 0, 6, 9.15
1701363577, 0, 401, 463, 401, 23, 3.11%, 0, 0, 6, 7.87
1701363613, 0, 402, 463, 400, 26, 3.11%, 0, 0, 6, 9.95
1701365074, 0, 402, 464, 401, 26, 3.11%, 0, 0, 6, 9.95
1701365111, 0, 403, 464, 400, 27, 3.11%, 0, 0, 6, 10.31
1701366471, 0, 405, 464, 399, 26, 3.11%, 0, 0, 6, 10.91
1701367225, 0, 406, 464, 398, 25, 3.11%, 0, 0, 6, 10.44
1701367231, 0, 410, 464, 397, 24, 3.11%, 0, 0, 6, 9.25
1701367246, 0, 410, 465, 398, 24, 3.11%, 0, 0, 7, 7.82
1701368200, 0, 413, 465, 397, 24, 3.11%, 0, 0, 7, 9.60
1701368272, 0, 413, 466, 398, 24, 3.11%, 0, 0, 7, 8.31
1701368564, 0, 413, 467, 399, 24, 3.11%, 0, 0, 7, 7.80
1701369145, 0, 413, 468, 400, 24, 3.11%, 0, 0, 7, 6.92
1701369155, 0, 413, 469, 401, 24, 3.11%, 0, 0, 7, 10.09
1701369166, 0, 413, 470, 402, 24, 3.11%, 0, 0, 7, 8.66
1701369191, 0, 413, 471, 403, 24, 3.11%, 0, 0, 7, 9.73
1701369237, 0, 413, 472, 404, 24, 3.11%, 0, 0, 7, 7.69
1701369258, 0, 413, 473, 405, 24, 3.11%, 0, 0, 7, 9.17
1701369488, 0, 425, 473, 404, 25, 3.11%, 0, 0, 7, 8.54
1701369503, 0, 425, 474, 405, 25, 3.11%, 0, 0, 7, 8.28
1701369590, 0, 425, 475, 406, 25, 3.11%, 0, 0, 7, 7.65
1701371521, 0, 428, 475, 405, 25, 3.11%, 0, 0, 7, 10.03
1701374031, 0, 428, 477, 407, 25, 3.11%, 0, 0, 7, 8.56
1701374077, 0, 428, 478, 408, 25, 3.11%, 0, 0, 7, 10.22
1701374114, 0, 428, 479, 409, 25, 3.11%, 0, 0, 7, 8.38
1701374160, 0, 428, 480, 410, 25, 3.11%, 0, 0, 7, 11.02
1701374217, 0, 428, 481, 411, 25, 3.11%, 0, 0, 7, 8.15
1701374253, 0, 428, 482, 412, 25, 3.11%, 0, 0, 7, 9.39
1701374376, 0, 431, 482, 411, 25, 3.11%, 0, 0, 7, 7.65
1701377702, 0, 431, 483, 412, 25, 3.11%, 0, 0, 7, 7.53
1701377712, 0, 431, 484, 413, 25, 3.11%, 0, 0, 7, 7.23
1701377753, 0, 431, 485, 414, 25, 3.11%, 0, 0, 7, 7.98
1701377773, 0, 431, 486, 415, 25, 3.11%, 0, 0, 7, 9.48
1701377794, 0, 431, 488, 417, 25, 3.11%, 0, 0, 7, 9.45
1701377932, 0, 431, 489, 418, 25, 3.11%, 0, 0, 7, 8.96
1701377953, 0, 431, 490, 419, 25, 3.11%, 0, 0, 7, 9.26
1701377968, 0, 431, 492, 421, 25, 3.11%, 0, 0, 7, 9.30
1701378067, 0, 435, 492, 420, 25, 3.11%, 0, 0, 7, 8.07
1701378683, 0, 435, 493, 421, 25, 3.14%, 0, 0, 7, 7.69
1701380092, 0, 435, 494, 422, 25, 3.14%, 0, 0, 7, 10.44
1701380107, 0, 435, 495, 423, 25, 3.14%, 0, 0, 7, 8.51
1701380174, 0, 440, 495, 422, 25, 3.14%, 0, 0, 7, 11.96
1701381363, 0, 441, 495, 421, 24, 3.14%, 0, 0, 7, 10.56
1701382426, 0, 442, 495, 420, 23, 3.14%, 0, 0, 7, 9.43
1701383743, 0, 442, 496, 421, 23, 3.14%, 0, 0, 7, 8.16
1701383784, 0, 445, 496, 420, 23, 3.14%, 0, 0, 7, 6.96
1701383800, 0, 445, 497, 421, 23, 3.14%, 0, 0, 7, 8.54
1701385155, 0, 445, 498, 422, 23, 3.14%, 0, 0, 7, 8.64
1701385196, 0, 446, 498, 421, 23, 3.14%, 0, 0, 7, 9.21
1701385201, 0, 448, 498, 419, 21, 3.14%, 0, 0, 7, 7.92
1701385761, 0, 448, 499, 420, 21, 3.14%, 0, 0, 7, 8.09
1701387138, 0, 449, 499, 419, 21, 3.14%, 0, 0, 7, 8.45
1701389021, 0, 451, 499, 417, 19, 3.14%, 0, 0, 7, 9.76
1701389304, 0, 451, 500, 418, 19, 3.14%, 0, 0, 7, 8.36
1701389806, 0, 451, 501, 419, 19, 3.14%, 0, 0, 7, 9.11
1701389827, 0, 451, 502, 420, 19, 3.14%, 0, 0, 7, 9.12
1701389847, 0, 451, 503, 421, 19, 3.14%, 0, 0, 7, 9.05
1701389908, 0, 451, 504, 422, 19, 3.14%, 0, 0, 7, 10.09
1701389934, 0, 451, 505, 423, 19, 3.14%, 0, 0, 7, 10.29
1701390139, 0, 455, 505, 422, 21, 3.14%, 0, 0, 7, 8.89
1701390180, 0, 455, 506, 423, 21, 3.14%, 0, 0, 7, 9.25
1701390914, 0, 455, 507, 424, 21, 3.14%, 0, 0, 7, 8.84
1701391822, 0, 457, 507, 423, 21, 3.14%, 0, 0, 7, 7.24
1701392192, 0, 457, 508, 424, 21, 3.14%, 0, 0, 7, 8.10
1701393060, 0, 457, 509, 425, 21, 3.14%, 0, 0, 7, 8.07
1701393096, 0, 457, 510, 426, 21, 3.14%, 0, 0, 7, 8.87
1701393136, 0, 459, 510, 425, 22, 3.14%, 0, 0, 7, 8.38
1701393213, 0, 459, 511, 426, 22, 3.14%, 0, 0, 7, 7.88
1701393218, 0, 459, 512, 427, 22, 3.15%, 0, 0, 7, 8.58
1701394132, 0, 459, 513, 428, 22, 3.15%, 0, 0, 7, 10.12
1701394157, 0, 460, 513, 427, 23, 3.15%, 0, 0, 7, 8.86
1701395429, 0, 460, 514, 428, 23, 3.15%, 0, 0, 7, 8.38
1701395434, 0, 460, 515, 429, 23, 3.15%, 0, 0, 7, 8.53
1701395495, 0, 460, 516, 430, 23, 3.15%, 0, 0, 7, 9.60
1701395546, 0, 460, 517, 431, 23, 3.15%, 0, 0, 7, 8.84
1701395773, 0, 463, 517, 430, 24, 3.15%, 0, 0, 7, 7.87
1701396400, 0, 463, 518, 431, 24, 3.15%, 0, 0, 7, 7.82
1701397000, 0, 463, 519, 432, 24, 3.15%, 0, 0, 7, 9.13
1701397025, 0, 464, 519, 431, 24, 3.15%, 0, 0, 7, 8.63
1701397031, 0, 466, 520, 431, 23, 3.15%, 0, 0, 8, 7.58
1701397041, 0, 476, 520, 430, 22, 3.15%, 0, 0, 8, 10.01
1701397051, 0, 478, 520, 429, 21, 3.15%, 0, 0, 8, 9.01
1701397067, 0, 479, 520, 428, 21, 3.15%, 0, 0, 8, 9.34
1701397077, 0, 479, 521, 429, 21, 3.15%, 0, 0, 8, 10.09
1701397087, 0, 490, 521, 428, 20, 3.15%, 0, 0, 8, 8.06
1701397098, 0, 490, 522, 429, 20, 3.15%, 0, 0, 8, 7.68
1701397113, 0, 492, 522, 428, 19, 3.15%, 0, 0, 8, 7.61
1701397123, 0, 495, 522, 427, 18, 3.15%, 0, 0, 8, 7.28
1701397128, 0, 495, 523, 428, 18, 3.15%, 0, 0, 8, 8.13
1701397133, 0, 495, 524, 429, 18, 3.15%, 0, 0, 8, 8.77
1701397149, 0, 497, 524, 428, 18, 3.15%, 0, 0, 8, 8.99
1701397159, 0, 497, 525, 429, 18, 3.15%, 0, 0, 8, 8.36
1701397169, 0, 498, 525, 428, 18, 3.15%, 0, 0, 8, 8.05
1701397174, 0, 501, 525, 427, 17, 3.15%, 0, 0, 8, 8.75
1701397179, 0, 502, 526, 427, 16, 3.15%, 0, 0, 8, 9.01
1701397189, 0, 502, 527, 428, 16, 3.15%, 0, 0, 8, 10.45
1701397205, 0, 504, 527, 427, 16, 3.15%, 0, 0, 8, 8.95
1701397210, 0, 506, 527, 426, 15, 3.15%, 0, 0, 8, 8.69
1701397220, 0, 509, 527, 424, 13, 3.15%, 0, 0, 8, 9.59
1701397230, 0, 512, 527, 422, 11, 3.15%, 0, 0, 8, 9.63
1701397235, 0, 515, 527, 421, 10, 3.15%, 0, 0, 8, 10.76
1701397256, 0, 515, 528, 422, 10, 3.15%, 0, 0, 8, 6.85
1701397261, 0, 515, 530, 424, 10, 3.15%, 0, 0, 8, 6.26
1701397266, 0, 515, 531, 425, 10, 3.15%, 0, 0, 8, 6.96
1701397281, 0, 515, 532, 426, 10, 3.15%, 0, 0, 8, 8.62
1701397286, 0, 515, 533, 427, 10, 3.15%, 0, 0, 8, 8.57
1701397292, 0, 515, 534, 428, 10, 3.15%, 0, 0, 8, 8.48
1701397297, 0, 515, 535, 429, 10, 3.15%, 0, 0, 8, 9.11
1701397332, 0, 515, 537, 431, 10, 3.15%, 0, 0, 8, 7.84
1701397343, 0, 515, 538, 432, 10, 3.15%, 0, 0, 8, 8.59
1701397353, 0, 515, 539, 433, 10, 3.15%, 0, 0, 8, 7.99
1701397358, 0, 515, 540, 434, 10, 3.15%, 0, 0, 8, 8.45
1701397363, 0, 518, 541, 434, 12, 3.15%, 0, 0, 8, 8.70
1701397379, 0, 519, 541, 433, 11, 3.15%, 0, 0, 8, 10.53
1701397384, 0, 522, 541, 432, 10, 3.15%, 0, 0, 8, 9.23
1701397435, 0, 522, 542, 433, 10, 3.15%, 0, 0, 9, 9.43
1701399865, 0, 524, 542, 432, 10, 3.15%, 0, 0, 9, 8.11
1701399906, 0, 524, 543, 433, 10, 3.15%, 0, 0, 9, 8.83
1701399926, 0, 524, 544, 434, 10, 3.15%, 0, 0, 9, 8.97
1701400199, 0, 524, 545, 435, 10, 3.15%, 0, 0, 9, 7.03
1701402282, 0, 524, 546, 436, 10, 3.15%, 0, 0, 9, 7.83
1701402370, 0, 525, 546, 435, 10, 3.15%, 0, 0, 9, 10.16
1701402380, 0, 525, 548, 437, 10, 3.15%, 0, 0, 9, 9.31
1701403026, 0, 527, 548, 436, 10, 3.15%, 0, 0, 9, 8.44
1701403047, 0, 531, 548, 435, 9, 3.15%, 0, 0, 9, 6.74
1701403077, 0, 531, 549, 436, 9, 3.15%, 0, 0, 9, 5.69
1701403088, 0, 531, 550, 437, 9, 3.15%, 0, 0, 9, 5.04
1701403114, 0, 531, 551, 438, 9, 3.15%, 0, 0, 9, 6.82
1701403233, 0, 531, 552, 439, 9, 3.15%, 0, 0, 9, 5.58
1701403305, 0, 531, 553, 440, 9, 3.15%, 0, 0, 9, 6.33
1701403321, 0, 531, 555, 442, 9, 3.15%, 0, 0, 9, 6.18
1701403326, 0, 531, 556, 443, 9, 3.15%, 0, 0, 9, 6.30
1701403501, 0, 531, 557, 444, 9, 3.15%, 0, 0, 9, 6.50
1701404997, 0, 531, 558, 445, 9, 3.15%, 0, 0, 9, 6.25
1701405622, 0, 531, 559, 446, 9, 3.15%, 0, 0, 9, 5.43
1701408294, 0, 531, 560, 447, 9, 3.15%, 0, 0, 9, 7.28
1701408304, 0, 531, 561, 448, 9, 3.15%, 0, 0, 9, 6.41
1701408561, 0, 531, 562, 449, 9, 3.15%, 0, 0, 9, 5.43
1701408577, 0, 531, 563, 450, 9, 3.15%, 0, 0, 9, 5.34
1701408603, 0, 531, 564, 451, 9, 3.15%, 0, 0, 9, 5.47
1701408624, 0, 531, 565, 452, 9, 3.15%, 0, 0, 9, 6.58
1701408670, 0, 531, 566, 453, 9, 3.15%, 0, 0, 9, 7.40
1701408691, 0, 531, 567, 454, 9, 3.15%, 0, 0, 9, 8.57
1701408716, 0, 531, 568, 455, 9, 3.15%, 0, 0, 9, 6.82
1701408752, 0, 531, 570, 457, 9, 3.15%, 0, 0, 9, 7.55
1701408762, 0, 531, 571, 458, 9, 3.15%, 0, 0, 9, 7.12
1701408773, 0, 531, 572, 459, 9, 3.15%, 0, 0, 9, 7.26
1701408829, 0, 531, 573, 460, 9, 3.15%, 0, 0, 9, 8.72
1701408850, 0, 531, 574, 461, 9, 3.15%, 0, 0, 9, 6.92
1701408855, 0, 531, 575, 462, 9, 3.15%, 0, 0, 9, 6.43
1701408865, 0, 531, 576, 463, 9, 3.15%, 0, 0, 9, 8.59
1701408891, 0, 541, 576, 462, 12, 3.15%, 0, 0, 9, 7.81
1701408896, 0, 544, 576, 461, 11, 3.15%, 0, 0, 9, 8.22
1701411113, 0, 544, 577, 462, 11, 3.15%, 0, 0, 10, 8.49
1701411231, 0, 544, 578, 463, 11, 3.15%, 0, 0, 10, 8.73
1701411257, 0, 544, 579, 464, 11, 3.15%, 0, 0, 10, 9.14
1701411334, 0, 544, 580, 465, 11, 3.15%, 0, 0, 10, 9.40
1701411344, 0, 544, 581, 466, 11, 3.15%, 0, 0, 10, 9.50
1701411477, 0, 555, 581, 464, 10, 3.15%, 0, 0, 10, 7.56
1701411509, 0, 555, 582, 465, 10, 3.15%, 0, 0, 10, 6.01
1701411751, 0, 555, 583, 466, 10, 3.15%, 0, 0, 10, 5.75
1701415908, 0, 555, 584, 467, 10, 3.15%, 0, 0, 10, 5.65
1701417655, 0, 555, 585, 468, 10, 3.15%, 0, 0, 10, 6.94
1701417670, 0, 555, 586, 469, 10, 3.15%, 0, 0, 10, 6.15
1701417691, 0, 555, 587, 470, 10, 3.15%, 0, 0, 10, 5.96
1701417706, 0, 555, 588, 471, 10, 3.15%, 0, 0, 10, 6.79
1701417742, 0, 555, 589, 472, 10, 3.15%, 0, 0, 10, 8.21
1701417799, 0, 555, 590, 473, 10, 3.15%, 0, 0, 10, 4.90
1701417815, 0, 555, 591, 474, 10, 3.15%, 0, 0, 10, 6.73
1701417892, 0, 555, 592, 475, 10, 3.15%, 0, 0, 10, 7.77
1701417980, 0, 556, 592, 474, 11, 3.15%, 0, 0, 10, 6.87
1701417990, 0, 557, 592, 473, 10, 3.15%, 0, 0, 10, 5.93
1701418016, 0, 557, 593, 474, 10, 3.15%, 0, 0, 10, 8.38
1701418021, 0, 558, 593, 473, 9, 3.15%, 0, 0, 10, 7.77
1701418036, 0, 577, 593, 472, 8, 3.15%, 0, 0, 10, 5.87
1701418072, 0, 577, 594, 473, 8, 3.15%, 0, 0, 11, 6.92
1701420226, 0, 577, 595, 474, 8, 3.15%, 0, 0, 11, 8.88
1701420397, 0, 580, 595, 473, 8, 3.15%, 0, 0, 11, 9.34
1701422763, 0, 580, 596, 474, 8, 3.15%, 0, 0, 11, 8.39
1701422779, 0, 580, 597, 475, 8, 3.15%, 0, 0, 11, 7.22
1701422922, 0, 584, 597, 474, 8, 3.15%, 0, 0, 11, 7.89
1701422953, 0, 584, 598, 475, 8, 3.16%, 0, 0, 11, 8.11
1701422958, 0, 584, 599, 476, 8, 3.16%, 0, 0, 11, 8.11
1701422974, 0, 591, 599, 475, 8, 3.16%, 0, 0, 11, 8.89
1701423535, 0, 591, 600, 476, 8, 3.16%, 0, 0, 11, 7.03
1701424728, 0, 591, 601, 477, 8, 3.16%, 0, 0, 11, 5.46
1701427269, 0, 591, 602, 478, 8, 3.16%, 0, 0, 11, 6.84
1701427357, 0, 591, 603, 479, 8, 3.16%, 0, 0, 11, 7.37
1701427424, 0, 594, 603, 478, 7, 3.16%, 0, 0, 11, 8.01
1701427429, 0, 594, 604, 479, 7, 3.16%, 0, 0, 12, 8.63
1701427440, 0, 594, 605, 480, 7, 3.16%, 0, 0, 12, 9.26
1701427445, 0, 594, 606, 481, 7, 3.16%, 0, 0, 12, 9.16
1701427470, 0, 594, 607, 482, 7, 3.16%, 0, 0, 12, 9.54
1701427491, 0, 594, 608, 483, 7, 3.16%, 0, 0, 12, 7.83
1701427507, 0, 596, 608, 482, 7, 3.16%, 0, 0, 12, 7.57
1701427517, 0, 596, 609, 483, 7, 3.16%, 0, 0, 12, 8.07
1701427522, 0, 596, 611, 485, 7, 3.16%, 0, 0, 12, 8.43
1701427548, 0, 596, 612, 486, 7, 3.16%, 0, 0, 12, 9.72
1701427568, 0, 596, 613, 487, 7, 3.16%, 0, 0, 12, 9.60
1701427579, 0, 597, 613, 486, 7, 3.16%, 0, 0, 12, 8.89
1701427615, 0, 598, 613, 485, 6, 3.16%, 0, 0, 12, 8.62
1701427640, 0, 600, 613, 484, 5, 3.16%, 0, 0, 12, 8.43
1701427656, 0, 604, 613, 483, 4, 3.16%, 0, 0, 12, 8.57
1701427671, 0, 610, 613, 482, 3, 3.16%, 0, 0, 12, 7.61
1701427681, 0, 610, 614, 483, 3, 3.16%, 0, 0, 13, 7.61
1701427691, 0, 612, 614, 482, 3, 3.16%, 0, 0, 13, 9.98
1701427707, 0, 612, 615, 483, 3, 3.16%, 0, 0, 13, 8.93
1701427712, 0, 612, 616, 484, 3, 3.16%, 0, 0, 13, 8.41
1701427738, 0, 613, 616, 483, 4, 3.16%, 0, 0, 13, 8.64
1701427753, 0, 614, 616, 482, 3, 3.16%, 0, 0, 13, 8.23
1701427774, 0, 614, 617, 483, 3, 3.18%, 0, 0, 14, 7.88
1701427779, 0, 614, 618, 484, 3, 3.18%, 0, 0, 14, 7.62
1701427785, 0, 614, 620, 486, 3, 3.18%, 0, 0, 14, 9.87
1701427800, 0, 614, 621, 487, 3, 3.18%, 0, 0, 14, 10.68
1701427810, 0, 614, 622, 488, 3, 3.18%, 0, 0, 14, 9.15
1701427831, 0, 614, 623, 489, 3, 3.18%, 0, 0, 14, 9.18
1701427841, 0, 618, 623, 488, 5, 3.18%, 0, 0, 14, 9.66
1701427856, 0, 620, 623, 487, 4, 3.18%, 0, 0, 14, 9.54
1701427872, 1, 76, 623, 486, 3, 3.18%, 0, 0, 14, 10.55
1701428631, 1, 135, 623, 485, 3, 3.18%, 0, 0, 14, 10.94
1701428636, 1, 238, 623, 484, 4, 3.18%, 0, 0, 14, 10.21
1701428651, 1, 238, 625, 486, 4, 3.18%, 0, 0, 14, 11.56
1701429323, 1, 389, 625, 484, 3, 3.18%, 0, 0, 14, 8.43
1701429369, 1, 389, 626, 485, 3, 3.18%, 0, 0, 14, 8.79
1701430178, 1, 389, 627, 486, 3, 3.19%, 0, 0, 14, 8.77
1701430183, 1, 389, 628, 487, 3, 3.19%, 0, 0, 14, 9.17
1701430255, 1, 415, 628, 486, 5, 3.19%, 0, 0, 14, 8.71
1701433652, 1, 452, 628, 485, 4, 3.19%, 0, 0, 14, 7.58
1701435661, 1, 452, 629, 486, 4, 3.19%, 0, 0, 14, 8.07
1701435707, 1, 624, 629, 485, 5, 3.19%, 0, 0, 14, 8.17
1701435712, 1, 625, 629, 484, 4, 3.19%, 0, 0, 14, 8.47
1701436569, 1, 625, 630, 485, 4, 3.19%, 0, 0, 14, 9.68
1701436620, 1, 625, 631, 486, 4, 3.19%, 0, 0, 14, 10.12
1701436682, 1, 625, 632, 487, 4, 3.19%, 0, 0, 14, 8.90
1701436865, 1, 625, 633, 488, 4, 3.19%, 0, 0, 14, 10.10
1701436871, 1, 626, 633, 487, 5, 3.19%, 0, 0, 14, 9.93
1701436881, 1, 626, 634, 488, 5, 3.20%, 0, 0, 14, 10.65
1701436886, 1, 626, 636, 490, 5, 3.20%, 0, 0, 14, 10.10
1701436891, 1, 626, 638, 492, 5, 3.20%, 0, 0, 14, 9.12
1701436896, 1, 626, 640, 494, 5, 3.20%, 0, 0, 14, 9.28
1701437875, 1, 626, 641, 495, 5, 3.20%, 0, 0, 14, 8.04
1701437931, 1, 626, 642, 496, 5, 3.20%, 0, 0, 14, 10.21
1701437942, 1, 626, 643, 497, 5, 3.20%, 0, 0, 14, 8.74
1701438035, 1, 626, 644, 498, 5, 3.20%, 0, 0, 14, 10.27
1701438101, 1, 626, 645, 499, 5, 3.20%, 0, 0, 14, 10.75
1701438260, 1, 627, 645, 498, 9, 3.20%, 0, 0, 14, 7.11
1701440371, 1, 627, 646, 499, 9, 3.20%, 0, 0, 14, 9.15
1701440565, 1, 628, 646, 498, 9, 3.20%, 0, 0, 14, 8.31
1701443796, 1, 628, 647, 499, 9, 3.20%, 0, 0, 14, 8.23
1701443801, 1, 628, 648, 500, 9, 3.20%, 0, 0, 14, 9.04
1701443950, 1, 628, 649, 501, 9, 3.20%, 0, 0, 14, 10.60
1701443956, 1, 628, 650, 502, 9, 3.20%, 0, 0, 14, 10.18
1701443971, 1, 628, 651, 503, 9, 3.20%, 0, 0, 14, 9.55
1701444012, 1, 628, 652, 504, 9, 3.20%, 0, 0, 14, 8.34
1701444033, 1, 628, 654, 506, 9, 3.20%, 0, 0, 14, 9.57
1701444048, 1, 628, 655, 507, 9, 3.20%, 0, 0, 14, 8.61
1701444130, 1, 628, 656, 508, 9, 3.21%, 0, 0, 14, 8.67
1701444320, 1, 632, 656, 507, 13, 3.21%, 0, 0, 14, 9.72
1701446581, 1, 635, 656, 506, 12, 3.21%, 0, 0, 14, 8.18
1701446596, 1, 635, 657, 507, 12, 3.21%, 0, 0, 14, 9.30
1701447467, 1, 635, 658, 508, 12, 3.21%, 0, 0, 14, 10.27
1701447472, 1, 635, 659, 509, 12, 3.21%, 0, 0, 14, 10.40
1701447640, 1, 640, 659, 508, 12, 3.21%, 0, 0, 14, 7.57
1701447651, 1, 642, 659, 507, 11, 3.21%, 0, 0, 14, 7.65
1701447847, 1, 642, 660, 508, 11, 3.21%, 0, 0, 14, 5.85
1701451535, 1, 642, 661, 509, 11, 3.21%, 0, 0, 14, 4.64
1701451834, 1, 643, 662, 509, 11, 3.21%, 0, 0, 14, 11.12
1701452958, 1, 644, 662, 508, 11, 3.21%, 0, 0, 14, 8.39
1701455022, 1, 644, 663, 509, 11, 3.21%, 0, 0, 14, 9.84
1701455033, 1, 644, 664, 510, 11, 3.21%, 0, 0, 14, 9.18
1701455146, 1, 644, 665, 511, 11, 3.21%, 0, 0, 14, 9.01
1701455208, 1, 645, 665, 510, 12, 3.21%, 0, 0, 14, 8.86
1701455366, 1, 645, 667, 512, 12, 3.21%, 0, 0, 14, 7.55
1701457827, 1, 645, 668, 513, 12, 3.21%, 0, 0, 14, 8.94
1701457898, 1, 650, 668, 512, 13, 3.21%, 0, 0, 14, 9.29
1701459737, 1, 650, 669, 513, 13, 3.21%, 0, 0, 14, 9.38
1701459743, 1, 650, 670, 514, 13, 3.21%, 0, 0, 14, 10.90
1701459748, 1, 650, 671, 515, 13, 3.21%, 0, 0, 14, 9.82
1701459957, 1, 650, 672, 516, 13, 3.21%, 0, 0, 14, 9.46
1701459993, 1, 651, 672, 515, 14, 3.21%, 0, 0, 14, 8.89
1701462053, 1, 651, 673, 516, 14, 3.21%, 0, 0, 14, 9.68
1701462124, 1, 651, 674, 517, 14, 3.21%, 0, 0, 14, 7.17
1701462269, 1, 651, 675, 518, 14, 3.21%, 0, 0, 14, 9.11
1701462310, 1, 654, 675, 517, 15, 3.21%, 0, 0, 14, 8.69
1701463399, 1, 654, 676, 518, 15, 3.21%, 0, 0, 14, 9.34
1701464967, 1, 654, 677, 519, 15, 3.21%, 0, 0, 14, 9.24
1701465152, 1, 654, 678, 520, 15, 3.21%, 0, 0, 14, 7.90
1701465275, 1, 655, 678, 519, 14, 3.21%, 0, 0, 14, 9.93
1701467378, 1, 655, 679, 520, 14, 3.21%, 0, 0, 14, 12.12
1701467394, 1, 655, 680, 521, 14, 3.21%, 0, 0, 14, 12.66
1701467435, 1, 655, 681, 522, 14, 3.21%, 0, 0, 14, 13.23
1701467466, 1, 655, 682, 523, 14, 3.21%, 0, 0, 14, 12.33
1701467532, 1, 655, 683, 524, 14, 3.21%, 0, 0, 14, 10.01
1701467589, 1, 659, 683, 523, 12, 3.21%, 0, 0, 14, 10.09
1701467779, 1, 659, 684, 524, 12, 3.21%, 0, 0, 14, 8.23
1701467892, 1, 659, 685, 525, 12, 3.21%, 0, 0, 14, 7.79
