# unix_time, cycles_done, cur_path, paths_total, pending_total, pending_favs, map_size, unique_crashes, unique_hangs, max_depth, execs_per_sec
1701470832, 0, 0, 1, 1, 1, 1.63%, 0, 0, 1, 9.08
1701470842, 0, 0, 3, 3, 1, 1.64%, 0, 0, 2, 7.11
1701470847, 0, 0, 5, 5, 1, 1.65%, 0, 0, 2, 8.30
1701470852, 0, 0, 9, 9, 1, 1.75%, 0, 0, 2, 8.97
1701470857, 0, 0, 12, 12, 1, 1.76%, 0, 0, 2, 10.39
1701470863, 0, 0, 17, 17, 1, 1.77%, 0, 0, 2, 12.24
1701470868, 0, 0, 18, 18, 1, 1.77%, 0, 0, 2, 13.65
1701470873, 0, 0, 19, 19, 1, 1.77%, 0, 0, 2, 15.63
1701470914, 0, 0, 20, 20, 1, 1.77%, 0, 0, 2, 26.06
1701470919, 0, 0, 21, 21, 1, 1.77%, 0, 0, 2, 23.29
1701470924, 0, 0, 22, 22, 1, 1.77%, 0, 0, 2, 21.94
1701470970, 0, 0, 25, 25, 1, 1.78%, 0, 0, 2, 24.28
1701471031, 0, 0, 27, 27, 1, 1.78%, 0, 0, 2, 22.90
1701471062, 0, 0, 29, 29, 1, 1.78%, 0, 0, 2, 24.92
1701471067, 0, 0, 31, 31, 1, 1.78%, 0, 0, 2, 24.61
1701471129, 0, 0, 32, 32, 1, 1.78%, 0, 0, 2, 27.79
1701471154, 0, 0, 35, 35, 1, 1.79%, 0, 0, 2, 19.97
1701471159, 0, 0, 36, 36, 1, 1.79%, 0, 0, 2, 25.41
1701471169, 0, 0, 37, 37, 1, 1.79%, 0, 0, 2, 23.45
1701471231, 0, 0, 39, 39, 1, 1.79%, 0, 0, 2, 27.97
1701471338, 0, 0, 43, 43, 1, 1.79%, 0, 0, 2, 24.77
1701471343, 0, 0, 45, 45, 1, 1.79%, 0, 0, 2, 23.18
1701471348, 0, 0, 56, 56, 1, 1.80%, 0, 0, 2, 25.93
1701471353, 0, 0, 61, 61, 1, 1.80%, 0, 0, 2, 21.07
1701471358, 0, 0, 68, 68, 1, 1.80%, 0, 0, 2, 22.74
1701471363, 0, 0, 71, 71, 1, 1.80%, 0, 0, 2, 24.05
1701471368, 0, 0, 74, 74, 1, 1.80%, 0, 0, 2, 21.57
1701471374, 0, 0, 80, 80, 1, 1.80%, 0, 0, 2, 25.34
1701471379, 0, 0, 82, 82, 1, 1.80%, 0, 0, 2, 20.45
1701471384, 0, 0, 83, 83, 1, 1.80%, 0, 0, 2, 16.37
1701471389, 0, 0, 85, 85, 1, 1.80%, 0, 0, 2, 16.37
1701471394, 0, 0, 87, 87, 1, 1.80%, 0, 0, 2, 21.24
1701471399, 0, 0, 89, 89, 1, 1.80%, 0, 0, 2, 22.64
1701471404, 0, 0, 91, 91, 1, 1.80%, 0, 0, 2, 24.49
1701471409, 0, 0, 95, 95, 1, 1.80%, 0, 0, 2, 18.14
1701471414, 0, 0, 96, 96, 1, 1.80%, 0, 0, 2, 18.95
1701471419, 0, 0, 98, 98, 1, 1.80%, 0, 0, 2, 19.11
1701471435, 0, 0, 100, 100, 1, 1.80%, 0, 0, 2, 16.22
1701471440, 0, 0, 101, 101, 1, 1.80%, 0, 0, 2, 17.54
1701471465, 0, 0, 103, 103, 1, 1.80%, 0, 0, 2, 20.86
1701471470, 0, 0, 104, 104, 1, 1.80%, 0, 0, 2, 20.39
1701471481, 0, 0, 105, 105, 1, 1.80%, 0, 0, 2, 17.08
1701471486, 0, 0, 106, 106, 1, 1.80%, 0, 0, 2, 24.55
1701471491, 0, 0, 107, 107, 1, 1.80%, 0, 0, 2, 27.86
1701471496, 0, 0, 111, 111, 1, 1.80%, 0, 0, 2, 27.84
1701471512, 0, 0, 112, 112, 1, 1.80%, 0, 0, 2, 17.62
1701471517, 0, 0, 113, 113, 1, 1.81%, 0, 0, 2, 21.89
1701471522, 0, 0, 115, 115, 1, 1.81%, 0, 0, 2, 18.83
1701471527, 0, 0, 116, 116, 1, 1.81%, 0, 0, 2, 17.46
1701471537, 0, 7, 116, 115, 20, 1.81%, 0, 0, 2, 13.69
1701472002, 0, 7, 117, 116, 20, 1.81%, 0, 0, 3, 23.45
1701472007, 0, 24, 117, 115, 20, 1.81%, 0, 0, 3, 23.86
1701472231, 0, 24, 118, 116, 20, 1.81%, 0, 0, 3, 24.16
1701472236, 0, 24, 119, 117, 20, 1.81%, 0, 0, 3, 20.04
1701472318, 0, 24, 120, 118, 20, 1.81%, 0, 0, 3, 19.71
1701472533, 0, 24, 121, 119, 20, 1.81%, 0, 0, 3, 24.56
1701472538, 0, 24, 122, 120, 20, 1.81%, 0, 0, 3, 23.05
1701472548, 0, 24, 123, 121, 20, 1.81%, 0, 0, 3, 20.26
1701472558, 0, 24, 124, 122, 20, 1.81%, 0, 0, 3, 18.97
1701472574, 0, 24, 125, 123, 20, 1.81%, 0, 0, 3, 18.85
1701472584, 0, 24, 128, 126, 20, 1.81%, 0, 0, 3, 21.77
1701472605, 0, 24, 129, 127, 20, 1.81%, 0, 0, 3, 18.47
1701472610, 0, 24, 130, 128, 20, 1.81%, 0, 0, 3, 17.79
1701472620, 0, 24, 131, 129, 20, 1.81%, 0, 0, 3, 25.49
1701472625, 0, 24, 132, 130, 20, 1.81%, 0, 0, 3, 18.05
1701472635, 0, 24, 134, 132, 20, 1.81%, 0, 0, 3, 20.19
1701472646, 0, 24, 135, 133, 20, 1.81%, 0, 0, 3, 17.31
1701472702, 0, 27, 135, 132, 19, 1.81%, 0, 0, 3, 19.41
1701473213, 0, 27, 137, 134, 19, 1.81%, 0, 0, 3, 18.53
1701473219, 0, 27, 138, 135, 19, 1.81%, 0, 0, 3, 22.34
1701473229, 0, 27, 139, 136, 19, 1.81%, 0, 0, 3, 21.72
1701473234, 0, 27, 140, 137, 19, 1.81%, 0, 0, 3, 23.90
1701473244, 0, 27, 141, 138, 19, 1.81%, 0, 0, 3, 25.86
1701473254, 0, 27, 143, 140, 19, 1.81%, 0, 0, 3, 26.42
1701473280, 0, 27, 144, 141, 19, 2.23%, 0, 0, 3, 25.89
1701473290, 0, 27, 145, 142, 19, 2.23%, 0, 0, 3, 26.26
1701473295, 0, 27, 146, 143, 19, 2.24%, 0, 0, 3, 22.25
1701473300, 0, 27, 148, 145, 19, 2.24%, 0, 0, 3, 21.42
1701473316, 0, 27, 150, 147, 19, 2.24%, 0, 0, 3, 25.47
1701473331, 0, 27, 151, 148, 19, 2.24%, 0, 0, 3, 26.04
1701473336, 0, 27, 152, 149, 19, 2.24%, 0, 0, 3, 24.85
1701473341, 0, 27, 154, 151, 19, 2.24%, 0, 0, 3, 22.28
1701473356, 0, 29, 154, 150, 21, 2.24%, 0, 0, 3, 20.91
1701473882, 0, 29, 155, 151, 21, 2.24%, 0, 0, 3, 25.02
1701473888, 0, 30, 155, 150, 20, 2.24%, 0, 0, 3, 23.94
1701474388, 0, 30, 156, 151, 20, 2.24%, 0, 0, 3, 20.45
1701474393, 0, 30, 157, 152, 20, 2.24%, 0, 0, 3, 20.34
1701474409, 0, 32, 157, 151, 19, 2.24%, 0, 0, 3, 18.11
1701474904, 0, 44, 157, 150, 18, 2.24%, 0, 0, 3, 24.39
1701475211, 0, 51, 157, 149, 17, 2.24%, 0, 0, 3, 24.58
1701475216, 0, 51, 158, 150, 17, 2.24%, 0, 0, 3, 19.01
1701475292, 0, 51, 159, 151, 17, 2.24%, 0, 0, 3, 24.84
1701475308, 0, 51, 160, 152, 17, 2.32%, 0, 0, 3, 24.02
1701475968, 0, 57, 160, 151, 19, 2.32%, 0, 0, 3, 22.05
1701475998, 0, 57, 161, 152, 19, 2.32%, 0, 0, 3, 25.22
1701476045, 0, 57, 162, 153, 19, 2.32%, 0, 0, 3, 25.21
1701476270, 0, 70, 162, 152, 18, 2.32%, 0, 0, 3, 20.93
1701476280, 0, 71, 162, 151, 17, 2.32%, 0, 0, 3, 20.66
1701476566, 0, 71, 163, 152, 17, 2.32%, 0, 0, 3, 21.82
1701476571, 0, 71, 164, 153, 17, 2.32%, 0, 0, 3, 24.05
1701476587, 0, 72, 164, 152, 16, 2.32%, 0, 0, 3, 18.55
1701476592, 0, 72, 165, 153, 16, 2.32%, 0, 0, 3, 21.18
1701476679, 0, 72, 166, 154, 16, 2.32%, 0, 0, 3, 18.73
1701476893, 0, 72, 167, 155, 16, 2.32%, 0, 0, 3, 23.96
1701476898, 0, 72, 168, 156, 16, 2.32%, 0, 0, 3, 25.78
1701476903, 0, 72, 169, 157, 16, 2.32%, 0, 0, 3, 26.51
1701476929, 0, 88, 169, 156, 14, 2.32%, 0, 0, 3, 20.51
1701476939, 0, 88, 172, 159, 14, 2.32%, 0, 0, 3, 20.88
1701477461, 0, 106, 172, 158, 14, 2.32%, 0, 0, 3, 18.12
1701477767, 0, 107, 172, 157, 13, 2.32%, 0, 0, 3, 20.82
1701477798, 0, 107, 175, 160, 13, 2.32%, 0, 0, 3, 25.48
1701478012, 0, 107, 176, 161, 13, 2.32%, 0, 0, 3, 26.47
1701478318, 0, 112, 176, 160, 12, 2.32%, 0, 0, 3, 26.49
1701478324, 0, 112, 179, 163, 12, 2.32%, 0, 0, 3, 26.08
1701478339, 0, 112, 181, 165, 12, 2.32%, 0, 0, 3, 20.13
1701478672, 0, 112, 183, 167, 12, 2.32%, 0, 0, 3, 21.27
1701478682, 0, 112, 184, 168, 12, 2.32%, 0, 0, 3, 23.24
1701478703, 0, 112, 186, 170, 12, 2.32%, 0, 0, 3, 22.89
1701478708, 0, 112, 187, 171, 12, 2.32%, 0, 0, 3, 22.19
1701478789, 0, 112, 188, 172, 12, 2.32%, 0, 0, 3, 22.84
1701478810, 0, 113, 188, 171, 14, 2.32%, 0, 0, 3, 20.34
1701478979, 0, 116, 188, 170, 13, 2.32%, 0, 0, 3, 23.01
1701479811, 0, 116, 189, 171, 13, 2.32%, 0, 0, 4, 17.90
1701479816, 0, 116, 190, 172, 13, 2.32%, 0, 0, 4, 14.18
1701479827, 0, 143, 190, 171, 12, 2.32%, 0, 0, 4, 22.70
1701479832, 0, 143, 192, 173, 12, 2.32%, 0, 0, 4, 21.43
1701479883, 0, 143, 198, 179, 12, 2.37%, 0, 0, 4, 20.01
1701479888, 0, 143, 205, 186, 12, 2.47%, 0, 0, 4, 20.00
1701479893, 0, 143, 209, 190, 12, 2.47%, 0, 0, 4, 15.12
1701479898, 0, 143, 215, 196, 12, 2.51%, 0, 0, 4, 17.08
1701479904, 0, 143, 221, 202, 12, 2.51%, 0, 0, 4, 15.01
1701479909, 0, 143, 223, 204, 12, 2.51%, 0, 0, 4, 14.17
1701479975, 0, 143, 225, 206, 12, 2.52%, 0, 0, 4, 19.79
1701479980, 0, 143, 229, 210, 12, 2.53%, 0, 0, 4, 18.35
1701480037, 0, 143, 231, 212, 12, 2.54%, 0, 0, 4, 21.85
1701480042, 0, 143, 232, 213, 12, 2.54%, 0, 0, 4, 20.78
1701480047, 0, 143, 234, 215, 12, 2.54%, 0, 0, 4, 20.26
1701480067, 0, 143, 236, 217, 12, 2.54%, 0, 0, 4, 12.44
1701480231, 0, 143, 239, 220, 12, 2.54%, 0, 0, 4, 19.50
1701480236, 0, 143, 240, 221, 12, 2.54%, 0, 0, 4, 13.73
1701480241, 0, 143, 242, 223, 12, 2.54%, 0, 0, 4, 11.87
1701480256, 0, 143, 244, 225, 12, 2.54%, 0, 0, 4, 17.22
1701480266, 0, 143, 245, 226, 12, 2.54%, 0, 0, 4, 19.97
1701480272, 0, 143, 246, 227, 12, 2.54%, 0, 0, 4, 20.84
1701480282, 0, 143, 247, 228, 12, 2.54%, 0, 0, 4, 15.54
1701480287, 0, 143, 249, 230, 12, 2.54%, 0, 0, 4, 15.92
1701480292, 0, 143, 252, 233, 12, 2.55%, 0, 0, 4, 15.83
1701480302, 0, 143, 255, 236, 12, 2.55%, 0, 0, 4, 12.73
1701480308, 0, 143, 256, 237, 12, 2.56%, 0, 0, 4, 11.52
1701480313, 0, 143, 258, 239, 12, 2.56%, 0, 0, 4, 13.32
1701480318, 0, 143, 261, 242, 12, 2.56%, 0, 0, 4, 15.57
1701480323, 0, 143, 262, 243, 12, 2.56%, 0, 0, 4, 18.82
1701480348, 0, 143, 263, 244, 12, 2.56%, 0, 0, 4, 20.73
1701480441, 0, 143, 264, 245, 12, 2.56%, 0, 0, 4, 20.75
1701480630, 0, 143, 266, 247, 12, 2.56%, 0, 0, 4, 22.18
1701480686, 0, 143, 267, 248, 12, 2.56%, 0, 0, 4, 13.23
1701480696, 0, 143, 270, 251, 12, 2.56%, 0, 0, 4, 16.17
1701480701, 0, 143, 271, 252, 12, 2.56%, 0, 0, 4, 13.52
1701480707, 0, 143, 272, 253, 12, 2.57%, 0, 0, 4, 16.51
1701480712, 0, 143, 273, 254, 12, 2.57%, 0, 0, 4, 12.67
1701480717, 0, 143, 275, 256, 12, 2.57%, 0, 0, 4, 14.40
1701480722, 0, 143, 276, 257, 12, 2.57%, 0, 0, 4, 15.90
1701480727, 0, 143, 279, 260, 12, 2.58%, 0, 0, 4, 16.21
1701480737, 0, 143, 282, 263, 12, 2.58%, 0, 0, 4, 15.93
1701480748, 0, 143, 284, 265, 12, 2.58%, 0, 0, 4, 13.38
1701480753, 0, 143, 285, 266, 12, 2.58%, 0, 0, 4, 14.55
1701480758, 0, 143, 288, 269, 12, 2.58%, 0, 0, 4, 18.66
1701480773, 0, 143, 291, 272, 12, 2.58%, 0, 0, 4, 18.66
1701480778, 0, 143, 293, 274, 12, 2.58%, 0, 0, 4, 20.51
1701480783, 0, 143, 296, 277, 12, 2.58%, 0, 0, 4, 17.56
1701480789, 0, 143, 298, 279, 12, 2.58%, 0, 0, 4, 22.03
1701480794, 0, 143, 299, 280, 12, 2.58%, 0, 0, 4, 19.28
1701480804, 0, 143, 300, 281, 12, 2.58%, 0, 0, 4, 20.62
1701480814, 0, 143, 302, 283, 12, 2.58%, 0, 0, 4, 15.93
1701480830, 0, 143, 303, 284, 12, 2.58%, 0, 0, 4, 20.34
1701480835, 0, 143, 305, 286, 12, 2.58%, 0, 0, 4, 21.10
1701480840, 0, 143, 306, 287, 12, 2.58%, 0, 0, 4, 21.86
1701480875, 0, 143, 308, 289, 12, 2.58%, 0, 0, 4, 17.48
1701480881, 0, 143, 309, 290, 12, 2.58%, 0, 0, 4, 17.60
1701480891, 0, 143, 310, 291, 12, 2.58%, 0, 0, 4, 17.11
1701480896, 0, 143, 313, 294, 12, 2.58%, 0, 0, 4, 19.59
1701480901, 0, 143, 315, 296, 12, 2.58%, 0, 0, 4, 21.26
1701480906, 0, 147, 317, 297, 31, 2.58%, 0, 0, 4, 20.45
1701481131, 0, 147, 318, 298, 31, 2.58%, 0, 0, 4, 18.49
1701481524, 0, 147, 319, 299, 31, 2.58%, 0, 0, 4, 20.88
1701481534, 0, 152, 319, 298, 30, 2.58%, 0, 0, 4, 20.64
1701481703, 0, 152, 320, 299, 30, 2.58%, 0, 0, 4, 20.56
1701481907, 0, 152, 321, 300, 30, 2.58%, 0, 0, 4, 16.59
1701481918, 0, 157, 321, 299, 29, 2.58%, 0, 0, 4, 22.75
1701482633, 0, 157, 322, 300, 29, 2.58%, 0, 0, 4, 19.01
1701482643, 0, 157, 323, 301, 29, 2.58%, 0, 0, 4, 22.22
1701482653, 0, 161, 323, 300, 28, 2.58%, 0, 0, 4, 20.90
1701482658, 0, 161, 324, 301, 28, 2.58%, 0, 0, 4, 25.66
1701482694, 0, 161, 325, 302, 28, 2.58%, 0, 0, 4, 17.04
1701482981, 0, 161, 326, 303, 28, 2.58%, 0, 0, 4, 17.42
1701482991, 0, 161, 327, 304, 28, 2.58%, 0, 0, 4, 19.14
1701483007, 0, 167, 327, 303, 29, 2.58%, 0, 0, 4, 19.10
1701483012, 0, 167, 331, 307, 29, 2.58%, 0, 0, 4, 18.77
1701483354, 0, 167, 332, 308, 29, 2.58%, 0, 0, 4, 16.94
1701483370, 0, 167, 333, 309, 29, 2.58%, 0, 0, 4, 22.45
1701483375, 0, 171, 333, 308, 28, 2.58%, 0, 0, 4, 24.56
1701483854, 0, 171, 334, 309, 28, 2.58%, 0, 0, 4, 20.06
1701483870, 0, 176, 334, 308, 27, 2.58%, 0, 0, 4, 17.20
1701484248, 0, 177, 334, 307, 26, 2.58%, 0, 0, 4, 25.34
1701484591, 0, 184, 334, 306, 25, 2.58%, 0, 0, 4, 17.03
1701485168, 0, 187, 334, 305, 24, 2.58%, 0, 0, 4, 16.57
1701485183, 0, 187, 335, 306, 24, 2.58%, 0, 0, 4, 22.37
1701485188, 0, 187, 336, 307, 24, 2.58%, 0, 0, 4, 18.59
1701485831, 0, 193, 336, 306, 24, 2.58%, 0, 0, 4, 16.83
1701486578, 0, 193, 337, 307, 24, 2.58%, 0, 0, 5, 18.64
1701486599, 0, 193, 339, 309, 24, 2.58%, 0, 0, 5, 15.27
1701486640, 0, 193, 340, 310, 24, 2.58%, 0, 0, 5, 15.43
1701486645, 0, 193, 341, 311, 24, 2.58%, 0, 0, 5, 18.21
1701486655, 0, 193, 342, 312, 24, 2.58%, 0, 0, 5, 20.84
1701486665, 0, 193, 343, 313, 24, 2.58%, 0, 0, 5, 22.28
1701486670, 0, 193, 344, 314, 24, 2.58%, 0, 0, 5, 20.05
1701486762, 0, 194, 344, 313, 24, 2.58%, 0, 0, 5, 18.72
1701487565, 0, 198, 344, 312, 23, 2.58%, 0, 0, 5, 22.02
1701487765, 0, 198, 345, 313, 23, 2.58%, 0, 0, 5, 19.23
1701487970, 0, 198, 346, 314, 23, 2.58%, 0, 0, 5, 17.77
1701488001, 0, 198, 347, 315, 23, 2.72%, 0, 0, 5, 18.81
1701488421, 0, 198, 349, 317, 23, 2.72%, 0, 0, 5, 14.56
1701488442, 0, 198, 350, 318, 23, 2.72%, 0, 0, 5, 15.21
1701488457, 0, 198, 351, 319, 23, 2.72%, 0, 0, 5, 19.99
1701488468, 0, 198, 352, 320, 23, 2.72%, 0, 0, 5, 15.06
1701488499, 0, 198, 353, 321, 23, 2.72%, 0, 0, 5, 17.70
1701488509, 0, 198, 355, 323, 23, 2.72%, 0, 0, 5, 18.48
1701488519, 0, 198, 356, 324, 23, 2.72%, 0, 0, 5, 21.50
1701488529, 0, 198, 357, 325, 23, 2.72%, 0, 0, 5, 22.09
1701488550, 0, 198, 358, 326, 23, 2.72%, 0, 0, 5, 22.38
1701488555, 0, 198, 359, 327, 23, 2.72%, 0, 0, 5, 23.32
1701488585, 0, 198, 360, 328, 23, 2.72%, 0, 0, 5, 22.27
1701488595, 0, 198, 362, 330, 23, 2.72%, 0, 0, 5, 18.96
1701488600, 0, 200, 362, 329, 23, 2.72%, 0, 0, 5, 18.73
1701488672, 0, 200, 363, 330, 23, 2.72%, 0, 0, 5, 15.04
1701489050, 0, 200, 364, 331, 23, 2.72%, 0, 0, 5, 14.43
1701489434, 0, 200, 365, 332, 23, 2.72%, 0, 0, 5, 17.61
1701489450, 0, 202, 365, 331, 22, 2.72%, 0, 0, 5, 19.70
1701489506, 0, 202, 366, 332, 22, 2.72%, 0, 0, 5, 22.24
1701489633, 0, 202, 367, 333, 22, 2.73%, 0, 0, 5, 18.95
1701490252, 0, 202, 368, 334, 22, 2.73%, 0, 0, 5, 18.53
1701490262, 0, 204, 368, 333, 23, 2.73%, 0, 0, 5, 20.44
1701490329, 0, 204, 369, 334, 23, 2.73%, 0, 0, 5, 18.89
1701490401, 0, 204, 370, 335, 23, 2.73%, 0, 0, 5, 16.54
1701490677, 0, 204, 371, 336, 23, 2.73%, 0, 0, 5, 14.99
1701491117, 0, 222, 371, 335, 23, 2.73%, 0, 0, 5, 12.68
1701491520, 0, 222, 372, 336, 23, 2.73%, 0, 0, 5, 18.45
1701492006, 0, 222, 373, 337, 23, 2.73%, 0, 0, 5, 15.55
1701492021, 0, 222, 374, 338, 23, 2.73%, 0, 0, 5, 12.94
1701492052, 0, 222, 375, 339, 23, 2.74%, 0, 0, 5, 14.35
1701492062, 0, 222, 377, 341, 23, 2.74%, 0, 0, 5, 11.73
1701492072, 0, 222, 378, 342, 23, 2.74%, 0, 0, 5, 20.25
1701492088, 0, 222, 379, 343, 23, 2.74%, 0, 0, 5, 16.70
1701492103, 0, 222, 380, 344, 23, 2.74%, 0, 0, 5, 22.36
1701492134, 0, 222, 381, 345, 23, 2.74%, 0, 0, 5, 22.31
1701492154, 0, 222, 382, 346, 23, 2.74%, 0, 0, 5, 21.75
1701492190, 0, 224, 382, 345, 25, 2.74%, 0, 0, 5, 19.87
1701492251, 0, 224, 383, 346, 25, 2.74%, 0, 0, 5, 19.84
1701492318, 0, 224, 385, 348, 25, 2.75%, 0, 0, 5, 20.03
1701492389, 0, 224, 386, 349, 25, 2.75%, 0, 0, 5, 18.17
1701493049, 0, 224, 387, 350, 25, 2.75%, 0, 0, 5, 16.88
1701493054, 0, 224, 388, 351, 25, 2.75%, 0, 0, 5, 19.14
1701493059, 0, 224, 389, 352, 25, 2.75%, 0, 0, 5, 18.35
1701493136, 0, 229, 389, 351, 25, 2.75%, 0, 0, 5, 15.54
1701494051, 0, 230, 389, 350, 24, 2.75%, 0, 0, 5, 18.56
1701494256, 0, 230, 390, 351, 24, 2.76%, 0, 0, 5, 17.24
1701494460, 0, 230, 391, 352, 24, 2.76%, 0, 0, 5, 15.30
1701494496, 0, 230, 392, 353, 24, 2.76%, 0, 0, 5, 18.45
1701494832, 0, 230, 393, 354, 24, 2.76%, 0, 0, 5, 14.66
1701494853, 0, 230, 394, 355, 24, 2.77%, 0, 0, 5, 17.06
1701494858, 0, 230, 395, 356, 24, 2.77%, 0, 0, 5, 20.41
1701494863, 0, 230, 396, 357, 24, 2.78%, 0, 0, 5, 18.34
1701494883, 0, 230, 397, 358, 24, 2.78%, 0, 0, 5, 20.73
1701494889, 0, 230, 398, 359, 24, 2.78%, 0, 0, 5, 22.52
1701494935, 0, 230, 399, 360, 24, 2.78%, 0, 0, 5, 20.50
1701494970, 0, 230, 400, 361, 24, 2.78%, 0, 0, 5, 20.00
1701494990, 0, 230, 401, 362, 24, 2.78%, 0, 0, 5, 24.12
1701495001, 0, 233, 401, 361, 27, 2.78%, 0, 0, 5, 20.85
1701495769, 0, 233, 402, 362, 27, 2.78%, 0, 0, 5, 23.78
1701495784, 0, 249, 402, 361, 26, 2.78%, 0, 0, 5, 20.12
1701495840, 0, 249, 403, 362, 26, 2.78%, 0, 0, 5, 17.94
1701496203, 0, 249, 404, 363, 26, 2.79%, 0, 0, 5, 15.29
1701496208, 0, 249, 405, 364, 26, 2.79%, 0, 0, 5, 12.44
1701496213, 0, 249, 406, 365, 26, 2.79%, 0, 0, 5, 12.72
1701496613, 0, 255, 406, 364, 25, 2.79%, 0, 0, 5, 18.28
1701497437, 0, 259, 406, 363, 24, 2.79%, 0, 0, 5, 17.92
1701498363, 0, 259, 407, 364, 24, 2.79%, 0, 0, 5, 16.18
1701498378, 0, 259, 408, 365, 24, 2.79%, 0, 0, 5, 19.06
1701498399, 0, 260, 408, 364, 23, 2.79%, 0, 0, 5, 17.52
1701498470, 0, 260, 409, 365, 23, 2.79%, 0, 0, 5, 15.06
1701499364, 0, 260, 410, 366, 23, 2.79%, 0, 0, 5, 13.77
1701499369, 0, 260, 411, 367, 23, 2.79%, 0, 0, 5, 14.91
1701499384, 0, 260, 414, 370, 23, 2.79%, 0, 0, 5, 15.52
1701499421, 0, 260, 415, 371, 23, 2.79%, 0, 0, 5, 18.69
1701499426, 0, 260, 416, 372, 23, 2.79%, 0, 0, 5, 19.33
1701499472, 0, 260, 417, 373, 23, 2.79%, 0, 0, 5, 18.21
1701499533, 0, 260, 418, 374, 23, 2.79%, 0, 0, 5, 18.38
1701499544, 0, 260, 419, 375, 23, 2.79%, 0, 0, 5, 21.87
1701499554, 0, 275, 419, 374, 22, 2.79%, 0, 0, 5, 16.76
1701499967, 0, 315, 419, 373, 22, 2.79%, 0, 0, 5, 22.21
1701500054, 0, 315, 420, 374, 22, 2.79%, 0, 0, 5, 13.58
1701500208, 0, 315, 421, 375, 22, 2.79%, 0, 0, 5, 15.72
1701500356, 0, 315, 422, 376, 22, 2.79%, 0, 0, 5, 17.20
1701500387, 0, 315, 423, 377, 22, 2.79%, 0, 0, 5, 16.13
1701500403, 0, 315, 424, 378, 22, 2.80%, 0, 0, 5, 15.92
1701500413, 0, 315, 426, 380, 22, 2.80%, 0, 0, 5, 17.40
1701500889, 0, 315, 428, 382, 22, 2.80%, 0, 0, 5, 19.07
1701500894, 0, 315, 430, 384, 22, 2.80%, 0, 0, 5, 19.25
1701500899, 0, 315, 431, 385, 22, 2.80%, 0, 0, 5, 17.45
1701500904, 0, 315, 432, 386, 22, 2.80%, 0, 0, 5, 16.63
1701500909, 0, 315, 433, 387, 22, 2.80%, 0, 0, 5, 17.89
1701500915, 0, 315, 434, 388, 22, 2.80%, 0, 0, 5, 19.79
1701500920, 0, 315, 435, 389, 22, 2.80%, 0, 0, 5, 18.08
1701500955, 0, 315, 436, 390, 22, 2.80%, 0, 0, 5, 20.84
1701500960, 0, 315, 437, 391, 22, 2.80%, 0, 0, 5, 21.91
1701500996, 0, 315, 438, 392, 22, 2.80%, 0, 0, 5, 19.89
1701501017, 0, 315, 439, 393, 22, 2.80%, 0, 0, 5, 21.77
1701501022, 0, 315, 440, 394, 22, 2.80%, 0, 0, 5, 17.10
1701501027, 0, 315, 441, 395, 22, 2.80%, 0, 0, 5, 17.46
1701501053, 0, 323, 441, 394, 27, 2.80%, 0, 0, 5, 18.85
1701501432, 0, 323, 442, 395, 27, 2.80%, 0, 0, 5, 19.44
1701501442, 0, 324, 442, 394, 26, 2.80%, 0, 0, 5, 21.41
1701501530, 0, 324, 443, 395, 26, 2.80%, 0, 0, 5, 24.61
1701501790, 0, 326, 443, 394, 26, 2.80%, 0, 0, 5, 20.20
1701501867, 0, 334, 443, 393, 25, 2.80%, 0, 0, 5, 19.12
1701502209, 0, 334, 444, 394, 25, 2.80%, 0, 0, 5, 19.31
1701502219, 0, 334, 445, 395, 25, 2.80%, 0, 0, 5, 20.34
1701502250, 0, 344, 445, 394, 24, 2.80%, 0, 0, 5, 13.17
1701503110, 0, 352, 445, 393, 23, 2.80%, 0, 0, 5, 16.64
1701503151, 0, 352, 446, 394, 23, 2.80%, 0, 0, 6, 10.91
1701503187, 0, 352, 447, 395, 23, 2.80%, 0, 0, 6, 11.94
1701503197, 0, 352, 448, 396, 23, 2.80%, 0, 0, 6, 15.33
1701503217, 0, 352, 449, 397, 23, 2.80%, 0, 0, 6, 16.40
1701503356, 0, 352, 450, 398, 23, 2.80%, 0, 0, 6, 16.80
1701503499, 0, 352, 451, 399, 23, 2.80%, 0, 0, 6, 11.87
1701503561, 0, 352, 452, 400, 23, 2.80%, 0, 0, 6, 14.48
1701503925, 0, 352, 453, 401, 23, 2.80%, 0, 0, 6, 16.30
1701504774, 0, 352, 454, 402, 23, 2.80%, 0, 0, 6, 17.61
1701504780, 0, 352, 455, 403, 23, 2.80%, 0, 0, 6, 17.62
1701504785, 0, 352, 459, 407, 23, 2.80%, 0, 0, 6, 20.72
1701504790, 0, 352, 460, 408, 23, 2.80%, 0, 0, 6, 23.48
1701504795, 0, 352, 461, 409, 23, 2.80%, 0, 0, 6, 20.21
1701504800, 0, 352, 462, 410, 23, 2.80%, 0, 0, 6, 17.76
1701504810, 0, 352, 463, 411, 23, 2.80%, 0, 0, 6, 19.97
1701504821, 0, 352, 466, 414, 23, 2.80%, 0, 0, 6, 17.66
1701504826, 0, 352, 467, 415, 23, 2.80%, 0, 0, 6, 14.49
1701504831, 0, 352, 469, 417, 23, 2.80%, 0, 0, 6, 15.03
1701504836, 0, 352, 470, 418, 23, 2.80%, 0, 0, 6, 18.13
1701504841, 0, 352, 471, 419, 23, 2.80%, 0, 0, 6, 20.59
1701504856, 0, 352, 472, 420, 23, 2.80%, 0, 0, 6, 20.54
1701504861, 0, 352, 473, 421, 23, 2.80%, 0, 0, 6, 20.82
1701504872, 0, 352, 474, 422, 23, 2.80%, 0, 0, 6, 22.22
1701504877, 0, 352, 476, 424, 23, 2.80%, 0, 0, 6, 20.36
1701504923, 0, 352, 477, 425, 23, 2.80%, 0, 0, 6, 18.44
1701504949, 0, 352, 480, 428, 23, 2.80%, 0, 0, 6, 21.59
1701504959, 0, 365, 480, 427, 22, 2.80%, 0, 0, 6, 13.35
1701504964, 0, 365, 481, 428, 22, 2.80%, 0, 0, 6, 13.49
1701505758, 0, 365, 482, 429, 22, 2.80%, 0, 0, 6, 15.85
1701505768, 0, 366, 482, 428, 21, 2.80%, 0, 0, 6, 20.67
1701506153, 0, 366, 483, 429, 21, 2.80%, 0, 0, 6, 15.69
1701506598, 0, 366, 484, 430, 21, 2.80%, 0, 0, 6, 20.59
1701506614, 0, 369, 484, 429, 22, 2.80%, 0, 0, 6, 18.54
1701507125, 0, 369, 485, 430, 22, 2.80%, 0, 0, 6, 14.10
1701507499, 0, 369, 486, 431, 22, 2.80%, 0, 0, 6, 15.81
1701507504, 0, 369, 487, 432, 22, 2.80%, 0, 0, 6, 17.06
1701507519, 0, 369, 488, 433, 22, 2.80%, 0, 0, 6, 21.43
1701507550, 0, 369, 489, 434, 22, 2.80%, 0, 0, 6, 15.61
1701507673, 0, 371, 489, 433, 22, 2.80%, 0, 0, 6, 18.03
1701508618, 0, 374, 489, 432, 21, 2.80%, 0, 0, 6, 14.30
1701509507, 0, 374, 490, 433, 21, 2.80%, 0, 0, 6, 18.62
1701509533, 0, 382, 490, 432, 20, 2.80%, 0, 0, 6, 17.58
1701510482, 0, 386, 490, 431, 19, 2.80%, 0, 0, 6, 11.29
1701510574, 0, 386, 491, 432, 19, 2.80%, 0, 0, 6, 15.86
1701510671, 0, 386, 492, 433, 19, 2.80%, 0, 0, 6, 9.91
1701511071, 0, 386, 493, 434, 19, 2.80%, 0, 0, 6, 13.87
1701511086, 0, 386, 494, 435, 19, 2.80%, 0, 0, 6, 11.09
1701511224, 0, 386, 495, 436, 19, 2.80%, 0, 0, 6, 16.24
1701512024, 0, 386, 496, 437, 19, 2.80%, 0, 0, 6, 16.02
1701512029, 0, 386, 497, 438, 19, 2.80%, 0, 0, 6, 18.76
1701512039, 0, 386, 498, 439, 19, 2.80%, 0, 0, 6, 18.74
1701512055, 0, 386, 499, 440, 19, 2.81%, 0, 0, 6, 14.99
1701512065, 0, 386, 500, 441, 19, 2.81%, 0, 0, 6, 15.62
1701512075, 0, 386, 501, 442, 19, 2.81%, 0, 0, 6, 17.39
1701512085, 0, 386, 502, 443, 19, 2.81%, 0, 0, 6, 18.87
1701512116, 0, 386, 503, 444, 19, 2.81%, 0, 0, 6, 19.17
1701512122, 0, 386, 504, 445, 19, 2.81%, 0, 0, 6, 18.10
1701512147, 0, 386, 505, 446, 19, 2.81%, 0, 0, 6, 18.56
1701512152, 0, 386, 506, 447, 19, 2.81%, 0, 0, 6, 16.37
1701512183, 0, 386, 507, 448, 19, 2.81%, 0, 0, 6, 19.41
1701512188, 0, 386, 508, 449, 19, 2.81%, 0, 0, 6, 19.57
1701512193, 0, 386, 509, 450, 19, 2.81%, 0, 0, 6, 18.05
1701512213, 0, 390, 510, 450, 20, 2.81%, 0, 0, 6, 18.10
1701512331, 0, 390, 511, 451, 20, 2.81%, 0, 0, 6, 20.24
1701512613, 0, 390, 513, 453, 20, 2.82%, 0, 0, 6, 19.42
1701512618, 0, 390, 515, 455, 20, 2.82%, 0, 0, 6, 19.40
1701512633, 0, 390, 516, 456, 20, 2.82%, 0, 0, 6, 14.18
1701512987, 0, 391, 516, 455, 24, 2.82%, 0, 0, 6, 19.67
1701513709, 0, 391, 517, 456, 24, 2.82%, 0, 0, 6, 22.24
1701513724, 0, 393, 517, 455, 23, 2.82%, 0, 0, 6, 21.14
1701513780, 0, 393, 518, 456, 23, 2.83%, 0, 0, 6, 19.82
1701513918, 0, 393, 519, 457, 23, 2.83%, 0, 0, 6, 15.46
1701514113, 0, 393, 520, 458, 23, 2.83%, 0, 0, 6, 14.69
1701514138, 0, 393, 521, 459, 23, 2.83%, 0, 0, 6, 12.14
1701514169, 0, 393, 522, 460, 23, 2.83%, 0, 0, 6, 17.90
1701514589, 0, 393, 523, 461, 23, 2.83%, 0, 0, 6, 14.01
1701514599, 0, 393, 524, 462, 23, 2.83%, 0, 0, 6, 14.96
1701514604, 0, 393, 525, 463, 23, 2.83%, 0, 0, 6, 13.91
1701514676, 0, 393, 527, 465, 23, 2.83%, 0, 0, 6, 18.01
1701514737, 0, 393, 528, 466, 23, 2.83%, 0, 0, 6, 19.59
1701514763, 0, 393, 529, 467, 23, 2.83%, 0, 0, 6, 21.01
1701514778, 0, 400, 529, 466, 25, 2.83%, 0, 0, 6, 17.40
1701515483, 0, 400, 530, 467, 25, 2.83%, 0, 0, 6, 19.88
1701515493, 0, 403, 530, 466, 24, 2.83%, 0, 0, 6, 21.07
1701515570, 0, 403, 531, 467, 24, 2.83%, 0, 0, 6, 15.87
1701515944, 0, 403, 532, 468, 24, 2.83%, 0, 0, 6, 15.09
1701516367, 0, 403, 533, 469, 24, 2.83%, 0, 0, 6, 14.67
1701516382, 0, 419, 533, 468, 24, 2.83%, 0, 0, 6, 17.19
1701516474, 0, 419, 534, 469, 24, 2.83%, 0, 0, 6, 14.18
1701517351, 0, 419, 535, 470, 24, 2.83%, 0, 0, 6, 15.99
1701517356, 0, 419, 536, 471, 24, 2.83%, 0, 0, 6, 12.19
1701517366, 0, 419, 537, 472, 24, 2.83%, 0, 0, 6, 16.52
1701517407, 0, 419, 538, 473, 24, 2.83%, 0, 0, 6, 21.84
1701517417, 0, 419, 539, 474, 24, 2.83%, 0, 0, 6, 19.60
1701517489, 0, 419, 540, 475, 24, 2.83%, 0, 0, 6, 19.01
1701517514, 0, 421, 540, 474, 24, 2.83%, 0, 0, 6, 20.29
1701517939, 0, 421, 541, 475, 24, 2.83%, 0, 0, 6, 15.48
1701518399, 0, 423, 541, 474, 23, 2.83%, 0, 0, 6, 17.19
1701518436, 0, 423, 542, 475, 23, 2.83%, 0, 0, 6, 15.29
1701519320, 0, 423, 543, 476, 23, 2.83%, 0, 0, 6, 11.61
1701519371, 0, 424, 543, 475, 23, 2.83%, 0, 0, 6, 11.46
1701519432, 0, 424, 544, 476, 23, 2.83%, 0, 0, 6, 12.99
1701519693, 0, 424, 545, 477, 23, 2.83%, 0, 0, 6, 17.05
1701519729, 0, 424, 546, 478, 23, 2.83%, 0, 0, 6, 15.14
1701519846, 0, 424, 547, 479, 23, 2.83%, 0, 0, 6, 13.68
1701519852, 0, 424, 548, 480, 23, 2.83%, 0, 0, 6, 15.91
1701520348, 0, 427, 548, 479, 22, 2.83%, 0, 0, 6, 19.60
1701521177, 0, 429, 548, 478, 21, 2.83%, 0, 0, 6, 14.76
1701521197, 0, 429, 549, 479, 21, 2.83%, 0, 0, 6, 14.56
1701521202, 0, 429, 550, 480, 21, 2.83%, 0, 0, 6, 12.96
1701521223, 0, 429, 551, 481, 21, 2.83%, 0, 0, 6, 16.64
1701521408, 0, 429, 552, 482, 21, 2.83%, 0, 0, 6, 18.13
1701521479, 0, 429, 553, 483, 21, 2.83%, 0, 0, 6, 14.22
1701521485, 0, 429, 554, 484, 21, 2.83%, 0, 0, 6, 15.21
1701522128, 0, 429, 555, 485, 21, 2.83%, 0, 0, 6, 18.29
1701522133, 0, 429, 556, 486, 21, 2.83%, 0, 0, 6, 17.83
1701522138, 0, 429, 557, 487, 21, 2.83%, 0, 0, 6, 17.45
1701522215, 0, 441, 557, 486, 20, 2.83%, 0, 0, 6, 15.02
1701522225, 0, 441, 558, 487, 20, 2.83%, 0, 0, 6, 22.10
1701522757, 0, 441, 559, 488, 20, 2.83%, 0, 0, 6, 26.03
1701522762, 0, 441, 560, 489, 20, 2.83%, 0, 0, 6, 23.85
1701522782, 0, 441, 561, 490, 20, 2.83%, 0, 0, 6, 21.91
1701522834, 0, 442, 561, 489, 20, 2.83%, 0, 0, 6, 23.90
1701522926, 0, 442, 562, 490, 20, 2.83%, 0, 0, 6, 21.60
1701523176, 0, 442, 563, 491, 20, 2.83%, 0, 0, 6, 25.02
1701523197, 0, 449, 563, 490, 19, 2.83%, 0, 0, 6, 15.98
1701524850, 0, 449, 564, 491, 19, 2.83%, 0, 0, 7, 16.38
1701524866, 0, 459, 564, 490, 19, 2.83%, 0, 0, 7, 18.38
1701525908, 0, 459, 565, 491, 19, 2.84%, 0, 0, 7, 19.71
1701525938, 0, 477, 565, 490, 19, 2.84%, 0, 0, 7, 17.55
1701525948, 0, 477, 566, 491, 19, 2.84%, 0, 0, 7, 18.31
1701526035, 0, 477, 568, 493, 19, 2.84%, 0, 0, 7, 14.56
1701526143, 0, 477, 569, 494, 19, 2.84%, 0, 0, 7, 15.36
1701526359, 0, 477, 570, 495, 19, 2.84%, 0, 0, 7, 11.85
1701527419, 0, 477, 572, 497, 19, 2.84%, 0, 0, 7, 18.76
1701527435, 0, 477, 573, 498, 19, 2.84%, 0, 0, 7, 19.99
1701527440, 0, 477, 574, 499, 19, 2.84%, 0, 0, 7, 21.37
1701527445, 0, 477, 575, 500, 19, 2.84%, 0, 0, 7, 20.30
1701527450, 0, 477, 576, 501, 19, 2.84%, 0, 0, 7, 21.75
1701527455, 0, 477, 577, 502, 19, 2.84%, 0, 0, 7, 19.60
1701527481, 0, 477, 578, 503, 19, 2.84%, 0, 0, 7, 21.67
1701527501, 0, 477, 579, 504, 19, 2.84%, 0, 0, 7, 15.81
1701527532, 0, 477, 581, 506, 19, 2.84%, 0, 0, 7, 19.61
1701527537, 0, 477, 582, 507, 19, 2.84%, 0, 0, 7, 17.75
1701527594, 0, 482, 582, 506, 18, 2.84%, 0, 0, 7, 19.71
1701528438, 0, 482, 584, 508, 18, 2.84%, 0, 0, 7, 15.64
1701528463, 0, 482, 585, 509, 18, 2.84%, 0, 0, 7, 19.20
1701528499, 0, 482, 586, 510, 18, 2.84%, 0, 0, 7, 14.97
1701528601, 0, 482, 587, 511, 18, 2.84%, 0, 0, 7, 20.86
1701528606, 0, 483, 587, 510, 17, 2.84%, 0, 0, 7, 20.81
1701529692, 0, 483, 588, 511, 17, 2.84%, 0, 0, 7, 19.51
1701529712, 0, 483, 589, 512, 17, 2.84%, 0, 0, 7, 20.16
1701529733, 0, 484, 589, 511, 16, 2.84%, 0, 0, 7, 15.96
1701530593, 0, 484, 590, 512, 16, 2.84%, 0, 0, 7, 15.25
1701530613, 0, 505, 590, 511, 15, 2.84%, 0, 0, 7, 14.46
1701530685, 0, 505, 593, 514, 15, 2.84%, 0, 0, 7, 12.08
1701530691, 0, 505, 596, 517, 15, 2.84%, 0, 0, 7, 11.76
1701530696, 0, 505, 598, 519, 15, 2.84%, 0, 0, 7, 11.41
1701530762, 0, 505, 599, 520, 15, 2.84%, 0, 0, 7, 12.41
1701530767, 0, 505, 600, 521, 15, 2.84%, 0, 0, 7, 16.65
1701530773, 0, 505, 602, 523, 15, 2.84%, 0, 0, 7, 15.13
1701530778, 0, 505, 604, 525, 15, 2.84%, 0, 0, 7, 17.77
1701531862, 0, 510, 604, 524, 16, 2.84%, 0, 0, 7, 16.18
1701532706, 0, 510, 606, 526, 16, 2.84%, 0, 0, 7, 18.83
1701532711, 0, 510, 607, 527, 16, 2.84%, 0, 0, 7, 21.11
1701532737, 0, 510, 608, 528, 16, 2.84%, 0, 0, 7, 16.53
1701532854, 0, 511, 608, 527, 16, 2.84%, 0, 0, 7, 22.68
1701533682, 0, 512, 608, 526, 15, 2.84%, 0, 0, 7, 16.83
1701534520, 0, 512, 609, 527, 15, 2.84%, 0, 0, 7, 24.02
1701534530, 0, 512, 610, 528, 15, 2.84%, 0, 0, 7, 24.97
1701534546, 0, 512, 611, 529, 15, 2.84%, 0, 0, 7, 20.92
1701534576, 0, 512, 612, 530, 15, 2.84%, 0, 0, 7, 22.36
1701534668, 0, 513, 612, 529, 14, 2.84%, 0, 0, 7, 19.04
1701535478, 0, 513, 613, 530, 14, 2.84%, 0, 0, 7, 16.99
1701535488, 0, 513, 614, 531, 14, 2.84%, 0, 0, 7, 20.50
1701535519, 0, 514, 614, 530, 13, 2.84%, 0, 0, 7, 18.10
1701536333, 0, 514, 615, 531, 13, 2.84%, 0, 0, 7, 16.71
1701536358, 0, 519, 615, 530, 12, 2.84%, 0, 0, 7, 14.82
1701536414, 0, 519, 616, 531, 12, 2.84%, 0, 0, 7, 18.10
1701537223, 0, 519, 617, 532, 12, 2.84%, 0, 0, 7, 16.94
1701537228, 0, 519, 619, 534, 12, 2.84%, 0, 0, 7, 16.58
1701537310, 0, 521, 619, 533, 12, 2.84%, 0, 0, 7, 15.33
1701537371, 0, 521, 620, 534, 12, 2.84%, 0, 0, 7, 16.30
1701537453, 0, 521, 621, 535, 12, 2.84%, 0, 0, 7, 18.27
1701537714, 0, 521, 622, 536, 12, 2.84%, 0, 0, 7, 17.79
1701538261, 0, 527, 622, 535, 12, 2.84%, 0, 0, 7, 16.30
1701538711, 0, 527, 623, 536, 12, 2.84%, 0, 0, 7, 12.91
1701539475, 0, 530, 623, 535, 11, 2.84%, 0, 0, 7, 17.90
1701539614, 0, 530, 624, 536, 11, 2.84%, 0, 0, 7, 17.97
1701540341, 0, 536, 624, 535, 11, 2.84%, 0, 0, 7, 19.94
1701540371, 0, 536, 626, 537, 11, 2.84%, 0, 0, 7, 14.73
1701540412, 0, 536, 627, 538, 11, 2.84%, 0, 0, 7, 16.55
1701540417, 0, 536, 628, 539, 11, 2.84%, 0, 0, 7, 15.94
1701540658, 0, 536, 629, 540, 11, 2.84%, 0, 0, 7, 15.86
1701540704, 0, 536, 630, 541, 11, 2.84%, 0, 0, 7, 18.72
1701540709, 0, 536, 631, 542, 11, 2.84%, 0, 0, 7, 18.73
1701540729, 0, 536, 632, 543, 11, 2.84%, 0, 0, 7, 16.05
1701541456, 0, 546, 632, 542, 10, 2.84%, 0, 0, 7, 15.97
1701541921, 0, 546, 633, 543, 10, 2.84%, 0, 0, 7, 12.35
1701542392, 0, 546, 634, 544, 10, 2.84%, 0, 0, 7, 23.05
1701542402, 0, 564, 634, 543, 10, 2.84%, 0, 0, 7, 20.93
1701543409, 0, 585, 634, 542, 9, 2.84%, 0, 0, 7, 20.05
1701544340, 0, 603, 634, 541, 8, 2.84%, 0, 0, 7, 17.55
1701545537, 0, 606, 634, 540, 7, 2.84%, 0, 0, 7, 17.04
1701545895, 0, 606, 635, 541, 7, 2.84%, 0, 0, 8, 13.41
1701545901, 0, 606, 636, 542, 7, 2.84%, 0, 0, 8, 15.04
