# unix_time, cycles_done, cur_path, paths_total, pending_total, pending_favs, map_size, unique_crashes, unique_hangs, max_depth, execs_per_sec
1700633273, 0, 0, 1, 1, 1, 0.02%, 0, 0, 1, 11.40
1700633278, 0, 0, 9, 9, 1, 0.07%, 0, 0, 2, 17.67
1700633283, 0, 0, 11, 11, 1, 0.24%, 0, 0, 2, 19.78
1700633288, 0, 0, 14, 14, 1, 0.27%, 0, 0, 2, 44.08
1700633293, 0, 0, 18, 18, 1, 0.27%, 1, 0, 2, 65.85
1700633299, 0, 0, 20, 20, 1, 0.27%, 1, 0, 2, 66.29
1700633304, 0, 12, 20, 18, 5, 0.27%, 1, 0, 2, 217.62
1700633309, 0, 13, 21, 18, 5, 0.27%, 1, 0, 3, 201.78
1700633329, 0, 13, 21, 18, 5, 0.27%, 2, 0, 3, 135.84
1700633344, 0, 13, 22, 19, 5, 0.27%, 2, 0, 3, 195.26
1700633349, 0, 13, 26, 23, 5, 0.27%, 2, 0, 3, 186.64
1700633365, 0, 15, 27, 23, 5, 0.27%, 3, 0, 3, 182.22
1700633370, 0, 15, 28, 24, 5, 0.27%, 3, 0, 3, 189.67
1700633390, 0, 17, 28, 23, 4, 0.27%, 3, 0, 3, 165.00
1700633395, 0, 17, 28, 23, 4, 0.27%, 4, 0, 3, 180.08
1700633400, 0, 17, 28, 23, 4, 0.27%, 5, 0, 3, 206.90
1700633420, 0, 19, 28, 22, 3, 0.27%, 5, 0, 3, 161.04
1700633431, 0, 19, 28, 22, 3, 0.27%, 6, 0, 3, 193.07
1700633446, 0, 21, 28, 20, 1, 0.27%, 6, 0, 3, 182.85
1700633497, 1, 14, 28, 18, 0, 0.27%, 6, 0, 3, 293.40
1700633502, 1, 22, 28, 17, 0, 0.27%, 6, 0, 3, 329.98
1700633532, 2, 20, 28, 16, 0, 0.27%, 6, 0, 3, 172.04
1700633537, 2, 24, 28, 16, 0, 0.27%, 6, 0, 3, 189.81
1700633573, 3, 5, 28, 14, 0, 0.27%, 6, 0, 3, 243.25
1700633578, 3, 16, 28, 13, 0, 0.27%, 6, 0, 3, 199.07
1700633614, 3, 16, 28, 13, 0, 0.27%, 7, 0, 3, 172.18
1700633634, 3, 26, 30, 14, 2, 0.40%, 7, 0, 3, 231.71
1700633675, 3, 28, 33, 16, 2, 0.43%, 7, 0, 4, 174.09
1700633685, 3, 28, 35, 18, 2, 0.47%, 7, 0, 4, 204.71
1700633696, 3, 28, 37, 20, 2, 0.48%, 7, 0, 4, 202.70
1700633711, 3, 28, 40, 23, 2, 0.49%, 7, 0, 4, 181.75
1700633726, 3, 28, 42, 25, 2, 0.49%, 7, 0, 4, 174.07
1700633741, 3, 28, 42, 25, 2, 0.49%, 8, 0, 4, 181.47
1700633828, 3, 31, 42, 24, 8, 0.49%, 8, 0, 4, 190.85
1700633839, 3, 31, 43, 25, 8, 0.49%, 8, 0, 5, 178.41
1700633869, 3, 31, 45, 27, 8, 0.50%, 8, 0, 5, 167.09
1700633884, 3, 31, 46, 28, 8, 0.50%, 8, 0, 5, 214.89
1700633961, 3, 31, 48, 30, 8, 0.50%, 8, 0, 5, 216.89
1700633971, 3, 32, 51, 32, 10, 0.50%, 8, 0, 5, 267.45
1700633996, 3, 32, 52, 33, 10, 0.50%, 8, 0, 5, 215.37
1700634011, 3, 32, 53, 34, 10, 0.50%, 8, 0, 5, 329.31
1700634073, 3, 35, 53, 33, 7, 0.50%, 8, 0, 5, 283.00
1700634078, 3, 35, 54, 34, 7, 0.50%, 8, 0, 5, 237.97
1700634205, 3, 36, 55, 34, 8, 0.50%, 8, 0, 5, 314.63
1700634297, 3, 37, 57, 35, 7, 0.50%, 8, 0, 5, 419.62
1700634317, 3, 37, 58, 36, 7, 0.50%, 8, 0, 5, 352.93
1700634332, 3, 37, 59, 37, 7, 0.50%, 8, 0, 5, 362.59
1700634389, 3, 43, 59, 36, 7, 0.50%, 8, 0, 5, 373.43
1700634410, 3, 43, 60, 37, 7, 0.50%, 8, 0, 6, 16.59
1700634441, 3, 43, 60, 37, 7, 0.50%, 9, 0, 6, 342.05
1700634507, 3, 45, 60, 36, 7, 0.50%, 9, 0, 6, 225.69
1700634532, 3, 45, 61, 37, 7, 0.50%, 9, 0, 6, 241.02
1700634548, 3, 45, 62, 38, 7, 0.50%, 9, 0, 6, 326.80
1700634604, 3, 45, 65, 41, 7, 0.51%, 9, 0, 6, 329.78
1700634609, 3, 50, 65, 40, 8, 0.51%, 9, 0, 6, 414.51
1700634675, 3, 52, 67, 41, 7, 0.51%, 9, 0, 6, 366.17
1700634695, 3, 52, 68, 42, 7, 0.51%, 9, 0, 6, 282.27
1700634700, 3, 52, 69, 43, 7, 0.51%, 9, 0, 6, 295.55
1700634721, 3, 52, 70, 44, 7, 0.51%, 9, 0, 6, 260.83
1700634772, 3, 54, 70, 43, 7, 0.51%, 9, 0, 6, 368.63
1700634965, 3, 54, 71, 44, 7, 0.51%, 9, 0, 6, 170.11
1700634985, 3, 56, 71, 43, 7, 0.51%, 9, 0, 6, 159.74
1700635052, 3, 56, 72, 44, 7, 0.51%, 9, 0, 6, 159.59
1700635149, 3, 56, 73, 45, 7, 0.51%, 9, 0, 6, 201.37
1700635159, 3, 56, 74, 46, 7, 0.51%, 9, 0, 6, 188.98
1700635164, 3, 58, 74, 45, 6, 0.51%, 9, 0, 6, 146.69
1700635363, 3, 59, 75, 45, 5, 0.51%, 9, 0, 6, 155.97
1700635414, 3, 62, 75, 44, 4, 0.51%, 9, 0, 6, 153.55
1700635739, 3, 63, 75, 43, 3, 0.51%, 9, 0, 6, 182.67
1700635934, 3, 63, 76, 44, 3, 0.51%, 9, 0, 7, 174.00
1700635954, 3, 68, 77, 44, 2, 0.51%, 9, 0, 7, 152.11
1700636066, 3, 68, 79, 46, 2, 0.51%, 9, 0, 7, 189.80
1700636076, 3, 70, 80, 46, 2, 0.51%, 9, 0, 7, 173.52
1700636204, 3, 79, 80, 45, 1, 0.51%, 9, 0, 7, 159.06
1700636315, 4, 1, 80, 44, 0, 0.51%, 9, 0, 7, 280.14
1700636321, 4, 14, 87, 50, 0, 0.62%, 9, 0, 7, 208.78
1700636326, 4, 80, 87, 50, 5, 0.62%, 9, 0, 7, 170.47
1700636448, 4, 80, 88, 51, 5, 0.62%, 9, 0, 7, 173.40
1700636453, 4, 81, 88, 50, 4, 0.62%, 9, 0, 7, 161.02
1700636458, 4, 81, 92, 54, 4, 0.62%, 9, 0, 7, 166.88
1700636463, 4, 81, 94, 56, 4, 0.62%, 9, 0, 7, 164.68
1700636474, 4, 81, 94, 56, 4, 0.62%, 10, 0, 7, 154.67
1700636504, 4, 81, 102, 64, 4, 0.62%, 10, 0, 7, 177.06
1700636591, 4, 81, 103, 65, 4, 0.62%, 10, 0, 7, 244.95
1700636596, 4, 83, 103, 64, 5, 0.62%, 10, 0, 7, 161.88
1700636668, 4, 83, 103, 64, 5, 0.62%, 11, 0, 7, 102.04
1700636719, 4, 83, 104, 65, 5, 0.63%, 11, 0, 7, 153.46
1700636755, 4, 85, 105, 65, 6, 0.63%, 11, 0, 7, 168.44
1700636964, 4, 86, 105, 64, 5, 0.63%, 11, 0, 7, 189.76
1700637010, 4, 86, 106, 65, 5, 0.64%, 11, 0, 7, 114.52
1700637101, 4, 86, 107, 66, 5, 0.64%, 11, 0, 7, 134.81
1700637132, 4, 86, 108, 67, 5, 0.64%, 11, 0, 7, 27.83
1700637162, 4, 86, 108, 67, 5, 0.64%, 12, 0, 7, 160.18
1700637305, 4, 92, 108, 66, 5, 0.64%, 12, 0, 7, 180.85
1700637437, 4, 93, 108, 65, 4, 0.64%, 12, 0, 7, 160.24
1700637447, 4, 93, 109, 66, 4, 0.64%, 12, 0, 7, 152.69
1700637600, 4, 93, 110, 67, 4, 0.64%, 12, 0, 7, 149.91
1700637605, 4, 99, 110, 66, 4, 0.64%, 12, 0, 7, 165.02
1700637748, 4, 103, 110, 65, 4, 0.64%, 12, 0, 7, 154.27
1700637912, 4, 104, 111, 65, 3, 0.64%, 12, 0, 7, 166.24
1700637922, 4, 104, 112, 66, 3, 0.64%, 12, 0, 7, 234.15
1700638193, 4, 105, 112, 65, 3, 0.64%, 12, 0, 7, 32.32
1700638806, 4, 105, 113, 66, 3, 0.64%, 12, 0, 7, 12.19
1700639441, 4, 105, 114, 67, 3, 0.64%, 12, 0, 7, 12.41
1700640091, 4, 105, 116, 69, 3, 0.64%, 12, 0, 7, 14.75
1700640096, 4, 105, 117, 70, 3, 0.64%, 12, 0, 7, 12.85
1700640424, 4, 105, 118, 71, 3, 0.64%, 12, 0, 7, 187.40
1700640659, 4, 105, 119, 72, 3, 0.64%, 12, 0, 7, 11.79
1700641596, 4, 108, 119, 71, 3, 0.64%, 12, 0, 7, 158.56
1700641765, 4, 111, 120, 71, 3, 0.65%, 12, 0, 7, 157.79
1700642004, 4, 116, 120, 70, 2, 0.65%, 12, 0, 7, 39.49
1700642588, 4, 116, 121, 71, 2, 0.65%, 12, 0, 7, 12.76
1700642609, 4, 116, 122, 72, 2, 0.65%, 12, 0, 7, 12.89
1700644075, 4, 116, 123, 73, 2, 0.65%, 12, 0, 7, 14.60
1700644121, 4, 116, 124, 74, 2, 0.65%, 12, 0, 7, 126.77
1700644993, 4, 116, 125, 75, 2, 0.65%, 12, 0, 7, 120.96
1700645095, 4, 116, 126, 76, 2, 0.65%, 12, 0, 7, 49.35
1700645100, 4, 119, 126, 75, 2, 0.65%, 12, 0, 7, 315.20
1700645510, 4, 119, 127, 76, 2, 0.65%, 12, 0, 7, 370.66
1700645520, 4, 121, 127, 75, 1, 0.65%, 12, 0, 7, 44.52
1700645530, 4, 121, 128, 76, 1, 0.65%, 12, 0, 7, 30.92
1700646111, 4, 121, 129, 77, 1, 0.65%, 12, 0, 7, 13.01
1700647513, 4, 121, 130, 78, 1, 0.65%, 12, 0, 7, 12.71
1700647563, 4, 121, 131, 79, 1, 0.65%, 12, 0, 7, 143.78
1700648358, 4, 121, 132, 80, 1, 0.65%, 12, 0, 7, 22.83
1700648446, 4, 123, 132, 79, 0, 0.65%, 12, 0, 7, 70.48
1700651836, 4, 128, 132, 78, 0, 0.65%, 12, 0, 7, 66.72
1700654721, 5, 19, 134, 78, 0, 0.67%, 13, 0, 7, 161.89
1700654726, 5, 72, 137, 81, 3, 0.67%, 13, 0, 7, 146.30
1700654880, 5, 72, 138, 82, 3, 0.67%, 13, 0, 7, 160.36
1700654890, 5, 132, 138, 81, 3, 0.67%, 13, 0, 7, 145.32
1700654900, 5, 132, 138, 81, 3, 0.67%, 14, 0, 7, 100.97
1700655070, 5, 132, 139, 82, 3, 0.67%, 14, 0, 7, 220.06
1700655075, 5, 133, 140, 82, 3, 0.67%, 14, 0, 7, 295.34
1700655234, 5, 134, 140, 81, 2, 0.67%, 14, 0, 7, 50.49
1700655935, 5, 134, 141, 82, 2, 0.67%, 14, 0, 7, 17.67
1700657118, 5, 134, 142, 83, 2, 0.67%, 14, 0, 7, 20.98
1700657200, 5, 139, 142, 82, 1, 0.67%, 14, 0, 7, 145.33
1700657240, 5, 139, 144, 84, 1, 0.67%, 14, 0, 7, 25.19
1700657250, 5, 139, 145, 85, 1, 0.67%, 14, 0, 7, 34.03
1700657802, 5, 144, 145, 84, 1, 0.67%, 14, 0, 7, 240.16
1700658291, 6, 9, 145, 81, 0, 0.67%, 14, 0, 7, 301.48
1700658332, 6, 14, 147, 82, 0, 0.67%, 14, 0, 7, 36.87
1700658337, 6, 149, 151, 86, 1, 0.68%, 14, 0, 7, 186.46
1700658433, 6, 149, 152, 87, 1, 0.71%, 14, 0, 7, 342.12
1700658444, 6, 151, 152, 86, 1, 0.71%, 14, 0, 7, 267.68
1700658596, 7, 140, 153, 86, 2, 0.71%, 14, 0, 7, 56.44
1700658962, 7, 140, 154, 87, 2, 0.71%, 14, 0, 7, 107.93
1700659357, 7, 140, 156, 89, 2, 0.71%, 14, 0, 7, 80.79
1700659414, 7, 152, 156, 88, 1, 0.71%, 14, 0, 7, 74.72
1700660508, 7, 152, 157, 89, 1, 0.71%, 14, 0, 7, 23.87
1700660630, 7, 152, 158, 90, 1, 0.71%, 14, 0, 7, 23.28
1700661156, 7, 156, 158, 89, 0, 0.71%, 14, 0, 7, 62.88
1700661166, 7, 156, 159, 90, 0, 0.71%, 14, 0, 7, 43.03
1700661504, 7, 156, 160, 91, 0, 0.71%, 14, 0, 7, 29.57
1700662920, 7, 157, 160, 90, 0, 0.71%, 14, 0, 7, 123.15
1700663598, 7, 158, 160, 89, 0, 0.71%, 14, 0, 7, 54.70
1700664815, 7, 158, 161, 90, 0, 0.71%, 14, 0, 7, 23.28
1700665337, 8, 10, 162, 89, 0, 0.71%, 14, 0, 7, 510.28
1700665342, 8, 14, 162, 88, 0, 0.71%, 14, 0, 7, 381.80
1700665347, 8, 79, 164, 89, 2, 0.72%, 14, 0, 7, 355.22
1700665352, 8, 107, 164, 89, 2, 0.72%, 14, 0, 7, 180.20
1700666060, 8, 162, 164, 88, 2, 0.72%, 14, 0, 7, 304.26
1700666137, 8, 163, 164, 87, 1, 0.72%, 14, 0, 7, 359.63
1700666142, 8, 163, 165, 88, 1, 0.72%, 14, 0, 7, 358.22
1700666147, 8, 163, 166, 89, 1, 0.72%, 14, 0, 7, 345.31
1700666162, 8, 163, 171, 94, 1, 0.72%, 14, 0, 7, 322.66
1700666223, 8, 168, 171, 93, 1, 0.72%, 14, 0, 7, 376.66
1700666305, 8, 171, 172, 93, 1, 0.72%, 14, 0, 7, 412.03
1700666625, 9, 23, 172, 92, 0, 0.72%, 14, 0, 7, 313.91
1700666646, 9, 33, 172, 91, 0, 0.72%, 14, 0, 7, 355.79
1700666733, 9, 38, 172, 90, 0, 0.72%, 14, 0, 7, 352.09
1700666748, 9, 38, 173, 91, 0, 0.72%, 14, 0, 7, 458.15
1700666794, 9, 39, 173, 90, 0, 0.72%, 14, 0, 7, 370.61
1700666854, 9, 41, 173, 89, 0, 0.72%, 14, 0, 7, 371.67
1700666936, 9, 42, 173, 88, 0, 0.72%, 14, 0, 7, 333.17
1700667023, 9, 51, 173, 87, 0, 0.72%, 14, 0, 7, 378.81
1700667089, 9, 54, 173, 86, 0, 0.72%, 14, 0, 7, 405.00
1700667094, 9, 58, 173, 86, 0, 0.72%, 14, 0, 7, 343.90
1700667099, 9, 60, 173, 86, 0, 0.72%, 14, 0, 7, 392.36
1700667150, 9, 66, 173, 85, 0, 0.72%, 14, 0, 7, 462.20
1700667196, 9, 69, 173, 84, 0, 0.72%, 14, 0, 7, 299.77
1700667302, 9, 70, 173, 83, 0, 0.72%, 14, 0, 7, 361.01
1700667307, 9, 75, 173, 83, 0, 0.72%, 14, 0, 7, 398.97
1700667419, 9, 77, 173, 82, 0, 0.72%, 14, 0, 7, 469.48
1700667475, 9, 78, 173, 81, 0, 0.72%, 14, 0, 7, 500.67
1700667526, 9, 84, 173, 80, 0, 0.72%, 14, 0, 7, 398.70
1700667623, 9, 84, 174, 81, 0, 0.72%, 14, 0, 7, 381.10
1700667628, 9, 173, 174, 80, 1, 0.72%, 14, 0, 7, 362.84
1700667724, 10, 27, 174, 79, 0, 0.72%, 14, 0, 7, 452.12
1700667735, 10, 30, 174, 78, 0, 0.72%, 14, 0, 7, 521.17
1700667806, 10, 34, 174, 77, 0, 0.72%, 14, 0, 7, 490.81
1700667877, 10, 42, 174, 76, 0, 0.72%, 14, 0, 7, 400.78
1700667882, 10, 46, 174, 76, 0, 0.72%, 14, 0, 7, 308.38
1700669027, 10, 47, 174, 75, 0, 0.72%, 14, 0, 7, 377.05
