# unix_time, cycles_done, cur_path, paths_total, pending_total, pending_favs, map_size, unique_crashes, unique_hangs, max_depth, execs_per_sec
1701298081, 0, 0, 1, 1, 1, 1.73%, 0, 0, 1, 8.05
1701298086, 0, 0, 6, 6, 1, 1.84%, 0, 0, 2, 9.11
1701298091, 0, 0, 10, 10, 1, 1.86%, 0, 0, 2, 8.00
1701298096, 0, 0, 14, 14, 1, 1.86%, 0, 0, 2, 7.66
1701298102, 0, 0, 18, 18, 1, 1.87%, 0, 0, 2, 7.93
1701298107, 0, 0, 20, 20, 1, 1.87%, 0, 0, 2, 6.95
1701298112, 0, 0, 24, 24, 1, 1.88%, 0, 0, 2, 7.89
1701298117, 0, 0, 27, 27, 1, 1.88%, 0, 0, 2, 6.51
1701298123, 0, 0, 29, 29, 1, 1.88%, 0, 0, 2, 6.75
1701298128, 0, 0, 30, 30, 1, 1.88%, 0, 0, 2, 5.83
1701298133, 0, 0, 31, 31, 1, 1.88%, 0, 0, 2, 5.59
1701298138, 0, 0, 33, 33, 1, 1.94%, 0, 0, 2, 5.70
1701298143, 0, 0, 34, 34, 1, 1.94%, 0, 0, 2, 5.98
1701298153, 0, 0, 37, 37, 1, 1.95%, 0, 0, 2, 6.37
1701298158, 0, 0, 39, 39, 1, 1.95%, 0, 0, 2, 6.60
1701298163, 0, 0, 40, 40, 1, 1.95%, 0, 0, 2, 5.75
1701298169, 0, 0, 43, 43, 1, 1.95%, 0, 0, 2, 6.44
1701298174, 0, 0, 44, 44, 1, 1.95%, 0, 0, 2, 5.73
1701298184, 0, 0, 45, 45, 1, 1.95%, 0, 0, 2, 6.33
1701298189, 0, 0, 46, 46, 1, 1.96%, 0, 0, 2, 5.69
1701298200, 0, 0, 48, 48, 1, 1.96%, 0, 0, 2, 5.81
1701298246, 0, 0, 50, 50, 1, 1.96%, 0, 0, 2, 5.98
1701298262, 0, 0, 51, 51, 1, 1.96%, 0, 0, 2, 5.48
1701298267, 0, 0, 52, 52, 1, 2.00%, 0, 0, 2, 4.98
1701298272, 0, 0, 53, 53, 1, 2.00%, 0, 0, 2, 5.95
1701298277, 0, 0, 54, 54, 1, 2.00%, 0, 0, 2, 6.21
1701298282, 0, 0, 55, 55, 1, 2.00%, 0, 0, 2, 5.56
1701298298, 0, 0, 57, 57, 1, 2.01%, 0, 0, 2, 6.20
1701298313, 0, 0, 59, 59, 1, 2.01%, 0, 0, 2, 8.35
1701298318, 0, 0, 60, 60, 1, 2.01%, 0, 0, 2, 8.89
1701298324, 0, 0, 61, 61, 1, 2.01%, 0, 0, 2, 8.24
1701298585, 0, 0, 62, 62, 1, 2.01%, 0, 0, 2, 9.56
1701298590, 0, 0, 63, 63, 1, 2.01%, 0, 0, 2, 9.42
1701298729, 0, 0, 64, 64, 1, 2.01%, 0, 0, 2, 7.34
1701298739, 0, 0, 65, 65, 1, 2.01%, 0, 0, 2, 8.02
1701298821, 0, 0, 67, 67, 1, 2.01%, 0, 0, 2, 8.29
1701298836, 0, 0, 69, 69, 1, 2.02%, 0, 0, 2, 8.96
1701299057, 0, 0, 70, 70, 1, 2.02%, 0, 0, 2, 10.18
1701299062, 0, 0, 71, 71, 1, 2.02%, 0, 0, 2, 8.50
1701299109, 0, 0, 72, 72, 1, 2.02%, 0, 0, 2, 8.78
1701299278, 0, 0, 73, 73, 1, 2.02%, 0, 0, 2, 8.66
1701299283, 0, 0, 74, 74, 1, 2.02%, 0, 0, 2, 7.75
1701299530, 0, 0, 75, 75, 1, 2.02%, 0, 0, 2, 9.64
1701299535, 0, 0, 77, 77, 1, 2.02%, 0, 0, 2, 9.78
1701299545, 0, 0, 79, 79, 1, 2.02%, 0, 0, 2, 9.90
1701299550, 0, 0, 80, 80, 1, 2.02%, 0, 0, 2, 9.25
1701299555, 0, 0, 81, 81, 1, 2.02%, 0, 0, 2, 8.32
1701299561, 0, 0, 83, 83, 1, 2.02%, 0, 0, 2, 8.09
1701299566, 0, 0, 85, 85, 1, 2.02%, 0, 0, 2, 8.34
1701299571, 0, 0, 86, 86, 1, 2.02%, 0, 0, 2, 8.96
1701299576, 0, 0, 87, 87, 1, 2.02%, 0, 0, 2, 8.89
1701299607, 0, 0, 89, 89, 1, 2.02%, 0, 0, 2, 8.68
1701299612, 0, 0, 90, 90, 1, 2.02%, 0, 0, 2, 8.90
1701299622, 0, 0, 91, 91, 1, 2.02%, 0, 0, 2, 8.52
1701299632, 0, 0, 92, 92, 1, 2.02%, 0, 0, 2, 7.93
1701299648, 0, 0, 93, 93, 1, 2.02%, 0, 0, 2, 8.51
1701299653, 0, 0, 94, 94, 1, 2.02%, 0, 0, 2, 7.98
1701299663, 0, 0, 95, 95, 1, 2.02%, 0, 0, 2, 8.63
1701299668, 0, 0, 96, 96, 1, 2.02%, 0, 0, 2, 7.97
1701299674, 0, 0, 97, 97, 1, 2.02%, 0, 0, 2, 7.79
1701299684, 0, 0, 98, 98, 1, 2.02%, 0, 0, 2, 7.93
1701299689, 0, 0, 100, 100, 1, 2.02%, 0, 0, 2, 8.00
1701299694, 0, 0, 101, 101, 1, 2.02%, 0, 0, 2, 7.48
1701299704, 0, 0, 103, 103, 1, 2.02%, 0, 0, 2, 8.61
1701299709, 0, 0, 104, 104, 1, 2.02%, 0, 0, 2, 7.12
1701299720, 0, 0, 105, 105, 1, 2.02%, 0, 0, 2, 9.14
1701299735, 0, 0, 106, 106, 1, 2.02%, 0, 0, 2, 9.60
1701299766, 0, 0, 107, 107, 1, 2.02%, 0, 0, 2, 8.18
1701299792, 0, 0, 108, 108, 1, 2.02%, 0, 0, 2, 9.00
1701299797, 0, 0, 109, 109, 1, 2.02%, 0, 0, 2, 8.76
1701299828, 0, 0, 110, 110, 1, 2.02%, 0, 0, 2, 9.72
1701299838, 0, 0, 111, 111, 1, 2.02%, 0, 0, 2, 8.58
1701299848, 0, 0, 112, 112, 1, 2.02%, 0, 0, 2, 8.91
1701299874, 0, 0, 113, 113, 1, 2.02%, 0, 0, 2, 6.99
1701299879, 0, 0, 114, 114, 1, 2.02%, 0, 0, 2, 7.37
1701299884, 0, 0, 115, 115, 1, 2.02%, 0, 0, 2, 7.50
1701299889, 0, 0, 116, 116, 1, 2.02%, 0, 0, 2, 7.60
1701299899, 0, 0, 117, 117, 1, 2.02%, 0, 0, 2, 9.46
1701299920, 0, 0, 119, 119, 1, 2.02%, 0, 0, 2, 8.33
1701299925, 0, 0, 120, 120, 1, 2.02%, 0, 0, 2, 9.11
1701299940, 0, 0, 121, 121, 1, 2.02%, 0, 0, 2, 7.79
1701299961, 0, 0, 122, 122, 1, 2.02%, 0, 0, 2, 9.14
1701299971, 0, 3, 122, 121, 24, 2.02%, 0, 0, 2, 8.32
1701300104, 0, 5, 122, 120, 23, 2.02%, 0, 0, 2, 10.07
1701300140, 0, 14, 122, 119, 22, 2.02%, 0, 0, 2, 3.42
1701300155, 0, 14, 123, 120, 22, 2.02%, 0, 0, 3, 9.90
1701300929, 0, 14, 124, 121, 22, 2.02%, 0, 0, 3, 8.48
1701300944, 0, 17, 124, 120, 21, 2.02%, 0, 0, 3, 9.53
1701302155, 0, 17, 125, 121, 21, 2.02%, 0, 0, 3, 9.28
1701302181, 0, 17, 127, 123, 21, 2.02%, 0, 0, 3, 8.98
1701302192, 0, 17, 129, 125, 21, 2.02%, 0, 0, 3, 7.78
1701302212, 0, 17, 130, 126, 21, 2.02%, 0, 0, 3, 9.63
1701302248, 0, 17, 131, 127, 21, 2.02%, 0, 0, 3, 8.83
1701302253, 0, 17, 132, 128, 21, 2.02%, 0, 0, 3, 8.79
1701302304, 0, 17, 133, 129, 21, 2.02%, 0, 0, 3, 9.27
1701302371, 0, 17, 134, 130, 21, 2.02%, 0, 0, 3, 8.96
1701302397, 0, 17, 135, 131, 21, 2.02%, 0, 0, 3, 8.65
1701302407, 0, 17, 136, 132, 21, 2.02%, 0, 0, 3, 9.09
1701302438, 0, 17, 137, 133, 21, 2.02%, 0, 0, 3, 8.84
1701302444, 0, 17, 138, 134, 21, 2.02%, 0, 0, 3, 9.55
1701302449, 0, 17, 139, 135, 21, 2.02%, 0, 0, 3, 8.74
1701302485, 0, 17, 140, 136, 21, 2.02%, 0, 0, 3, 10.11
1701302490, 0, 17, 141, 137, 21, 2.02%, 0, 0, 3, 9.26
1701302495, 0, 17, 142, 138, 21, 2.02%, 0, 0, 3, 9.87
1701302526, 0, 17, 143, 139, 21, 2.02%, 0, 0, 3, 10.09
1701302536, 0, 36, 143, 138, 20, 2.02%, 0, 0, 3, 1.05
1701302583, 0, 36, 144, 139, 20, 2.02%, 0, 0, 3, 10.02
1701303312, 0, 36, 145, 140, 20, 2.02%, 0, 0, 3, 8.78
1701303327, 0, 37, 145, 139, 20, 2.02%, 0, 0, 3, 8.26
1701303379, 0, 39, 145, 138, 19, 2.02%, 0, 0, 3, 7.57
1701303456, 0, 39, 146, 139, 19, 2.03%, 0, 0, 3, 8.58
1701303728, 0, 39, 147, 140, 19, 2.03%, 0, 0, 3, 9.17
1701304245, 0, 41, 147, 139, 21, 2.03%, 0, 0, 3, 9.09
1701304266, 0, 56, 147, 138, 20, 2.03%, 0, 0, 3, 0.84
1701305162, 0, 62, 147, 137, 19, 2.03%, 0, 0, 3, 7.55
1701305682, 0, 62, 148, 138, 19, 2.03%, 0, 0, 3, 7.63
1701306446, 0, 65, 148, 137, 18, 2.03%, 0, 0, 3, 7.87
1701307699, 0, 65, 150, 139, 18, 2.03%, 0, 0, 3, 7.70
1701307704, 0, 65, 151, 140, 18, 2.03%, 0, 0, 3, 7.79
1701307715, 0, 65, 152, 141, 18, 2.03%, 0, 0, 3, 8.74
1701307725, 0, 65, 153, 142, 18, 2.03%, 0, 0, 3, 9.50
1701307771, 0, 65, 154, 143, 18, 2.03%, 0, 0, 3, 8.21
1701307797, 0, 65, 155, 144, 18, 2.03%, 0, 0, 3, 8.30
1701307802, 0, 65, 156, 145, 18, 2.03%, 0, 0, 3, 8.11
1701307915, 0, 65, 157, 146, 18, 2.03%, 0, 0, 3, 8.98
1701307951, 0, 65, 159, 148, 18, 2.03%, 0, 0, 3, 9.79
1701307956, 0, 65, 160, 149, 18, 2.03%, 0, 0, 3, 9.70
1701307982, 0, 65, 161, 150, 18, 2.03%, 0, 0, 3, 9.18
1701308074, 0, 66, 161, 149, 18, 2.03%, 0, 0, 3, 7.15
1701309331, 0, 67, 161, 148, 17, 2.03%, 0, 0, 3, 8.45
1701310576, 0, 67, 162, 149, 17, 2.03%, 0, 0, 3, 10.59
1701310592, 0, 67, 163, 150, 17, 2.03%, 0, 0, 3, 8.35
1701310627, 0, 68, 163, 149, 17, 2.03%, 0, 0, 3, 8.89
1701311972, 0, 68, 165, 151, 17, 2.03%, 0, 0, 3, 9.30
1701312007, 0, 68, 166, 152, 17, 2.03%, 0, 0, 3, 7.15
1701312074, 0, 77, 166, 151, 17, 2.03%, 0, 0, 3, 9.29
1701312848, 0, 80, 166, 150, 16, 2.03%, 0, 0, 3, 8.36
1701313202, 0, 81, 166, 149, 15, 2.03%, 0, 0, 3, 8.92
1701313264, 0, 81, 167, 150, 15, 2.03%, 0, 0, 3, 8.11
1701314031, 0, 84, 167, 149, 14, 2.03%, 0, 0, 3, 9.18
1701315687, 0, 108, 167, 148, 13, 2.03%, 0, 0, 3, 0.76
1701317032, 0, 108, 168, 149, 13, 2.03%, 0, 0, 3, 7.58
1701317038, 0, 108, 169, 150, 13, 2.03%, 0, 0, 3, 9.02
1701317048, 0, 108, 170, 151, 13, 2.03%, 0, 0, 3, 8.63
1701317063, 0, 108, 171, 152, 13, 2.03%, 0, 0, 3, 8.49
1701317094, 0, 108, 172, 153, 13, 2.03%, 0, 0, 3, 8.89
1701317165, 0, 108, 173, 154, 13, 2.03%, 0, 0, 3, 8.17
1701317196, 0, 108, 174, 155, 13, 2.03%, 0, 0, 3, 9.94
1701317201, 0, 108, 175, 156, 13, 2.03%, 0, 0, 3, 10.15
1701317232, 0, 108, 176, 157, 13, 2.03%, 0, 0, 3, 10.11
1701317273, 0, 108, 177, 158, 13, 2.03%, 0, 0, 3, 9.68
1701317309, 0, 108, 178, 159, 13, 2.03%, 0, 0, 3, 9.18
1701317319, 0, 108, 179, 160, 13, 2.03%, 0, 0, 3, 9.26
1701317406, 0, 109, 179, 159, 13, 2.03%, 0, 0, 3, 9.72
1701317463, 0, 109, 180, 160, 13, 2.03%, 0, 0, 3, 9.78
1701318227, 0, 109, 181, 161, 13, 2.03%, 0, 0, 3, 8.97
1701318232, 0, 109, 182, 162, 13, 2.03%, 0, 0, 3, 9.35
1701318237, 0, 109, 183, 163, 13, 2.03%, 0, 0, 3, 8.26
1701318242, 0, 109, 185, 165, 13, 2.03%, 0, 0, 3, 9.12
1701318299, 0, 109, 186, 166, 13, 2.03%, 0, 0, 3, 8.08
1701318396, 0, 109, 187, 167, 13, 2.03%, 0, 0, 3, 7.32
1701318494, 0, 109, 188, 168, 13, 2.03%, 0, 0, 3, 9.03
1701318504, 0, 109, 189, 169, 13, 2.03%, 0, 0, 3, 9.23
1701318612, 0, 109, 190, 170, 13, 2.03%, 0, 0, 3, 8.09
1701318622, 0, 119, 190, 169, 13, 2.03%, 0, 0, 3, 9.02
1701318725, 0, 119, 191, 170, 13, 2.03%, 0, 0, 3, 9.08
1701319485, 0, 119, 192, 171, 13, 2.03%, 0, 0, 3, 10.06
1701320361, 0, 136, 192, 170, 13, 2.03%, 0, 0, 3, 10.89
1701321196, 0, 139, 192, 169, 12, 2.03%, 0, 0, 3, 9.55
1701321212, 0, 139, 193, 170, 12, 2.03%, 0, 0, 4, 9.33
1701321227, 0, 139, 194, 171, 12, 2.03%, 0, 0, 4, 9.88
1701322026, 0, 139, 195, 172, 12, 2.03%, 0, 0, 4, 7.28
1701323366, 0, 142, 195, 171, 13, 2.03%, 0, 0, 4, 7.12
1701325250, 0, 143, 195, 170, 12, 2.03%, 0, 0, 4, 7.74
1701325332, 0, 143, 196, 171, 12, 2.03%, 0, 0, 4, 9.77
1701326025, 0, 145, 196, 170, 11, 2.03%, 0, 0, 4, 9.06
1701326380, 0, 145, 197, 171, 11, 2.03%, 0, 0, 4, 7.89
1701326457, 0, 145, 198, 172, 11, 2.03%, 0, 0, 4, 8.88
1701326888, 0, 146, 198, 171, 10, 2.03%, 0, 0, 4, 10.30
1701327690, 0, 158, 198, 170, 9, 2.03%, 0, 0, 4, 0.82
1701328086, 0, 158, 200, 172, 9, 2.03%, 0, 0, 4, 9.12
1701329327, 0, 161, 200, 171, 8, 2.03%, 0, 0, 4, 9.32
1701330720, 0, 161, 201, 172, 8, 2.03%, 0, 0, 4, 7.72
1701330736, 0, 161, 202, 173, 8, 2.03%, 0, 0, 4, 8.60
1701330741, 0, 161, 203, 174, 8, 2.03%, 0, 0, 4, 8.13
1701330812, 0, 165, 203, 173, 7, 2.03%, 0, 0, 4, 9.22
1701331711, 0, 176, 203, 172, 6, 2.03%, 0, 0, 4, 5.75
1701332039, 0, 176, 204, 173, 6, 2.03%, 0, 0, 4, 9.19
1701333737, 0, 179, 204, 172, 5, 2.03%, 0, 0, 4, 7.77
1701334583, 0, 179, 205, 173, 5, 2.03%, 0, 0, 4, 9.11
1701334598, 0, 189, 205, 172, 5, 2.03%, 0, 0, 4, 7.26
1701334609, 0, 189, 207, 174, 5, 2.03%, 0, 0, 4, 8.26
1701334614, 0, 189, 208, 175, 5, 2.03%, 0, 0, 4, 8.17
1701334808, 0, 189, 210, 177, 5, 2.03%, 0, 0, 4, 8.20
1701335229, 0, 191, 210, 176, 6, 2.03%, 0, 0, 4, 7.22
1701336142, 0, 191, 211, 177, 6, 2.03%, 0, 0, 4, 8.10
1701337224, 0, 191, 212, 178, 6, 2.03%, 0, 0, 4, 8.70
1701337240, 0, 192, 212, 177, 6, 2.03%, 0, 0, 4, 10.14
1701339146, 0, 192, 214, 179, 6, 2.03%, 0, 0, 5, 8.24
1701339151, 0, 192, 215, 180, 6, 2.03%, 0, 0, 5, 8.54
1701339156, 0, 192, 216, 181, 6, 2.03%, 0, 0, 5, 7.91
1701339182, 0, 192, 217, 182, 6, 2.03%, 0, 0, 5, 9.47
1701339207, 0, 192, 218, 183, 6, 2.03%, 0, 0, 5, 10.09
1701339284, 0, 192, 219, 184, 6, 2.03%, 0, 0, 5, 9.20
1701339515, 0, 193, 219, 183, 5, 2.03%, 0, 0, 5, 8.06
1701341375, 0, 205, 219, 182, 4, 2.03%, 0, 0, 5, 8.52
1701341908, 0, 208, 219, 181, 3, 2.03%, 0, 0, 5, 4.01
1701342107, 0, 208, 220, 182, 3, 2.03%, 0, 0, 5, 8.67
1701342524, 0, 209, 220, 181, 2, 2.03%, 0, 0, 5, 9.15
1701342723, 0, 209, 221, 182, 2, 2.03%, 0, 0, 5, 7.64
1701343129, 0, 211, 221, 181, 2, 2.03%, 0, 0, 5, 8.12
1701344820, 0, 211, 222, 182, 2, 2.03%, 0, 0, 5, 9.87
1701344840, 0, 211, 223, 183, 2, 2.03%, 0, 0, 5, 6.72
1701344845, 0, 211, 224, 184, 2, 2.03%, 0, 0, 5, 7.56
1701344882, 0, 211, 226, 186, 2, 2.03%, 0, 0, 5, 7.03
1701344969, 0, 211, 227, 187, 2, 2.03%, 0, 0, 5, 9.51
1701344974, 0, 211, 228, 188, 2, 2.03%, 0, 0, 5, 9.07
1701345202, 0, 220, 228, 187, 2, 2.03%, 0, 0, 5, 1.38
1701345423, 0, 220, 229, 188, 2, 2.03%, 0, 0, 6, 8.78
1701345820, 0, 220, 230, 189, 2, 2.03%, 0, 0, 6, 8.15
1701345850, 0, 221, 230, 188, 2, 2.03%, 0, 0, 6, 7.72
1701347672, 0, 228, 230, 187, 1, 2.03%, 0, 0, 6, 7.32
1701348301, 0, 228, 231, 188, 1, 2.03%, 0, 0, 7, 8.07
1701348316, 0, 228, 232, 189, 1, 2.03%, 0, 0, 7, 7.96
1701348347, 0, 228, 233, 190, 1, 2.03%, 0, 0, 7, 7.15
1701348413, 0, 230, 233, 189, 1, 2.03%, 0, 0, 7, 9.90
1701349034, 0, 230, 234, 190, 1, 2.03%, 0, 0, 8, 8.33
1701349085, 0, 232, 234, 189, 0, 2.03%, 0, 0, 8, 8.49
1701350546, 0, 232, 235, 190, 0, 2.03%, 0, 0, 8, 8.32
1701350577, 0, 232, 236, 191, 0, 2.03%, 0, 0, 8, 8.97
1701350587, 0, 232, 237, 192, 0, 2.03%, 0, 0, 8, 10.05
1701350618, 0, 232, 238, 193, 0, 2.03%, 0, 0, 8, 9.04
1701350741, 0, 232, 239, 194, 0, 2.03%, 0, 0, 8, 7.71
1701350956, 1, 2, 239, 193, 0, 2.03%, 0, 0, 8, 3.88
1701352191, 1, 2, 240, 194, 0, 2.03%, 0, 0, 8, 8.27
1701352202, 1, 3, 240, 193, 0, 2.03%, 0, 0, 8, 9.25
1701352207, 1, 10, 240, 193, 0, 2.03%, 0, 0, 8, 11.93
1701353095, 1, 10, 241, 194, 0, 2.03%, 0, 0, 8, 8.39
1701353116, 1, 10, 242, 195, 0, 2.59%, 0, 0, 8, 8.52
1701353165, 1, 151, 242, 194, 1, 2.59%, 0, 0, 8, 0.05
1701354676, 1, 241, 242, 193, 1, 2.59%, 0, 0, 8, 0.32
1701354691, 1, 241, 246, 197, 1, 2.69%, 0, 0, 8, 8.29
1701354696, 1, 241, 250, 201, 1, 2.72%, 0, 0, 8, 8.36
1701354701, 1, 241, 253, 204, 1, 2.80%, 0, 0, 8, 7.09
1701354706, 1, 241, 255, 206, 1, 2.81%, 0, 0, 8, 6.72
1701354711, 1, 241, 257, 208, 1, 2.81%, 0, 0, 8, 6.61
1701354722, 1, 241, 259, 210, 1, 2.81%, 0, 0, 8, 7.02
1701354742, 1, 241, 260, 211, 1, 2.81%, 0, 0, 8, 6.82
1701354747, 1, 241, 261, 212, 1, 2.81%, 0, 0, 8, 7.67
1701354763, 1, 241, 263, 214, 1, 2.81%, 0, 0, 8, 8.14
1701354773, 1, 241, 265, 216, 1, 2.81%, 0, 0, 8, 8.16
1701354778, 1, 241, 267, 218, 1, 2.81%, 0, 0, 8, 7.96
1701354783, 1, 241, 268, 219, 1, 2.81%, 0, 0, 8, 7.01
1701354788, 1, 241, 271, 222, 1, 2.85%, 0, 0, 8, 7.11
1701354794, 1, 241, 275, 226, 1, 2.85%, 0, 0, 8, 7.90
1701354799, 1, 241, 279, 230, 1, 2.86%, 0, 0, 8, 8.34
1701354804, 1, 241, 281, 232, 1, 2.86%, 0, 0, 8, 8.55
1701354809, 1, 241, 284, 235, 1, 2.87%, 0, 0, 8, 8.26
1701354814, 1, 241, 286, 237, 1, 2.87%, 0, 0, 8, 6.43
1701354819, 1, 241, 288, 239, 1, 2.87%, 0, 0, 8, 6.78
1701354825, 1, 241, 291, 242, 1, 2.87%, 0, 0, 8, 6.30
1701354907, 1, 241, 292, 243, 1, 2.89%, 0, 0, 8, 7.39
1701354918, 1, 241, 294, 245, 1, 2.89%, 0, 0, 8, 7.39
1701354933, 1, 241, 295, 246, 1, 2.89%, 0, 0, 8, 7.97
1701354938, 1, 241, 296, 247, 1, 2.89%, 0, 0, 8, 8.13
1701355001, 1, 241, 297, 248, 1, 2.90%, 0, 0, 8, 8.12
1701355011, 1, 241, 299, 250, 1, 2.90%, 0, 0, 8, 8.00
1701355016, 1, 241, 300, 251, 1, 2.90%, 0, 0, 8, 7.28
1701355098, 1, 241, 301, 252, 1, 2.90%, 0, 0, 8, 8.23
1701355103, 1, 241, 303, 254, 1, 2.90%, 0, 0, 8, 7.08
1701355108, 1, 241, 305, 256, 1, 2.90%, 0, 0, 8, 6.23
1701355123, 1, 241, 306, 257, 1, 2.90%, 0, 0, 8, 6.48
1701355616, 1, 241, 307, 258, 1, 2.90%, 0, 0, 8, 7.05
1701355627, 1, 241, 308, 259, 1, 2.90%, 0, 0, 8, 7.63
1701355632, 1, 241, 309, 260, 1, 2.90%, 0, 0, 8, 8.40
1701355642, 1, 241, 310, 261, 1, 2.90%, 0, 0, 8, 7.44
1701355652, 1, 241, 311, 262, 1, 2.90%, 0, 0, 8, 6.89
1701355657, 1, 241, 312, 263, 1, 2.90%, 0, 0, 8, 5.10
1701355688, 1, 241, 313, 264, 1, 2.90%, 0, 0, 8, 6.79
1701355708, 1, 241, 314, 265, 1, 2.91%, 0, 0, 8, 6.12
1701355714, 1, 241, 315, 266, 1, 2.91%, 0, 0, 8, 6.34
1701355719, 1, 241, 316, 267, 1, 2.91%, 0, 0, 8, 7.19
1701355729, 1, 241, 317, 268, 1, 2.91%, 0, 0, 8, 7.45
1701355734, 1, 241, 318, 269, 1, 2.91%, 0, 0, 8, 7.24
1701355739, 1, 241, 319, 270, 1, 2.91%, 0, 0, 8, 7.28
1701355750, 1, 241, 320, 271, 1, 2.91%, 0, 0, 8, 7.19
1701355755, 1, 241, 321, 272, 1, 2.91%, 0, 0, 8, 6.75
1701355760, 1, 241, 323, 274, 1, 2.91%, 0, 0, 8, 6.82
1701355765, 1, 241, 324, 275, 1, 2.91%, 0, 0, 8, 7.17
1701356312, 1, 241, 325, 276, 1, 2.91%, 0, 0, 8, 7.35
1701356390, 1, 241, 326, 277, 1, 2.91%, 0, 0, 8, 8.24
1701356708, 1, 241, 327, 278, 1, 2.91%, 0, 0, 8, 7.70
1701356713, 1, 241, 328, 279, 1, 2.91%, 0, 0, 8, 7.88
1701357181, 1, 241, 329, 280, 1, 2.91%, 0, 0, 8, 7.63
1701357243, 1, 241, 331, 282, 1, 2.91%, 0, 0, 8, 7.74
1701357248, 1, 241, 333, 284, 1, 2.92%, 0, 0, 8, 7.61
1701357253, 1, 241, 334, 285, 1, 2.92%, 0, 0, 8, 6.98
1701357258, 1, 241, 337, 288, 1, 2.92%, 0, 0, 8, 7.87
1701357263, 1, 241, 338, 289, 1, 2.92%, 0, 0, 8, 7.94
1701357268, 1, 241, 339, 290, 1, 2.92%, 0, 0, 8, 8.63
1701357274, 1, 241, 342, 293, 1, 2.92%, 0, 0, 8, 8.19
1701357279, 1, 241, 343, 294, 1, 2.92%, 0, 0, 8, 8.08
1701357284, 1, 241, 345, 296, 1, 2.92%, 0, 0, 8, 7.48
1701357289, 1, 241, 347, 298, 1, 2.92%, 0, 0, 8, 7.32
1701357304, 1, 241, 350, 301, 1, 2.92%, 0, 0, 8, 7.02
1701357315, 1, 241, 352, 303, 1, 2.92%, 0, 0, 8, 7.02
1701357320, 1, 241, 354, 305, 1, 2.92%, 0, 0, 8, 6.78
1701357330, 1, 241, 355, 306, 1, 2.92%, 0, 0, 8, 6.77
1701357341, 1, 241, 356, 307, 1, 2.92%, 0, 0, 8, 8.16
1701357351, 1, 241, 357, 308, 1, 2.93%, 0, 0, 8, 7.98
1701357356, 1, 241, 358, 309, 1, 2.93%, 0, 0, 8, 7.23
1701357366, 1, 241, 359, 310, 1, 2.93%, 0, 0, 8, 7.26
1701357371, 1, 241, 360, 311, 1, 2.93%, 0, 0, 8, 8.13
1701357376, 1, 241, 362, 313, 1, 2.93%, 0, 0, 8, 7.95
1701357387, 1, 241, 363, 314, 1, 2.93%, 0, 0, 8, 7.19
1701357392, 1, 241, 364, 315, 1, 2.93%, 0, 0, 8, 8.07
1701357397, 1, 241, 366, 317, 1, 2.93%, 0, 0, 8, 7.43
1701357402, 1, 241, 367, 318, 1, 2.95%, 0, 0, 8, 7.33
1701357418, 1, 241, 368, 319, 1, 2.95%, 0, 0, 8, 9.12
1701357423, 1, 241, 370, 321, 1, 2.95%, 0, 0, 8, 8.70
1701357438, 1, 241, 371, 322, 1, 2.95%, 0, 0, 8, 8.36
1701357443, 1, 241, 372, 323, 1, 2.95%, 0, 0, 8, 8.46
1701357449, 1, 241, 374, 325, 1, 2.96%, 0, 0, 8, 8.22
1701357490, 1, 241, 375, 326, 1, 2.96%, 0, 0, 8, 8.21
1701357495, 1, 241, 376, 327, 1, 2.96%, 0, 0, 8, 9.19
1701357500, 1, 241, 377, 328, 1, 2.96%, 0, 0, 8, 9.52
1701357505, 1, 241, 378, 329, 1, 2.96%, 0, 0, 8, 7.95
1701357531, 1, 241, 379, 330, 1, 2.96%, 0, 0, 8, 8.28
1701357567, 1, 241, 380, 331, 1, 2.96%, 0, 0, 8, 7.24
1701357582, 1, 241, 381, 332, 1, 2.96%, 0, 0, 8, 7.90
1701357587, 1, 241, 382, 333, 1, 2.96%, 0, 0, 8, 8.50
1701357608, 1, 241, 383, 334, 1, 2.96%, 0, 0, 8, 7.81
1701357654, 1, 241, 384, 335, 1, 2.96%, 0, 0, 8, 8.96
1701357664, 1, 241, 386, 337, 1, 2.96%, 0, 0, 8, 7.58
1701357680, 1, 241, 389, 340, 1, 2.97%, 0, 0, 8, 8.22
1701357685, 1, 241, 390, 341, 1, 2.97%, 0, 0, 8, 7.85
1701357700, 1, 241, 391, 342, 1, 2.97%, 0, 0, 8, 7.06
1701357711, 1, 241, 392, 343, 1, 2.97%, 0, 0, 8, 7.13
1701357733, 1, 253, 392, 342, 25, 2.97%, 0, 0, 8, 0.35
1701357784, 1, 253, 393, 343, 25, 2.97%, 0, 0, 8, 8.87
1701357789, 1, 253, 394, 344, 25, 2.97%, 0, 0, 8, 8.46
1701357856, 1, 253, 395, 345, 25, 2.97%, 0, 0, 8, 7.69
1701359140, 1, 253, 396, 346, 25, 2.97%, 0, 0, 8, 9.36
1701359171, 1, 253, 397, 347, 25, 2.97%, 0, 0, 8, 9.23
1701359186, 1, 253, 398, 348, 25, 2.98%, 0, 0, 8, 8.93
1701359223, 1, 253, 399, 349, 25, 2.98%, 0, 0, 8, 9.63
1701359248, 1, 253, 400, 350, 25, 2.98%, 0, 0, 8, 7.52
1701359263, 1, 253, 401, 351, 25, 2.98%, 0, 0, 8, 7.88
1701359309, 1, 253, 402, 352, 25, 2.98%, 0, 0, 8, 7.72
1701359314, 1, 253, 403, 353, 25, 2.98%, 0, 0, 8, 8.29
1701359345, 1, 253, 404, 354, 25, 2.98%, 0, 0, 8, 9.55
1701359371, 1, 253, 405, 355, 25, 3.00%, 0, 0, 8, 9.30
1701359417, 1, 253, 406, 356, 25, 3.00%, 0, 0, 8, 7.69
1701359468, 1, 253, 407, 357, 25, 3.00%, 0, 0, 8, 7.68
1701359489, 1, 253, 408, 358, 25, 3.00%, 0, 0, 8, 8.44
1701359519, 1, 253, 409, 359, 25, 3.00%, 0, 0, 8, 8.64
1701359525, 1, 276, 409, 358, 29, 3.00%, 0, 0, 8, 7.80
1701360345, 1, 276, 410, 359, 29, 3.00%, 0, 0, 8, 7.67
1701360350, 1, 276, 411, 360, 29, 3.01%, 0, 0, 8, 6.93
1701360417, 1, 276, 412, 361, 29, 3.01%, 0, 0, 8, 7.71
1701361862, 1, 276, 413, 362, 29, 3.01%, 0, 0, 8, 9.26
1701361867, 1, 276, 414, 363, 29, 3.01%, 0, 0, 8, 9.56
1701361882, 1, 276, 416, 365, 29, 3.01%, 0, 0, 8, 8.34
1701361898, 1, 276, 417, 366, 29, 3.01%, 0, 0, 8, 8.39
1701361928, 1, 276, 418, 367, 29, 3.01%, 0, 0, 8, 7.51
1701361970, 1, 276, 419, 368, 29, 3.01%, 0, 0, 8, 8.63
1701361990, 1, 276, 421, 370, 29, 3.01%, 0, 0, 8, 8.63
1701362006, 1, 276, 422, 371, 29, 3.01%, 0, 0, 8, 8.93
1701362047, 1, 276, 423, 372, 29, 3.01%, 0, 0, 8, 8.24
1701362062, 1, 276, 424, 373, 29, 3.01%, 0, 0, 8, 8.96
1701362067, 1, 276, 425, 374, 29, 3.01%, 0, 0, 8, 9.31
1701362159, 1, 276, 426, 375, 29, 3.01%, 0, 0, 8, 8.84
1701362175, 1, 276, 427, 376, 29, 3.01%, 0, 0, 8, 10.12
1701362236, 1, 276, 428, 377, 29, 3.01%, 0, 0, 8, 9.68
1701362257, 1, 277, 428, 376, 27, 3.01%, 0, 0, 8, 8.36
1701363084, 1, 277, 429, 377, 27, 3.01%, 0, 0, 8, 6.79
1701363146, 1, 277, 430, 378, 27, 3.01%, 0, 0, 8, 6.49
1701364580, 1, 277, 431, 379, 27, 3.01%, 0, 0, 8, 6.45
1701364590, 1, 277, 432, 380, 27, 3.03%, 0, 0, 8, 8.29
1701364626, 1, 277, 433, 381, 27, 3.03%, 0, 0, 8, 6.74
1701364662, 1, 277, 434, 382, 27, 3.03%, 0, 0, 8, 7.54
1701364688, 1, 277, 435, 383, 27, 3.03%, 0, 0, 8, 9.07
1701364719, 1, 277, 436, 384, 27, 3.03%, 0, 0, 8, 9.33
1701364749, 1, 277, 437, 385, 27, 3.03%, 0, 0, 8, 7.80
1701364780, 1, 277, 438, 386, 27, 3.03%, 0, 0, 8, 7.56
1701364810, 1, 277, 439, 387, 27, 3.03%, 0, 0, 8, 9.58
1701364826, 1, 277, 440, 388, 27, 3.03%, 0, 0, 8, 8.12
1701364862, 1, 277, 441, 389, 27, 3.03%, 0, 0, 8, 8.03
1701364913, 1, 277, 442, 390, 27, 3.03%, 0, 0, 8, 8.74
1701364938, 1, 277, 443, 391, 27, 3.03%, 0, 0, 8, 8.61
1701364964, 1, 281, 443, 390, 30, 3.03%, 0, 0, 8, 3.43
1701365236, 1, 281, 444, 391, 30, 3.03%, 0, 0, 8, 7.88
1701365837, 1, 281, 445, 392, 30, 3.03%, 0, 0, 8, 6.90
1701365863, 1, 281, 446, 393, 30, 3.03%, 0, 0, 8, 8.32
1701365878, 1, 281, 447, 394, 30, 3.03%, 0, 0, 8, 6.71
1701365898, 1, 281, 448, 395, 30, 3.03%, 0, 0, 8, 8.22
1701367293, 1, 281, 449, 396, 30, 3.03%, 0, 0, 8, 7.51
1701367308, 1, 281, 450, 397, 30, 3.03%, 0, 0, 8, 8.77
1701367391, 1, 281, 451, 398, 30, 3.03%, 0, 0, 8, 7.32
1701367411, 1, 281, 453, 400, 30, 3.03%, 0, 0, 8, 6.46
1701367555, 1, 281, 454, 401, 30, 3.03%, 0, 0, 8, 9.21
1701367581, 1, 281, 455, 402, 30, 3.03%, 0, 0, 8, 8.59
1701367627, 1, 281, 456, 403, 30, 3.03%, 0, 0, 8, 8.13
1701367673, 1, 281, 457, 404, 30, 3.03%, 0, 0, 8, 8.45
1701367688, 1, 291, 457, 403, 31, 3.03%, 0, 0, 8, 7.90
1701367852, 1, 291, 458, 404, 31, 3.04%, 0, 0, 8, 8.16
1701367857, 1, 291, 459, 405, 31, 3.04%, 0, 0, 8, 7.62
1701368577, 1, 291, 460, 406, 31, 3.04%, 0, 0, 8, 6.76
1701368588, 1, 291, 461, 407, 31, 3.05%, 0, 0, 8, 6.19
1701369276, 1, 291, 462, 408, 31, 3.05%, 0, 0, 8, 7.25
1701370190, 1, 299, 462, 407, 35, 3.05%, 0, 0, 8, 8.28
1701372631, 1, 299, 463, 408, 35, 3.05%, 0, 0, 8, 9.00
1701372672, 1, 299, 464, 409, 35, 3.05%, 0, 0, 8, 7.96
1701372764, 1, 299, 465, 410, 35, 3.05%, 0, 0, 8, 9.77
1701372841, 1, 299, 466, 411, 35, 3.05%, 0, 0, 8, 9.83
1701372867, 1, 299, 467, 412, 35, 3.05%, 0, 0, 8, 7.91
1701372913, 1, 299, 468, 413, 35, 3.05%, 0, 0, 8, 8.58
1701372939, 1, 299, 469, 414, 35, 3.05%, 0, 0, 8, 8.99
1701372970, 1, 299, 470, 415, 35, 3.05%, 0, 0, 8, 9.00
1701372985, 1, 301, 471, 415, 35, 3.05%, 0, 0, 8, 6.74
1701375265, 1, 314, 471, 414, 35, 3.05%, 0, 0, 8, 7.05
1701375281, 1, 314, 472, 415, 35, 3.05%, 0, 0, 8, 6.89
1701375358, 1, 314, 473, 416, 35, 3.05%, 0, 0, 8, 8.05
1701375533, 1, 314, 474, 417, 35, 3.05%, 0, 0, 8, 6.66
1701377748, 1, 314, 475, 418, 35, 3.05%, 0, 0, 8, 8.23
1701377799, 1, 314, 476, 419, 35, 3.05%, 0, 0, 8, 8.80
1701377902, 1, 316, 476, 418, 35, 3.05%, 0, 0, 8, 8.79
1701380386, 1, 316, 477, 419, 35, 3.05%, 0, 0, 8, 8.61
1701380392, 1, 316, 478, 420, 35, 3.05%, 0, 0, 8, 7.55
1701380515, 1, 316, 479, 421, 35, 3.05%, 0, 0, 8, 9.12
1701380756, 1, 318, 479, 420, 35, 3.05%, 0, 0, 8, 7.17
1701383177, 1, 318, 480, 421, 35, 3.05%, 0, 0, 8, 8.26
1701383228, 1, 318, 481, 422, 35, 3.05%, 0, 0, 8, 7.99
1701383264, 1, 318, 482, 423, 35, 3.05%, 0, 0, 8, 9.39
1701383284, 1, 318, 483, 424, 35, 3.05%, 0, 0, 8, 7.19
1701383320, 1, 318, 484, 425, 35, 3.05%, 0, 0, 8, 7.46
1701383336, 1, 318, 485, 426, 35, 3.05%, 0, 0, 8, 7.96
1701383351, 1, 318, 486, 427, 35, 3.05%, 0, 0, 8, 8.12
1701383536, 1, 318, 487, 428, 35, 3.05%, 0, 0, 8, 7.41
1701383577, 1, 321, 487, 427, 33, 3.05%, 0, 0, 8, 8.17
1701386191, 1, 321, 488, 428, 33, 3.05%, 0, 0, 8, 8.91
1701386232, 1, 321, 489, 429, 33, 3.05%, 0, 0, 8, 9.29
1701386278, 1, 321, 490, 430, 33, 3.05%, 0, 0, 8, 7.49
1701386324, 1, 321, 491, 431, 33, 3.05%, 0, 0, 8, 8.42
1701386484, 1, 321, 492, 432, 33, 3.05%, 0, 0, 8, 6.67
1701386519, 1, 321, 493, 433, 33, 3.05%, 0, 0, 8, 7.53
1701386525, 1, 321, 494, 434, 33, 3.05%, 0, 0, 8, 7.35
1701386596, 1, 340, 494, 433, 33, 3.05%, 0, 0, 8, 8.26
1701386787, 1, 342, 494, 432, 32, 3.05%, 0, 0, 8, 8.85
1701388090, 1, 359, 494, 431, 31, 3.05%, 0, 0, 8, 0.52
1701388105, 1, 359, 496, 433, 31, 3.05%, 0, 0, 8, 9.04
1701388126, 1, 359, 498, 435, 31, 3.05%, 0, 0, 8, 8.46
1701388131, 1, 359, 500, 437, 31, 3.05%, 0, 0, 8, 8.56
1701388146, 1, 359, 501, 438, 31, 3.05%, 0, 0, 8, 8.52
1701388341, 1, 359, 502, 439, 31, 3.05%, 0, 0, 8, 8.97
1701388346, 1, 359, 503, 440, 31, 3.05%, 0, 0, 8, 8.83
1701388361, 1, 359, 505, 442, 31, 3.05%, 0, 0, 8, 8.62
1701388367, 1, 359, 506, 443, 31, 3.05%, 0, 0, 8, 8.34
1701388372, 1, 359, 507, 444, 31, 3.05%, 0, 0, 8, 8.45
1701388377, 1, 359, 508, 445, 31, 3.05%, 0, 0, 8, 8.71
1701388474, 1, 359, 509, 446, 31, 3.05%, 0, 0, 8, 8.13
1701388479, 1, 359, 510, 447, 31, 3.05%, 0, 0, 8, 8.54
1701388484, 1, 359, 512, 449, 31, 3.05%, 0, 0, 8, 8.35
1701388536, 1, 359, 513, 450, 31, 3.05%, 0, 0, 8, 8.02
1701388561, 1, 359, 514, 451, 31, 3.05%, 0, 0, 8, 8.46
1701388566, 1, 359, 515, 452, 31, 3.05%, 0, 0, 8, 8.20
1701388571, 1, 359, 516, 453, 31, 3.05%, 0, 0, 8, 7.87
1701389325, 1, 359, 517, 454, 31, 3.05%, 0, 0, 8, 7.17
1701389392, 1, 368, 517, 453, 30, 3.05%, 0, 0, 8, 7.49
1701389433, 1, 368, 518, 454, 30, 3.05%, 0, 0, 8, 6.08
1701389521, 1, 368, 519, 455, 30, 3.05%, 0, 0, 8, 8.20
1701389526, 1, 368, 520, 456, 30, 3.05%, 0, 0, 8, 8.23
1701391410, 1, 368, 521, 457, 30, 3.05%, 0, 0, 8, 7.69
1701391441, 1, 368, 522, 458, 30, 3.06%, 0, 0, 8, 7.43
1701391446, 1, 368, 523, 459, 30, 3.06%, 0, 0, 8, 7.80
1701391472, 1, 368, 524, 460, 30, 3.06%, 0, 0, 8, 8.22
1701391564, 1, 368, 525, 461, 30, 3.06%, 0, 0, 8, 7.03
1701391723, 1, 368, 526, 462, 30, 3.06%, 0, 0, 8, 8.01
1701391754, 1, 368, 527, 463, 30, 3.06%, 0, 0, 8, 6.25
1701391759, 1, 368, 528, 464, 30, 3.06%, 0, 0, 8, 7.34
1701391806, 1, 369, 528, 463, 32, 3.06%, 0, 0, 8, 6.42
1701391955, 1, 369, 530, 465, 32, 3.06%, 0, 0, 8, 7.91
1701394597, 1, 372, 530, 464, 31, 3.06%, 0, 0, 8, 7.76
1701394623, 1, 372, 531, 465, 31, 3.06%, 0, 0, 8, 7.08
1701395631, 1, 372, 532, 466, 31, 3.06%, 0, 0, 8, 6.94
1701395801, 1, 372, 533, 467, 31, 3.06%, 0, 0, 8, 8.85
1701400853, 1, 375, 533, 466, 31, 3.06%, 0, 0, 8, 8.64
1701401321, 1, 381, 533, 465, 30, 3.06%, 0, 0, 8, 8.25
1701401337, 1, 381, 534, 466, 30, 3.06%, 0, 0, 8, 7.96
1701401347, 1, 381, 535, 467, 30, 3.06%, 0, 0, 8, 8.62
1701401352, 1, 381, 536, 468, 30, 3.06%, 0, 0, 8, 7.71
1701401357, 1, 381, 538, 470, 30, 3.06%, 0, 0, 8, 7.66
1701401362, 1, 381, 540, 472, 30, 3.06%, 0, 0, 8, 7.42
1701401408, 1, 381, 541, 473, 30, 3.06%, 0, 0, 8, 7.78
1701401413, 1, 381, 542, 474, 30, 3.06%, 0, 0, 8, 6.91
1701401630, 1, 381, 543, 475, 30, 3.06%, 0, 0, 8, 8.05
1701401748, 1, 381, 544, 476, 30, 3.06%, 0, 0, 8, 7.20
1701401764, 1, 381, 545, 477, 30, 3.06%, 0, 0, 8, 7.59
1701402443, 1, 381, 546, 478, 30, 3.06%, 0, 0, 8, 8.42
1701402484, 1, 381, 547, 479, 30, 3.06%, 0, 0, 8, 6.73
1701402515, 1, 381, 548, 480, 30, 3.06%, 0, 0, 8, 8.67
1701402582, 1, 381, 549, 481, 30, 3.06%, 0, 0, 8, 8.61
1701402587, 1, 381, 550, 482, 30, 3.06%, 0, 0, 8, 6.88
1701402602, 1, 381, 551, 483, 30, 3.06%, 0, 0, 8, 8.67
1701402643, 1, 381, 552, 484, 30, 3.06%, 0, 0, 8, 7.63
1701402879, 1, 381, 553, 485, 30, 3.06%, 0, 0, 8, 8.34
1701402910, 1, 392, 553, 484, 28, 3.06%, 0, 0, 8, 6.71
1701404245, 1, 392, 554, 485, 28, 3.06%, 0, 0, 8, 9.72
1701404317, 1, 392, 555, 486, 28, 3.06%, 0, 0, 8, 8.27
1701404368, 1, 392, 556, 487, 28, 3.06%, 0, 0, 8, 9.32
1701404491, 1, 392, 557, 488, 28, 3.06%, 0, 0, 8, 8.85
1701404516, 1, 392, 558, 489, 28, 3.06%, 0, 0, 8, 8.28
1701404619, 1, 394, 558, 488, 27, 3.06%, 0, 0, 8, 7.48
1701404860, 1, 394, 559, 489, 27, 3.06%, 0, 0, 8, 7.06
1701406120, 1, 394, 560, 490, 27, 3.06%, 0, 0, 8, 8.68
1701406182, 1, 394, 561, 491, 27, 3.06%, 0, 0, 8, 7.38
1701406294, 1, 394, 562, 492, 27, 3.06%, 0, 0, 8, 8.78
1701406459, 1, 394, 563, 493, 27, 3.06%, 0, 0, 8, 9.47
1701406464, 1, 394, 564, 494, 27, 3.06%, 0, 0, 8, 8.82
1701406510, 1, 404, 564, 493, 27, 3.06%, 0, 0, 8, 8.45
1701406520, 1, 404, 565, 494, 27, 3.06%, 0, 0, 8, 8.92
1701407044, 1, 404, 566, 495, 27, 3.06%, 0, 0, 8, 8.32
1701407111, 1, 417, 566, 494, 27, 3.06%, 0, 0, 8, 7.78
1701407594, 1, 424, 566, 493, 26, 3.06%, 0, 0, 8, 8.81
1701407662, 1, 424, 567, 494, 26, 3.06%, 0, 0, 8, 7.34
1701407677, 1, 424, 568, 495, 26, 3.06%, 0, 0, 8, 6.59
1701407733, 1, 424, 569, 496, 26, 3.07%, 0, 0, 8, 7.06
1701408173, 1, 424, 570, 497, 26, 3.07%, 0, 0, 8, 7.53
1701408179, 1, 424, 571, 498, 26, 3.07%, 0, 0, 8, 6.61
1701408189, 1, 424, 572, 499, 26, 3.07%, 0, 0, 8, 6.11
1701408200, 1, 424, 573, 500, 26, 3.07%, 0, 0, 8, 5.86
1701408210, 1, 424, 574, 501, 26, 3.07%, 0, 0, 8, 6.79
1701408220, 1, 424, 575, 502, 26, 3.07%, 0, 0, 8, 7.87
1701408225, 1, 424, 576, 503, 26, 3.07%, 0, 0, 8, 7.23
1701409452, 1, 424, 577, 504, 26, 3.07%, 0, 0, 8, 7.37
1701409664, 1, 424, 578, 505, 26, 3.07%, 0, 0, 8, 7.27
1701409914, 1, 424, 579, 506, 26, 3.07%, 0, 0, 8, 6.75
1701409940, 1, 424, 580, 507, 26, 3.07%, 0, 0, 8, 7.81
1701409945, 1, 424, 581, 508, 26, 3.07%, 0, 0, 8, 8.93
1701409971, 1, 424, 582, 509, 26, 3.07%, 0, 0, 8, 9.10
1701409981, 1, 424, 583, 510, 26, 3.07%, 0, 0, 8, 8.96
1701409986, 1, 424, 584, 511, 26, 3.07%, 0, 0, 8, 9.19
1701410145, 1, 424, 585, 512, 26, 3.07%, 0, 0, 8, 9.20
1701410288, 1, 425, 585, 511, 27, 3.07%, 0, 0, 8, 8.44
1701410319, 1, 425, 586, 512, 27, 3.07%, 0, 0, 8, 8.72
1701411663, 1, 425, 587, 513, 27, 3.07%, 0, 0, 8, 6.88
1701412597, 1, 425, 588, 514, 27, 3.07%, 0, 0, 8, 8.42
1701412638, 1, 425, 589, 515, 27, 3.07%, 0, 0, 8, 8.37
1701412643, 1, 425, 590, 516, 27, 3.07%, 0, 0, 8, 8.91
1701412705, 1, 425, 591, 517, 27, 3.07%, 0, 0, 8, 8.48
1701412731, 1, 425, 592, 518, 27, 3.07%, 0, 0, 8, 8.84
1701412818, 1, 425, 593, 519, 27, 3.07%, 0, 0, 8, 8.03
1701412884, 1, 425, 594, 520, 27, 3.07%, 0, 0, 8, 7.26
1701412971, 1, 425, 595, 521, 27, 3.07%, 0, 0, 8, 7.56
1701412994, 1, 446, 595, 520, 26, 3.07%, 0, 0, 8, 0.36
1701413103, 1, 446, 596, 521, 26, 3.07%, 0, 0, 8, 6.36
1701413990, 1, 446, 597, 522, 26, 3.07%, 0, 0, 8, 6.57
1701414000, 1, 446, 598, 523, 26, 3.07%, 0, 0, 8, 8.44
1701415539, 1, 446, 599, 524, 26, 3.08%, 0, 0, 8, 9.13
1701415570, 1, 446, 600, 525, 26, 3.08%, 0, 0, 8, 8.80
1701415708, 1, 448, 600, 524, 28, 3.08%, 0, 0, 8, 7.23
1701418273, 1, 450, 600, 523, 28, 3.08%, 0, 0, 8, 6.25
1701418613, 1, 450, 601, 524, 28, 3.08%, 0, 0, 8, 6.58
1701418917, 1, 450, 602, 525, 28, 3.08%, 0, 0, 8, 8.03
1701419050, 1, 450, 603, 526, 28, 3.09%, 0, 0, 8, 7.51
1701421300, 1, 457, 603, 525, 28, 3.09%, 0, 0, 8, 8.50
1701423673, 1, 460, 603, 524, 27, 3.09%, 0, 0, 8, 8.36
1701426075, 1, 461, 603, 523, 26, 3.09%, 0, 0, 8, 8.59
1701428557, 1, 461, 604, 524, 26, 3.09%, 0, 0, 8, 7.39
1701428639, 1, 464, 604, 523, 25, 3.09%, 0, 0, 8, 7.81
1701429148, 1, 464, 605, 524, 25, 3.09%, 0, 0, 8, 7.52
1701430542, 1, 477, 605, 523, 24, 3.09%, 0, 0, 8, 7.43
1701431225, 1, 477, 606, 524, 24, 3.09%, 0, 0, 8, 7.09
1701433030, 1, 481, 606, 523, 24, 3.09%, 0, 0, 8, 9.05
1701434450, 1, 487, 606, 522, 23, 3.09%, 0, 0, 8, 7.43
1701436561, 1, 494, 606, 521, 22, 3.09%, 0, 0, 8, 7.68
1701437510, 1, 494, 607, 522, 22, 3.09%, 0, 0, 8, 7.80
1701437577, 1, 500, 607, 521, 21, 3.09%, 0, 0, 8, 9.12
1701438836, 1, 506, 607, 520, 20, 3.09%, 0, 0, 8, 8.49
1701439970, 1, 519, 607, 519, 19, 3.09%, 0, 0, 8, 8.99
1701441767, 1, 521, 607, 518, 18, 3.09%, 0, 0, 8, 7.53
1701444103, 1, 521, 608, 519, 18, 3.09%, 0, 0, 8, 6.89
1701444190, 1, 521, 609, 520, 18, 3.09%, 0, 0, 8, 8.33
1701444200, 1, 521, 610, 521, 18, 3.09%, 0, 0, 8, 8.35
1701444272, 1, 521, 611, 522, 18, 3.09%, 0, 0, 8, 8.66
1701444359, 1, 521, 612, 523, 18, 3.09%, 0, 0, 8, 8.64
1701444406, 1, 521, 613, 524, 18, 3.09%, 0, 0, 8, 7.67
1701444529, 1, 523, 613, 523, 16, 3.09%, 0, 0, 8, 8.32
1701444590, 1, 523, 614, 524, 16, 3.09%, 0, 0, 8, 6.72
1701445100, 1, 523, 615, 525, 16, 3.10%, 0, 0, 8, 6.76
1701446339, 1, 534, 615, 524, 16, 3.10%, 0, 0, 8, 0.80
1701446370, 1, 534, 616, 525, 16, 3.10%, 0, 0, 8, 7.90
1701447334, 1, 544, 616, 524, 15, 3.10%, 0, 0, 8, 7.87
1701447421, 1, 544, 617, 525, 15, 3.10%, 0, 0, 8, 7.03
1701447426, 1, 544, 618, 526, 15, 3.10%, 0, 0, 8, 6.83
1701447790, 1, 544, 619, 527, 15, 3.10%, 0, 0, 8, 6.78
1701448416, 1, 544, 620, 528, 15, 3.10%, 0, 0, 8, 7.95
1701448503, 1, 544, 621, 529, 15, 3.10%, 0, 0, 8, 8.20
1701448591, 1, 564, 621, 528, 14, 3.10%, 0, 0, 8, 1.04
1701448710, 1, 564, 622, 529, 14, 3.11%, 0, 0, 8, 7.14
1701449111, 1, 577, 622, 528, 14, 3.11%, 0, 0, 8, 1.14
1701451481, 1, 577, 624, 530, 14, 3.11%, 0, 0, 8, 6.07
1701451657, 1, 595, 624, 529, 13, 3.11%, 0, 0, 8, 0.90
1701451764, 1, 595, 625, 530, 13, 3.11%, 0, 0, 8, 8.35
1701451950, 1, 595, 626, 531, 13, 3.11%, 0, 0, 8, 7.31
1701454232, 1, 595, 627, 532, 13, 3.11%, 0, 0, 8, 7.93
1701454304, 1, 596, 627, 531, 14, 3.11%, 0, 0, 8, 8.30
1701455244, 1, 596, 628, 532, 14, 3.11%, 0, 0, 8, 7.72
1701456817, 1, 597, 628, 531, 14, 3.11%, 0, 0, 8, 7.43
1701459323, 1, 597, 629, 532, 14, 3.11%, 0, 0, 8, 6.99
1701459379, 1, 597, 630, 533, 14, 3.11%, 0, 0, 8, 9.15
1701459384, 1, 597, 631, 534, 14, 3.11%, 0, 0, 8, 8.85
1701459688, 1, 600, 631, 533, 13, 3.11%, 0, 0, 8, 7.64
1701460012, 1, 600, 632, 534, 13, 3.11%, 0, 0, 8, 8.22
1701462088, 1, 602, 632, 533, 12, 3.11%, 0, 0, 8, 7.41
1701462139, 1, 602, 634, 535, 12, 3.12%, 0, 0, 8, 5.62
1701462299, 1, 602, 635, 536, 12, 3.12%, 0, 0, 8, 8.51
1701463063, 1, 602, 636, 537, 12, 3.12%, 0, 0, 8, 6.96
1701464531, 1, 602, 637, 538, 12, 3.12%, 0, 0, 8, 6.80
1701464577, 1, 602, 638, 539, 12, 3.12%, 0, 0, 8, 7.07
1701464582, 1, 602, 639, 540, 12, 3.12%, 0, 0, 8, 7.36
1701464629, 1, 602, 640, 541, 12, 3.12%, 0, 0, 8, 8.25
1701464655, 1, 602, 641, 542, 12, 3.12%, 0, 0, 8, 7.05
1701464690, 1, 602, 642, 543, 12, 3.12%, 0, 0, 8, 7.39
1701464757, 1, 602, 643, 544, 12, 3.12%, 0, 0, 8, 7.41
1701464948, 1, 602, 644, 545, 12, 3.12%, 0, 0, 8, 6.61
1701464963, 1, 604, 644, 544, 17, 3.12%, 0, 0, 8, 7.01
1701464978, 1, 604, 645, 545, 17, 3.12%, 0, 0, 8, 6.18
1701466709, 1, 605, 645, 544, 16, 3.12%, 0, 0, 8, 9.52
1701469265, 1, 611, 645, 543, 15, 3.12%, 0, 0, 8, 1.13
