# unix_time, cycles_done, cur_path, paths_total, pending_total, pending_favs, map_size, unique_crashes, unique_hangs, max_depth, execs_per_sec
1700597290, 0, 0, 1, 1, 1, 1.39%, 0, 0, 1, 5.06
1700597295, 0, 0, 7, 7, 1, 1.50%, 0, 0, 2, 7.99
1700597300, 0, 0, 11, 11, 1, 1.53%, 0, 0, 2, 8.32
1700597305, 0, 0, 16, 16, 1, 1.73%, 0, 0, 2, 8.35
1700597310, 0, 0, 20, 20, 1, 1.74%, 0, 0, 2, 7.77
1700597315, 0, 0, 24, 24, 1, 1.85%, 0, 0, 2, 8.16
1700597321, 0, 0, 28, 28, 1, 1.88%, 0, 0, 2, 8.38
1700597326, 0, 0, 31, 31, 1, 1.89%, 0, 0, 2, 6.91
1700597331, 0, 0, 32, 32, 1, 1.89%, 0, 0, 2, 5.82
1700597336, 0, 0, 33, 33, 1, 2.02%, 0, 0, 2, 4.98
1700597341, 0, 0, 35, 35, 1, 2.09%, 0, 0, 2, 5.49
1700597346, 0, 0, 36, 36, 1, 2.09%, 0, 0, 2, 5.45
1700597357, 0, 0, 37, 37, 1, 2.10%, 0, 0, 2, 4.24
1700597362, 0, 0, 38, 38, 1, 2.10%, 0, 0, 2, 4.48
1700597367, 0, 0, 39, 39, 1, 2.17%, 0, 0, 2, 4.81
1700597377, 0, 0, 40, 40, 1, 2.17%, 0, 0, 2, 4.89
1700597382, 0, 0, 41, 41, 1, 2.19%, 0, 0, 2, 5.06
1700597393, 0, 0, 43, 43, 1, 2.19%, 0, 0, 2, 4.94
1700597403, 0, 0, 44, 44, 1, 2.19%, 0, 0, 2, 5.52
1700597408, 0, 0, 46, 46, 1, 2.19%, 0, 0, 2, 7.07
1700597413, 0, 0, 47, 47, 1, 2.19%, 0, 0, 2, 5.55
1700597418, 0, 0, 49, 49, 1, 2.20%, 0, 0, 2, 5.54
1700597449, 0, 0, 50, 50, 1, 2.20%, 0, 0, 2, 4.58
1700597454, 0, 0, 51, 51, 1, 2.20%, 0, 0, 2, 4.86
1700597490, 0, 0, 52, 52, 1, 2.20%, 0, 0, 2, 4.84
1700597547, 0, 0, 53, 53, 1, 2.20%, 0, 0, 2, 7.00
1700597552, 0, 0, 56, 56, 1, 2.20%, 0, 0, 2, 5.16
1700597557, 0, 0, 58, 58, 1, 2.20%, 0, 0, 2, 4.78
1700597562, 0, 0, 61, 61, 1, 2.20%, 0, 0, 2, 4.52
1700597567, 0, 0, 63, 63, 1, 2.20%, 0, 0, 2, 4.57
1700597572, 0, 0, 66, 66, 1, 2.20%, 0, 0, 2, 4.63
1700597577, 0, 0, 69, 69, 1, 2.20%, 0, 0, 2, 4.72
1700597582, 0, 0, 71, 71, 1, 2.20%, 0, 0, 2, 4.73
1700597587, 0, 0, 74, 74, 1, 2.20%, 0, 0, 2, 4.72
1700597592, 0, 0, 77, 77, 1, 2.20%, 0, 0, 2, 4.69
1700597598, 0, 0, 79, 79, 1, 2.20%, 0, 0, 2, 4.72
1700597603, 0, 0, 82, 82, 1, 2.20%, 0, 0, 2, 4.76
1700597608, 0, 0, 85, 85, 1, 2.20%, 0, 0, 2, 4.76
1700597613, 0, 0, 88, 88, 1, 2.20%, 0, 0, 2, 4.74
1700597618, 0, 0, 90, 90, 1, 2.20%, 0, 0, 2, 4.65
1700597624, 0, 0, 93, 93, 1, 2.20%, 0, 0, 2, 4.61
1700597629, 0, 0, 96, 96, 1, 2.20%, 0, 0, 2, 4.76
1700597634, 0, 0, 98, 98, 1, 2.20%, 0, 0, 2, 4.57
1700597639, 0, 0, 100, 100, 1, 2.20%, 0, 0, 2, 4.57
1700597644, 0, 0, 103, 103, 1, 2.20%, 0, 0, 2, 4.62
1700597649, 0, 0, 106, 106, 1, 2.20%, 0, 0, 2, 4.64
1700597654, 0, 0, 109, 109, 1, 2.20%, 0, 0, 2, 5.19
1700597659, 0, 0, 112, 112, 1, 2.20%, 0, 0, 2, 5.38
1700597665, 0, 0, 114, 114, 1, 2.20%, 0, 0, 2, 5.07
1700597670, 0, 0, 117, 117, 1, 2.20%, 0, 0, 2, 4.89
1700597675, 0, 0, 120, 120, 1, 2.20%, 0, 0, 2, 4.91
1700597680, 0, 0, 122, 122, 1, 2.20%, 0, 0, 2, 4.86
1700597685, 0, 0, 125, 125, 1, 2.20%, 0, 0, 2, 4.88
1700597690, 0, 0, 127, 127, 1, 2.20%, 0, 0, 2, 4.97
1700597695, 0, 0, 130, 130, 1, 2.20%, 0, 0, 2, 4.81
1700597701, 0, 0, 132, 132, 1, 2.20%, 0, 0, 2, 4.84
1700597706, 0, 0, 134, 134, 1, 2.20%, 0, 0, 2, 4.91
1700597711, 0, 0, 137, 137, 1, 2.20%, 0, 0, 2, 5.04
1700597716, 0, 0, 139, 139, 1, 2.20%, 0, 0, 2, 5.10
1700597721, 0, 0, 142, 142, 1, 2.20%, 0, 0, 2, 5.12
1700597726, 0, 0, 145, 145, 1, 2.20%, 0, 0, 2, 5.15
1700597731, 0, 0, 148, 148, 1, 2.20%, 0, 0, 2, 5.04
1700597736, 0, 0, 150, 150, 1, 2.20%, 0, 0, 2, 4.94
1700597742, 0, 0, 153, 153, 1, 2.20%, 0, 0, 2, 4.99
1700597747, 0, 0, 155, 155, 1, 2.20%, 0, 0, 2, 5.12
1700597752, 0, 0, 158, 158, 1, 2.20%, 0, 0, 2, 5.10
1700597757, 0, 0, 160, 160, 1, 2.20%, 0, 0, 2, 4.98
1700597762, 0, 0, 162, 162, 1, 2.20%, 0, 0, 2, 4.78
1700597772, 0, 0, 164, 164, 1, 2.20%, 0, 0, 2, 4.86
1700597777, 0, 0, 167, 167, 1, 2.20%, 0, 0, 2, 4.91
1700597782, 0, 0, 169, 169, 1, 2.20%, 0, 0, 2, 4.94
1700597787, 0, 0, 171, 171, 1, 2.20%, 0, 0, 2, 5.03
1700597793, 0, 0, 174, 174, 1, 2.20%, 0, 0, 2, 5.14
1700597798, 0, 0, 175, 175, 1, 2.20%, 0, 0, 2, 5.15
1700597803, 0, 0, 176, 176, 1, 2.20%, 0, 0, 2, 5.16
1700597808, 0, 0, 177, 177, 1, 2.20%, 0, 0, 2, 5.17
1700597860, 0, 0, 180, 180, 1, 2.20%, 0, 0, 2, 6.11
1700597865, 0, 0, 182, 182, 1, 2.20%, 0, 0, 2, 5.46
1700597870, 0, 0, 185, 185, 1, 2.20%, 0, 0, 2, 5.14
1700597875, 0, 0, 187, 187, 1, 2.20%, 0, 0, 2, 4.87
1700597880, 0, 0, 189, 189, 1, 2.20%, 0, 0, 2, 4.95
1700597885, 0, 0, 191, 191, 1, 2.20%, 0, 0, 2, 4.91
1700597891, 0, 0, 192, 192, 1, 2.20%, 0, 0, 2, 5.04
1700597984, 0, 0, 193, 193, 1, 2.20%, 0, 0, 2, 9.19
1700597994, 0, 0, 194, 194, 1, 2.20%, 0, 0, 2, 10.80
1700597999, 0, 0, 195, 195, 1, 2.20%, 0, 0, 2, 9.88
1700598014, 0, 0, 196, 196, 1, 2.20%, 0, 0, 2, 9.77
1700598020, 0, 0, 198, 198, 1, 2.21%, 0, 0, 2, 8.11
1700598035, 0, 0, 199, 199, 1, 2.21%, 0, 0, 2, 9.82
1700598040, 0, 0, 201, 201, 1, 2.21%, 0, 0, 2, 6.94
1700598045, 0, 0, 203, 203, 1, 2.21%, 0, 0, 2, 5.99
1700598050, 0, 0, 204, 204, 1, 2.21%, 0, 0, 2, 6.31
1700598056, 0, 0, 206, 206, 1, 2.21%, 0, 0, 2, 5.46
1700598061, 0, 0, 209, 209, 1, 2.21%, 0, 0, 2, 5.04
1700598066, 0, 0, 212, 212, 1, 2.21%, 0, 0, 2, 4.93
1700598071, 0, 0, 214, 214, 1, 2.21%, 0, 0, 2, 5.22
1700598076, 0, 0, 216, 216, 1, 2.21%, 0, 0, 2, 5.25
1700598081, 0, 0, 219, 219, 1, 2.21%, 0, 0, 2, 5.17
1700598087, 0, 0, 221, 221, 1, 2.21%, 0, 0, 2, 5.21
1700598092, 0, 0, 223, 223, 1, 2.21%, 0, 0, 2, 5.24
1700598097, 0, 0, 225, 225, 1, 2.21%, 0, 0, 2, 4.91
1700598118, 0, 0, 227, 227, 1, 2.21%, 0, 0, 2, 8.82
1700598123, 0, 0, 230, 230, 1, 2.21%, 0, 0, 2, 6.73
1700598128, 0, 0, 232, 232, 1, 2.21%, 0, 0, 2, 7.49
1700598144, 0, 0, 233, 233, 1, 2.21%, 0, 0, 2, 9.58
1700598149, 0, 0, 235, 235, 1, 2.21%, 0, 0, 2, 7.44
1700598154, 0, 0, 237, 237, 1, 2.21%, 0, 0, 2, 5.96
1700598170, 0, 0, 239, 239, 1, 2.21%, 0, 0, 2, 7.72
1700598175, 0, 0, 241, 241, 1, 2.21%, 0, 0, 2, 5.92
1700598180, 0, 0, 243, 243, 1, 2.21%, 0, 0, 2, 5.26
1700598191, 0, 0, 245, 245, 1, 2.21%, 0, 0, 2, 5.51
1700598196, 0, 0, 246, 246, 1, 2.21%, 0, 0, 2, 4.85
1700598201, 0, 0, 248, 248, 1, 2.21%, 0, 0, 2, 5.03
1700598206, 0, 0, 249, 249, 1, 2.21%, 0, 0, 2, 4.95
1700598211, 0, 0, 251, 251, 1, 2.21%, 0, 0, 2, 5.15
1700598216, 0, 0, 253, 253, 1, 2.21%, 0, 0, 2, 5.49
1700598222, 0, 0, 255, 255, 1, 2.21%, 0, 0, 2, 5.42
1700598227, 0, 0, 257, 257, 1, 2.21%, 0, 0, 2, 5.15
1700598237, 0, 0, 259, 259, 1, 2.21%, 0, 0, 2, 6.54
1700598242, 0, 0, 260, 260, 1, 2.21%, 0, 0, 2, 5.72
1700598247, 0, 0, 261, 261, 1, 2.21%, 0, 0, 2, 5.82
1700598253, 0, 0, 262, 262, 1, 2.21%, 0, 0, 2, 5.17
1700598258, 0, 0, 264, 264, 1, 2.21%, 0, 0, 2, 5.47
1700598263, 0, 0, 265, 265, 1, 2.21%, 0, 0, 2, 5.63
1700598268, 0, 0, 267, 267, 1, 2.21%, 0, 0, 2, 5.26
1700598278, 0, 0, 268, 268, 1, 2.21%, 0, 0, 2, 6.12
1700598283, 0, 0, 270, 270, 1, 2.21%, 0, 0, 2, 5.67
1700598289, 0, 0, 271, 271, 1, 2.21%, 0, 0, 2, 5.85
1700598304, 0, 0, 272, 272, 1, 2.21%, 0, 0, 2, 7.24
1700598314, 0, 0, 273, 273, 1, 2.21%, 0, 0, 2, 5.07
1700598320, 0, 0, 274, 274, 1, 2.21%, 0, 0, 2, 5.26
1700598325, 0, 0, 275, 275, 1, 2.21%, 0, 0, 2, 5.03
1700598330, 0, 0, 276, 276, 1, 2.21%, 0, 0, 2, 4.94
1700598345, 0, 0, 277, 277, 1, 2.21%, 0, 0, 2, 5.68
1700598366, 0, 0, 278, 278, 1, 2.21%, 0, 0, 2, 5.67
1700598371, 0, 0, 279, 279, 1, 2.21%, 0, 0, 2, 5.24
1700598428, 0, 0, 280, 280, 1, 2.21%, 0, 0, 2, 5.33
1700598458, 0, 0, 281, 281, 1, 2.21%, 0, 0, 2, 5.51
1700598469, 0, 0, 282, 282, 1, 2.21%, 0, 0, 2, 5.22
1700598516, 0, 0, 283, 283, 1, 2.21%, 0, 0, 2, 8.60
1700598521, 0, 0, 284, 284, 1, 2.21%, 0, 0, 2, 6.10
1700598526, 0, 0, 285, 285, 1, 2.21%, 0, 0, 2, 5.50
1700598631, 0, 0, 286, 286, 1, 2.21%, 0, 0, 2, 9.99
1700598652, 0, 0, 287, 287, 1, 2.21%, 0, 0, 2, 10.56
1700598672, 0, 0, 288, 288, 1, 2.21%, 0, 0, 2, 8.49
1700598682, 0, 0, 290, 290, 1, 2.21%, 0, 0, 2, 6.55
1700598688, 0, 0, 291, 291, 1, 2.21%, 0, 0, 2, 5.71
1700598713, 0, 0, 293, 293, 1, 2.21%, 0, 0, 2, 8.59
1700598749, 0, 0, 294, 294, 1, 2.21%, 0, 0, 2, 6.94
1700598780, 0, 0, 296, 296, 1, 2.21%, 0, 0, 2, 6.34
1700598785, 0, 0, 297, 297, 1, 2.21%, 0, 0, 2, 6.04
1700599116, 0, 0, 298, 298, 1, 2.22%, 0, 0, 2, 8.49
1700599218, 0, 0, 299, 299, 1, 2.22%, 0, 0, 2, 9.33
1700599254, 0, 0, 301, 301, 1, 2.22%, 0, 0, 2, 5.95
1700599435, 0, 0, 302, 302, 1, 2.22%, 0, 0, 2, 8.16
1700599476, 0, 0, 303, 303, 1, 2.22%, 0, 0, 2, 8.42
1700599491, 0, 0, 304, 304, 1, 2.22%, 0, 0, 2, 11.35
1700600132, 0, 0, 305, 305, 1, 2.22%, 0, 0, 2, 6.52
1700600291, 0, 0, 306, 306, 1, 2.22%, 0, 0, 2, 9.41
1700600317, 0, 0, 309, 309, 1, 2.23%, 0, 0, 2, 8.16
1700600322, 0, 0, 311, 311, 1, 2.23%, 0, 0, 2, 6.82
1700600327, 0, 0, 313, 313, 1, 2.23%, 0, 0, 2, 7.34
1700600333, 0, 0, 315, 315, 1, 2.23%, 0, 0, 2, 9.57
1700600338, 0, 0, 316, 316, 1, 2.24%, 0, 0, 2, 9.35
1700600348, 0, 0, 318, 318, 1, 2.24%, 0, 0, 2, 11.19
1700600486, 0, 0, 319, 319, 1, 2.24%, 0, 0, 2, 11.60
1700600502, 0, 0, 320, 320, 1, 2.24%, 0, 0, 2, 11.58
1700600650, 0, 0, 321, 321, 1, 2.24%, 0, 0, 2, 9.70
1700600824, 0, 0, 322, 322, 1, 2.24%, 0, 0, 2, 9.55
1700600834, 0, 0, 323, 323, 1, 2.24%, 0, 0, 2, 9.37
1700601154, 0, 0, 324, 324, 1, 2.24%, 0, 0, 2, 5.28
1700601257, 0, 0, 326, 326, 1, 2.24%, 0, 0, 2, 7.14
1700601262, 0, 0, 327, 327, 1, 2.24%, 0, 0, 2, 5.84
1700601272, 0, 0, 328, 328, 1, 2.24%, 0, 0, 2, 7.01
1700603722, 0, 0, 330, 330, 1, 2.24%, 0, 0, 2, 9.94
1700603779, 0, 0, 331, 331, 1, 2.24%, 0, 0, 2, 6.75
1700603923, 0, 0, 332, 332, 1, 2.24%, 0, 0, 2, 7.21
1700603943, 0, 0, 333, 333, 1, 2.26%, 0, 0, 2, 10.32
1700604541, 0, 0, 334, 334, 1, 2.26%, 0, 0, 2, 8.27
1700604551, 0, 0, 335, 335, 1, 2.26%, 0, 0, 2, 7.63
1700604808, 0, 0, 336, 336, 1, 2.26%, 0, 0, 2, 11.04
1700606082, 0, 0, 337, 337, 1, 2.26%, 0, 0, 2, 8.44
1700606206, 0, 0, 339, 339, 1, 2.27%, 0, 0, 2, 12.96
1700606268, 0, 0, 340, 340, 1, 2.27%, 0, 0, 2, 5.86
1700606402, 0, 0, 342, 342, 1, 2.27%, 0, 0, 2, 9.19
1700606408, 0, 0, 343, 343, 1, 2.27%, 0, 0, 2, 6.94
1700606474, 0, 0, 344, 344, 1, 2.27%, 0, 0, 2, 13.37
1700606874, 0, 2, 344, 343, 34, 2.27%, 0, 0, 2, 0.25
1700606879, 0, 2, 345, 344, 34, 2.28%, 0, 0, 3, 13.03
1700606915, 0, 2, 346, 345, 34, 2.28%, 0, 0, 3, 13.63
1700606920, 0, 2, 347, 346, 34, 2.28%, 0, 0, 3, 13.45
1700606925, 0, 2, 350, 349, 34, 2.36%, 0, 0, 3, 13.31
1700606930, 0, 2, 352, 351, 34, 2.37%, 0, 0, 3, 13.47
1700606956, 0, 2, 353, 352, 34, 2.37%, 0, 0, 3, 13.24
1700606966, 0, 2, 355, 354, 34, 2.38%, 0, 0, 3, 13.02
1700606981, 0, 2, 356, 355, 34, 2.38%, 0, 0, 3, 13.09
1700606986, 0, 2, 357, 356, 34, 2.41%, 0, 0, 3, 13.37
1700607002, 0, 2, 358, 357, 34, 2.42%, 0, 0, 3, 12.89
1700607007, 0, 2, 359, 358, 34, 2.42%, 0, 0, 3, 13.38
1700607017, 0, 2, 360, 359, 34, 2.42%, 0, 0, 3, 13.59
1700607022, 0, 2, 361, 360, 34, 2.42%, 0, 0, 3, 13.16
1700607038, 0, 2, 362, 361, 34, 2.43%, 0, 0, 3, 13.21
1700607058, 0, 2, 363, 362, 34, 2.44%, 0, 0, 3, 13.24
1700607063, 0, 2, 364, 363, 34, 2.46%, 0, 0, 3, 13.55
1700607073, 0, 2, 365, 364, 34, 2.46%, 0, 0, 3, 13.33
1700607078, 0, 2, 366, 365, 34, 2.46%, 0, 0, 3, 13.01
1700607083, 0, 2, 367, 366, 34, 2.46%, 0, 0, 3, 12.88
1700607114, 0, 3, 367, 365, 47, 2.46%, 0, 0, 3, 12.50
1700607165, 0, 9, 367, 364, 46, 2.46%, 0, 0, 3, 5.21
1700607212, 0, 10, 367, 363, 45, 2.46%, 0, 0, 3, 12.49
1700607258, 0, 13, 367, 362, 44, 2.46%, 0, 0, 3, 12.73
1700607365, 0, 20, 367, 361, 43, 2.46%, 0, 0, 3, 12.91
1700607396, 0, 20, 369, 363, 43, 2.46%, 0, 0, 3, 11.74
1700607401, 0, 20, 370, 364, 43, 2.46%, 0, 0, 3, 10.12
1700607406, 0, 20, 371, 365, 43, 2.46%, 0, 0, 3, 9.87
1700607458, 0, 20, 373, 367, 43, 2.46%, 0, 0, 3, 11.67
1700607463, 0, 20, 374, 368, 43, 2.46%, 0, 0, 3, 10.22
1700607540, 0, 20, 375, 369, 43, 2.46%, 0, 0, 3, 12.92
1700607550, 0, 20, 376, 370, 43, 2.46%, 0, 0, 3, 12.76
1700607612, 0, 20, 377, 371, 43, 2.46%, 0, 0, 3, 10.36
1700607822, 0, 20, 379, 373, 43, 2.46%, 0, 0, 3, 12.07
1700607919, 0, 20, 380, 374, 43, 2.46%, 0, 0, 3, 10.86
1700607929, 0, 20, 381, 375, 43, 2.46%, 0, 0, 3, 11.15
1700607965, 0, 20, 382, 376, 43, 2.46%, 0, 0, 3, 10.56
1700608114, 0, 20, 384, 378, 43, 2.47%, 0, 0, 3, 12.13
1700608242, 0, 20, 385, 379, 43, 2.47%, 0, 0, 3, 11.65
1700608370, 0, 20, 386, 380, 43, 2.47%, 0, 0, 3, 11.63
1700608853, 0, 20, 389, 383, 43, 2.51%, 0, 0, 3, 11.34
1700608858, 0, 20, 393, 387, 43, 2.51%, 0, 0, 3, 9.38
1700608863, 0, 20, 397, 391, 43, 2.51%, 0, 0, 3, 8.21
1700608869, 0, 20, 399, 393, 43, 2.51%, 0, 0, 3, 6.10
1700608874, 0, 20, 400, 394, 43, 2.51%, 0, 0, 3, 5.56
1700609456, 0, 20, 401, 395, 43, 2.51%, 0, 0, 3, 12.76
1700609851, 0, 20, 402, 396, 43, 2.51%, 0, 0, 3, 10.53
1700612211, 0, 20, 403, 397, 43, 2.51%, 0, 0, 3, 11.27
1700613296, 0, 20, 404, 398, 43, 2.51%, 0, 0, 3, 13.26
1700613684, 0, 21, 404, 397, 46, 2.51%, 0, 0, 3, 13.46
1700613725, 0, 23, 404, 396, 45, 2.51%, 0, 0, 3, 2.67
1700613773, 0, 30, 404, 395, 43, 2.51%, 0, 0, 3, 1.40
1700613823, 0, 31, 404, 394, 42, 2.51%, 0, 0, 3, 13.46
1700613936, 0, 32, 404, 393, 41, 2.51%, 0, 0, 3, 12.22
1700614332, 0, 32, 405, 394, 41, 2.51%, 0, 0, 3, 13.13
1700615228, 0, 32, 406, 395, 41, 2.51%, 0, 0, 3, 12.95
1700615233, 0, 32, 410, 399, 41, 2.51%, 0, 0, 3, 12.34
1700619654, 0, 33, 410, 398, 41, 2.51%, 0, 0, 3, 12.85
1700619701, 0, 34, 410, 397, 40, 2.51%, 0, 0, 3, 11.90
1700619731, 0, 34, 411, 398, 40, 2.51%, 0, 0, 3, 12.36
1700619736, 0, 34, 416, 403, 40, 2.51%, 0, 0, 3, 11.80
1700619742, 0, 34, 419, 406, 40, 2.51%, 0, 0, 3, 11.75
1700619788, 0, 34, 421, 408, 40, 2.51%, 0, 0, 3, 12.16
1700619860, 0, 34, 422, 409, 40, 2.51%, 0, 0, 3, 12.80
1700619875, 0, 34, 424, 411, 40, 2.51%, 0, 0, 3, 12.86
1700619880, 0, 34, 425, 412, 40, 2.51%, 0, 0, 3, 12.34
1700619942, 0, 34, 426, 413, 40, 2.51%, 0, 0, 3, 12.08
1700619978, 0, 34, 427, 414, 40, 2.51%, 0, 0, 3, 12.19
1700620111, 0, 34, 428, 415, 40, 2.51%, 0, 0, 3, 13.53
1700620224, 0, 34, 429, 416, 40, 2.51%, 0, 0, 3, 12.71
1700620326, 0, 34, 430, 417, 40, 2.51%, 0, 0, 3, 12.03
1700620398, 0, 34, 431, 418, 40, 2.51%, 0, 0, 3, 13.56
1700620464, 0, 34, 432, 419, 40, 2.51%, 0, 0, 3, 12.96
1700620725, 0, 34, 433, 420, 40, 2.51%, 0, 0, 3, 12.15
1700621319, 0, 34, 434, 421, 40, 2.51%, 0, 0, 3, 12.34
1700625610, 0, 35, 434, 420, 40, 2.51%, 0, 0, 3, 12.44
1700625713, 0, 36, 434, 419, 39, 2.51%, 0, 0, 3, 13.89
1700625759, 0, 37, 434, 418, 38, 2.51%, 0, 0, 3, 13.18
1700625866, 0, 38, 434, 417, 37, 2.51%, 0, 0, 3, 12.32
1700625897, 0, 38, 437, 420, 37, 2.56%, 0, 0, 3, 12.81
1700625907, 0, 38, 438, 421, 37, 2.56%, 0, 0, 3, 12.77
1700625948, 0, 38, 440, 423, 37, 2.56%, 0, 0, 3, 13.19
1700625994, 0, 38, 441, 424, 37, 2.56%, 0, 0, 3, 13.83
1700625999, 0, 38, 442, 425, 37, 2.56%, 0, 0, 3, 13.60
1700626014, 0, 38, 443, 426, 37, 2.56%, 0, 0, 3, 13.31
1700626034, 0, 38, 445, 428, 37, 2.56%, 0, 0, 3, 12.54
1700626055, 0, 38, 446, 429, 37, 2.56%, 0, 0, 3, 13.43
1700626086, 0, 38, 448, 431, 37, 2.56%, 0, 0, 3, 14.40
1700626132, 0, 38, 449, 432, 37, 2.56%, 0, 0, 3, 13.65
1700626245, 0, 38, 450, 433, 37, 2.56%, 0, 0, 3, 12.86
1700626337, 0, 38, 451, 434, 37, 2.56%, 0, 0, 3, 12.95
1700626348, 0, 38, 452, 435, 37, 2.56%, 0, 0, 3, 12.60
1700626368, 0, 38, 453, 436, 37, 2.56%, 0, 0, 3, 12.46
1700626507, 0, 38, 454, 437, 37, 2.57%, 0, 0, 3, 13.13
1700626620, 0, 38, 456, 439, 37, 2.57%, 0, 0, 3, 13.35
1700627074, 0, 38, 457, 440, 37, 2.57%, 0, 0, 3, 13.60
1700627095, 0, 38, 462, 445, 37, 2.57%, 0, 0, 3, 14.31
1700627100, 0, 38, 468, 451, 37, 2.57%, 0, 0, 3, 12.75
1700627105, 0, 38, 475, 458, 37, 2.57%, 0, 0, 3, 13.23
1700627110, 0, 38, 476, 459, 37, 2.57%, 0, 0, 3, 13.24
1700631471, 0, 40, 476, 458, 38, 2.57%, 0, 0, 3, 18.33
1700631506, 0, 42, 476, 457, 37, 2.57%, 0, 0, 3, 19.02
1700631537, 0, 44, 476, 456, 36, 2.57%, 0, 0, 3, 18.40
1700631567, 0, 46, 476, 455, 35, 2.57%, 0, 0, 3, 18.11
1700631602, 0, 49, 476, 454, 34, 2.57%, 0, 0, 3, 18.13
1700631653, 0, 192, 476, 453, 33, 2.57%, 0, 0, 3, 0.04
1700632593, 0, 192, 476, 453, 33, 2.57%, 0, 1, 3, 13.27
